24
25
52
83
86
88
126
137
138
157
158
159
168
188
207
208
209
250
251
255
256
257
278
286
288
350
357
373
374
430
476
480
498
506
507
516
517
580
581
595
596
597
598
600
605
608
609
610
611
612
613
689
700
712
717
720
721
722
740
762
763
772
859
878
897
943
1009
1029
1035
1066
1088
1112
1134
1143
1158
1198
1199
1212
1234
1251
1270
1288
1295
1297
1298
1357
1383
1418
1483
1488
1494
1495
1534
1539
1552
1553
1554
1614
1615
1628
1641
1696
1697
1724
1738
1746
1756
1757
1763
1764
1800
1892
1893
1896
1953
1981
1994
1997
2008
2032
2052
2064
2136
2139
2150
2158
2167
2168
2194
2203
2230
2231
2232
2257
2258
2266
2267
2268
2269
2294
2306
2375
2394
2417
2418
2450
2451
2500
2510
2567
2568
2569
2570
2572
2573
2591
2595
2634
2663
2664
2665
2748
2749
2766
2769
2824
2846
2882
2884
2885
2887
2890
2912
2929
2941
2991
2996
3025
3029
3036
3058
3070
3074
3075
3076
3080
3092
3093
3102
3110
3135
3251
3252
3260
3278
3329
3331
3332
3333
3334
3335
3358
3398
3414
3415
3482
3483
3484
3518
3529
3585
3588
3589
3680
3703
3765
3766
3768
3769
3784
3785
3786
3842
3889
3925
3926
3927
4043
4044
4060
4100
4126
4181
4192
4255
4280
4281
4313
4328
4339
4340
4341
4352
4360
4374
4377
4396
4397
4398
4424
4430
4444
4470
4471
4472
4473
4580
4601
4610
4623
4693
4700
4706
4781
4791
4828
4863
4869
4884
4885
4898
4901
4928
4929
4938
4976
5056
5066
5092
5097
5098
5099
5100
5106
5115
5116
5128
5129
5152
5153
5163
5188
5198
5232
5238
5281
5300
5301
5306
5309
5321
5322
5348
5419
5444
5445
5462
5468
5469
5481
5487
5577
5582
5583
5642
5659
5660
5661
5668
5669
5682
5683
5691
5692
5693
5694
5701
5702
5708
5735
5762
5775
5776
5793
5852
5886
5907
5925
5926
5927
5931
5967
5970
5971
5993
5996
5997
5998
6004
6068
6070
6071
6076
6092
6093
6108
6109
6116
6118
6121
6151
6152
6188
6206
6212
6215
6216
6252
6326
6331
6349
6364
6367
6405
6443
6470
6471
6472
6475
6513
6559
6581
6685
6686
6707
6734
6735
6736
6739
6770
6772
6794
6801
6802
6808
6859
6860
6912
6913
6928
6957
6958
7001
7011
7012
7013
7028
7031
7080
7096
7160
7161
7235
7236
7237
7238
7270
7295
7297
7367
7422
7425
7426
7438
7458
7459
7460
7490
7491
7492
7598
7607
7625
7640
7641
7681
7688
7693
7694
7715
7716
7759
7775
7780
7825
7836
7937
7963
7964
7979
7980
8005
8022
8046
8052
8125
8164
8196
8200
8206
8280
8382
8434
8438
8446
8455
8483
8491
8516
8531
8643
8657
8658
8662
8663
8670
8789
8797
8830
8831
8849
8864
8866
8892
8894
8920
8928
8962
8968
8975
9019
9035
9042
9091
9098
9119
9139
9140
9141
9142
9171
9172
9182
9196
9220
9221
9242
9251
9262
9285
9312
9313
9314
9315
9418
9427
9443
9474
9483
9546
9566
9567
9570
9664
9680
9681
9710
9715
9716
9762
9763
9799
9820
9821
9856
9875
9889
9901
9902
9903
9933
9934
9992
10042
10104
10105
10189
10204
10272
10311
10358
10369
10426
10428
10460
10502
10551
10589
10596
10698
10733
10758
10827
10845
10932
10933
10936
10937
10967
10968
11016
11040
11041
11067
11068
11069
11101
11120
11133
11148
11149
11152
11156
11164
11189
11236
11238
11239
11240
11241
11249
11250
11323
11324
11354
11374
11381
11395
11416
11425
11467
11468
11469
11488
11509
11531
11586
11613
11627
11636
11681
11736
11737
11747
11748
11784
11785
11818
11844
11869
11925
11926
11927
12011
12013
12033
12095
12111
12113
12114
12181
12182
12236
12237
12246
12307
12308
12320
12332
12374
12389
12405
12417
12433
12459
12475
12489
12494
12520
12521
12522
12535
12541
12545
12550
12553
12571
12620
12628
12629
12654
12690
12699
12740
12741
12745
12746
12747
12748
12758
12759
12766
12809
12814
12872
12884
12893
12894
12915
12922
12969
12970
12971
13077
13100
13115
13116
13117
13122
13147
13178
13179
13202
13212
13215
13228
13262
13263
13268
13284
13316
13317
13320
13331
13354
13385
13418
13500
13528
13582
13642
13643
13661
13671
13673
13684
13774
13828
13829
13832
13833
13892
13893
13895
13917
13918
13919
13929
13962
13977
14010
14052
14084
14118
14183
14194
14196
14211
14223
14224
14480
14481
14516
14538
14553
14554
14555
14556
14572
14574
14575
14635
14658
14682
14788
14794
14820
14848
14849
14858
14926
14938
14962
14964
14971
14983
15008
15049
15050
15075
15112
15171
15204
15220
15235
15282
15283
15284
15305
15313
15314
15370
15423
15427
15453
15454
15459
15460
15461
15565
15580
15620
15621
15650
15682
15683
15773
15798
15844
15886
15904
15938
15943
15946
15962
15968
15972
15996
16001
16010
16084
16100
16130
16136
16207
16244
16266
16272
16297
16374
16385
16392
16410
16415
16452
16453
16469
16487
16522
16532
16576
16626
16631
16641
16655
16683
16711
16744
16769
16850
16904
16906
16955
16956
16957
16972
16973
17003
17098
17105
17162
17178
17223
17238
17244
17245
17246
17270
17276
17277
17305
17354
17357
17412
17413
17416
17417
17441
17442
17498
17505
17552
17564
17566
17612
17613
17619
17620
17689
17690
17691
17719
17739
17760
17774
17836
17840
17841
17922
17934
17938
17947
17948
17987
17992
18008
18012
18013
18014
18079
18080
18101
18126
18275
18382
18385
18386
18436
18498
18507
18529
18530
18658
18659
18660
18681
18713
18714
18715
18737
18745
18788
18804
18815
18828
18829
18830
18842
18844
18918
18919
18920
18925
18926
18927
18928
18929
18945
18952
18960
18961
19032
19033
19050
19058
19063
19070
19071
19149
19172
19178
19179
19181
19208
19233
19303
19317
19344
19391
19405
19442
19460
19468
19469
19487
19527
19556
19580
19644
19657
19666
19917
19918
19922
20034
20040
20060
20062
20064
20175
20223
20225
20294
20319
20332
20333
20340
20342
20416
20481
20488
20503
20504
20540
20541
20561
20562
20572
20573
20580
20582
20587
20636
20637
20668
20669
20692
20708
20750
20761
20794
20797
20802
20803
20806
20826
20850
20941
20947
20948
21000
21004
21005
21025
21167
21177
21180
21225
21256
21262
21279
21330
21331
21444
21450
21457
21458
21476
21548
21573
21595
21629
21645
21670
21678
21684
21685
21696
21736
21852
21853
21854
21868
21885
21967
21983
22018
22024
22084
22085
22110
22132
22172
22225
22231
22240
22248
22263
22266
22267
22331
22338
22341
22395
22447
22475
22476
22489
22500
22580
22597
22620
22640
22647
22714
22730
22745
22750
22811
22841
22851
22870
22871
22878
22884
22889
22907
22908
22961
22986
23006
23012
23038
23046
23067
23112
23113
23114
23144
23190
23196
23248
23399
23436
23523
23565
23579
23580
23581
23584
23596
23603
23630
23631
23634
23675
23677
23809
23810
23874
23876
23877
23880
23881
23882
23883
23896
23897
23898
23902
24013
24014
24044
24061
24102
24103
24107
24160
24174
24220
24223
24250
24266
24268
24269
24443
24444
24445
24508
24525
24529
24585
24645
24678
24693
24732
24737
24752
24753
24779
24796
24846
24862
24869
24875
24928
24933
24991
24992
24993
25056
25085
25088
25096
25172
25176
25178
25188
25217
25237
25283
25284
25292
25349
25500
25503
25504
25560
25614
25669
25695
25736
25744
25788
25803
25804
25805
25806
25820
25828
25835
25852
25853
25922
25926
25950
25951
25953
25956
25959
26010
26011
26056
26057
26065
26072
26084
26147
26148
26183
26206
26248
26316
26371
26453
26460
26461
26470
26500
26501
26514
26554
26586
26587
26588
26596
26628
26629
26693
26695
26780
26939
26944
26945
26946
26947
26962
26992
26993
27018
27062
27085
27086
27087
27090
27138
27162
27206
27212
27241
27249
27292
27308
27317
27337
27338
27345
27366
27367
27368
27369
27372
27410
27419
27427
27438
27465
27471
27484
27531
27532
27560
27580
27666
27706
27707
27714
27736
27737
27752
27754
27763
27767
27785
27807
27853
27860
27902
27906
27909
27929
27930
27931
27938
27943
27978
28105
28110
28115
28126
28127
28159
28170
28242
28256
28278
28291
28352
28407
28408
28409
28412
28413
28414
28420
28453
28495
28512
28513
28544
28604
28698
28699
28710
28713
28860
28873
28892
28899
28900
28932
28933
28934
28957
28959
28978
29018
29087
29114
29119
29148
29149
29165
29166
29186
29286
29306
29307
29342
29390
29412
29444
29457
29458
29519
29646
29650
29666
29667
29727
29824
29832
29918
29953
29972
29973
29987
30022
30028
30057
30108
30109
30110
30179
30180
30210
30278
30290
30304
30390
30396
30466
30472
30501
30513
30514
30515
30516
30535
30593
30666
30728
30758
30786
30802
30819
30820
30927
30928
30929
30944
30953
30954
30955
30956
30965
30970
30971
31008
31009
31010
31042
31099
31105
31171
31176
31179
31180
31187
31188
31204
31230
31232
31233
31293
31294
31334
31345
31385
31392
31393
31400
31401
31406
31407
31455
31490
31558
31559
31581
31604
31765
31768
31769
31789
31802
31816
31830
31836
31837
31838
31840
31851
31890
31903
32030
32045
32146
32159
32201
32202
32268
32275
32316
32317
32347
32510
32514
32538
32578
32616
32624
32658
32659
32703
32704
32713
32733
32747
32772
32793
32856
32860
32893
32905
32922
32923
32968
32990
33025
33114
33115
33123
33131
33143
33145
33147
33279
33365
33371
33374
33461
33502
33516
33540
33592
33598
33599
33600
33623
33697
33737
33758
33793
33801
33889
33892
33934
34000
34015
34031
34036
34044
34050
34062
34114
34156
34215
34216
34302
34311
34395
34411
34433
34436
34437
34446
34448
34506
34513
34524
34525
34617
34626
34652
34653
34664
34665
34666
34669
34670
34678
34706
34719
34741
34761
34762
34765
34769
34822
34861
34862
34878
34879
34886
34892
34908
34921
34928
34929
34930
34975
34984
34996
35017
35060
35069
35073
35074
35097
35105
35145
35162
35163
35165
35168
35217
35253
35278
35299
35300
35332
35333
35336
35390
35391
35446
35529
35538
35539
35544
35583
35584
35586
35609
35610
35653
35655
35662
35663
35664
35665
35685
35686
35710
35711
35713
35785
35803
35804
35836
35837
35839
35954
35957
36046
36175
36178
36206
36253
36254
36255
36297
36319
36329
36330
36349
36384
36403
36446
36492
36540
36548
36552
36553
36580
36582
36583
36584
36604
36605
36616
36662
36691
36701
36702
36735
36804
36865
36886
36928
36934
36941
36973
37013
37028
37054
37072
37161
37225
37226
37237
37297
37298
37326
37355
37412
37418
37419
37476
37501
37502
37503
37504
37518
37520
37535
37576
37580
37582
37609
37610
37611
37613
37628
37632
37635
37636
37640
37655
37719
37739
37740
37742
37743
37833
37835
37893
37920
37921
37974
37983
37997
38080
38106
38107
38108
38116
38133
38140
38146
38148
38160
38214
38238
38274
38301
38302
38331
38351
38355
38363
38379
38383
38404
38451
38494
38495
38498
38529
38601
38615
38660
38717
38760
38767
38786
38787
38836
38837
38916
38976
39045
39056
39070
39170
39190
39194
39227
39255
39281
39321
39380
39381
39422
39440
39494
39495
39498
39502
39503
39505
39518
39520
39521
39540
39585
39617
39684
39688
39772
39776
39782
39809
39836
39845
39868
39869
40000
40001
40002
40006
40078
40163
40193
40194
40224
40225
40236
40266
40269
40286
40299
40302
40308
40321
40345
40375
40394
40440
40441
40450
40466
40516
40533
40537
40564
40604
40630
40636
40677
40712
40735
40780
40781
40783
40856
40884
40885
41002
41024
41041
41056
41076
41079
41188
41267
41286
41315
41419
41420
41421
41428
41474
41480
41500
41501
41502
41525
41579
41597
41598
41599
41600
41630
41631
41633
41653
41674
41684
41700
41737
41798
41804
41805
41859
41874
41916
41931
41932
41933
42039
42076
42100
42128
42141
42153
42154
42169
42244
42258
42271
42284
42297
42298
42313
42332
42333
42343
42361
42384
42419
42420
42449
42467
42558
42559
42560
42562
42563
42567
42614
42692
42757
42820
42859
42906
42907
42908
42909
42984
43010
43020
43021
43072
43079
43098
43111
43121
43126
43131
43141
43203
43228
43262
43284
43285
43289
43291
43335
43354
43361
43362
43364
43380
43466
43470
43473
43474
43483
43545
43605
43627
43710
43730
43769
43796
43797
43871
43882
43977
43985
43986
44031
44040
44062
44065
44123
44124
44125
44222
44248
44249
44288
44290
44346
44470
44489
44499
44500
44516
44626
44636
44652
44699
44764
44780
44808
44826
44842
44868
44869
44879
44894
44950
44961
45046
45057
45064
45096
45103
45104
45105
45130
45131
45172
45237
45262
45265
45284
45314
45380
45405
45486
45514
45532
45582
45614
45618
45619
45620
45627
45638
45656
45657
45658
45697
45698
45699
45748
45794
45795
45797
45828
45850
45879
45940
45942
45947
45984
45989
46030
46088
46104
46107
46120
46121
46131
46148
46149
46151
46168
46169
46170
46187
46209
46268
46281
46308
46315
46317
46333
46334
46338
46352
46363
46372
46373
46382
46393
46394
46402
46428
46430
46436
46459
46474
46537
46539
46540
46541
46542
46568
46569
46590
46607
46608
46643
46674
46700
46748
46749
46849
46942
46951
46956
47001
47002
47004
47005
47025
47045
47049
47054
47112
47138
47139
47175
47179
47199
47200
47250
47315
47316
47317
47318
47350
47361
47385
47411
47422
47423
47429
47435
47436
47437
47439
47472
47484
47485
47562
47566
47574
47575
47597
47646
47660
47682
47724
47755
47756
47757
47786
47847
47848
47849
47873
47874
47878
47926
47928
47929
47933
47934
47943
47965
48031
48073
48129
48130
48187
48219
48238
48259
48260
48261
48275
48276
48282
48316
48320
48363
48365
48455
48461
48462
48482
48541
48542
48543
48585
48587
48588
48611
48623
48631
48706
48710
48723
48796
48808
48809
48855
48904
48905
48959
48963
49082
49106
49115
49116
49153
49156
49160
49179
49180
49243
49244
49245
49297
49339
49340
49355
49356
49366
49409
49433
49434
49499
49515
49519
49535
49577
49578
49591
49610
49622
49662
49666
49667
49668
49669
49673
49683
49689
49733
49753
49771
49860
49861
49934
50013
50030
50037
50039
50045
50047
50131
50178
50184
50187
50268
50270
50351
50358
50381
50412
50429
50434
50494
50526
50535
50591
50684
50685
50686
50729
50766
50782
50817
50826
50868
50869
50876
50946
51032
51034
51036
51040
51047
51131
51145
51153
51164
51180
51192
51193
51197
51272
51278
51280
51291
51318
51402
51405
51420
51428
51436
51454
51512
51583
51658
51678
51703
51704
51705
51714
51719
51720
51740
51771
51781
51783
51801
51817
51869
51900
51902
51913
51914
51950
51967
51981
52054
52055
52103
52104
52150
52187
52188
52189
52190
52206
52208
52263
52298
52312
52321
52324
52341
52401
52402
52452
52526
52533
52534
52550
52554
52555
52557
52574
52575
52578
52579
52592
52593
52616
52641
52755
52763
52802
52822
52865
52866
52874
52917
52918
52948
52949
52956
52958
52993
53025
53026
53052
53053
53054
53055
53056
53091
53092
53093
53094
53108
53138
53197
53198
53219
53220
53221
53222
53245
53252
53256
53257
53274
53275
53276
53277
53339
53340
53348
53357
53358
53394
53425
53436
53453
53454
53457
53504
53536
53537
53546
53597
53618
53626
53762
53848
53849
53853
53870
53900
53918
54032
54089
54108
54128
54160
54197
54198
54207
54208
54220
54240
54249
54266
54267
54269
54270
54276
54280
54281
54313
54348
54362
54382
54527
54529
54596
54607
54638
54644
54684
54720
54763
54767
54819
54820
54825
54826
54828
54829
54856
54857
54858
54884
54923
54943
54969
54970
55015
55021
55040
55042
55120
55145
55163
55200
55208
55216
55340
55353
55404
55429
55455
55487
55507
55524
55550
55595
55623
55624
55660
55680
55728
55729
55730
55773
55774
55904
55905
55921
55991
55998
56012
56013
56070
56091
56210
56218
56219
56220
56221
56270
56323
56324
56328
56329
56351
56363
56390
56391
56392
56415
56434
56547
56577
56589
56603
56613
56618
56646
56651
56665
56695
56728
56781
56804
56830
56834
56862
56863
56988
56989
56990
56991
57023
57024
57038
57043
57044
57078
57099
57115
57145
57163
57181
57201
57249
57274
57294
57302
57344
57365
57376
57411
57415
57417
57441
57442
57443
57445
57485
57486
57502
57503
57504
57505
57514
57517
57576
57577
57676
57746
57786
57802
57805
57816
57854
57855
57860
57861
57880
57888
57961
58026
58083
58084
58091
58105
58120
58212
58230
58237
58324
58369
58388
58395
58410
58428
58429
58485
58512
58530
58531
58569
58626
58634
58655
58661
58690
58706
58714
58743
58803
58804
58805
58806
58852
58879
58884
58892
58893
58912
58922
58927
58928
58929
58932
58933
58946
58950
58996
59015
59025
59026
59038
59039
59040
59041
59108
59203
59248
59274
59280
59288
59289
59295
59319
59321
59322
59425
59462
59502
59508
59510
59511
59537
59565
59566
59598
59656
59658
59664
59666
59714
59718
59730
59731
59752
59868
59876
59904
59951
59952
59979
59998
60016
60020
60030
60031
60060
60145
60168
60169
60229
60267
60340
60343
60420
60421
60484
60485
60521
60565
60620
60621
60779
60780
60843
60874
60881
60888
60889
60890
60931
60974
60982
61029
61055
61084
61098
61108
61109
61184
61197
61219
61267
61275
61279
61300
61302
61386
61389
61420
61438
61483
61525
61537
61540
61627
61642
61660
61672
61673
61725
61726
61740
61741
61742
61747
61757
61762
61797
61809
61822
61854
61855
61886
61898
61915
61916
61924
61956
61957
61968
61977
61995
62043
62057
62062
62154
62159
62162
62167
62212
62214
62215
62263
62267
62279
62290
62312
62319
62424
62462
62515
62524
62534
62556
62557
62573
62582
62587
62588
62595
62684
62685
62724
62725
62764
62765
62778
62779
62788
62813
62814
62816
62817
62831
62847
62874
62875
62938
62984
62987
62990
63008
63066
63069
63070
63076
63099
63100
63101
63112
63126
63127
63204
63234
63321
63343
63358
63391
63424
63434
63464
63467
63489
63490
63556
63576
63596
63602
63603
63645
63689
63742
63797
63798
63840
63851
63854
63868
63964
63965
63966
64030
64090
64203
64282
64286
64315
64316
64317
64330
64360
64368
64400
64457
64466
64516
64517
64520
64521
64532
64533
64554
64600
64612
64647
64648
64649
64650
64732
64736
64737
64740
64755
64756
64769
64772
64773
64795
64796
64797
64805
64857
64899
64973
64979
65044
65050
65075
65122
65127
65128
65214
65226
65307
65322
65346
65361
65362
65385
65394
65451
65508
