56
167
168
169
187
188
189
285
286
287
512
517
532
533
603
604
605
607
609
611
612
614
670
671
672
740
742
752
760
761
808
826
919
920
983
984
985
1009
1034
1035
1038
1039
1040
1041
1048
1113
1114
1131
1132
1143
1156
1167
1168
1172
1176
1177
1212
1243
1244
1270
1287
1288
1296
1297
1335
1336
1355
1364
1365
1366
1388
1395
1399
1400
1468
1469
1500
1533
1534
1546
1586
1597
1602
1603
1604
1628
1695
1754
1755
1756
1762
1763
1764
1765
1766
1768
1769
1770
1771
1782
1850
1872
1873
1904
1935
1936
1940
1941
1988
1989
1994
2049
2050
2051
2052
2053
2055
2056
2057
2094
2095
2155
2156
2171
2187
2188
2189
2200
2201
2209
2210
2267
2268
2304
2305
2336
2353
2379
2392
2393
2403
2404
2411
2412
2413
2415
2416
2417
2423
2424
2470
2501
2512
2548
2571
2572
2634
2635
2638
2719
2720
2736
2826
2839
2842
2856
2947
2970
2971
3051
3095
3096
3097
3101
3102
3103
3104
3112
3167
3169
3236
3237
3238
3263
3351
3393
3394
3395
3412
3413
3414
3415
3425
3460
3484
3485
3515
3516
3517
3518
3617
3624
3634
3643
3650
3651
3738
3739
3751
3828
3829
3841
3845
3866
3891
3892
3931
3932
3955
3986
4024
4025
4036
4037
4070
4072
4073
4074
4080
4097
4126
4152
4155
4178
4179
4180
4181
4182
4248
4249
4288
4315
4316
4317
4375
4376
4377
4395
4401
4402
4456
4498
4517
4561
4568
4635
4636
4654
4655
4669
4677
4678
4692
4693
4694
4695
4716
4717
4762
4763
4782
4783
4798
4828
4829
4863
4900
4901
4915
4916
4938
4939
4955
4956
4957
4976
4991
5124
5149
5151
5158
5162
5223
5224
5232
5299
5300
5301
5383
5384
5385
5440
5444
5455
5460
5461
5462
5479
5480
5481
5531
5532
5672
5677
5695
5716
5717
5718
5780
5781
5793
5859
5871
5884
5885
5886
5887
5890
5891
5892
5915
5916
5938
5967
5968
5969
5970
5971
5972
5973
5974
6082
6092
6093
6112
6113
6139
6191
6194
6306
6308
6309
6310
6314
6368
6369
6372
6373
6374
6396
6397
6398
6532
6556
6557
6596
6640
6641
6646
6661
6666
6686
6707
6708
6745
6772
6773
6803
6804
6820
6821
6880
6881
6895
6904
6905
6906
7039
7067
7138
7190
7199
7223
7323
7338
7352
7353
7375
7377
7384
7385
7447
7448
7493
7545
7580
7584
7617
7624
7625
7651
7662
7692
7695
7696
7714
7716
7717
7742
7743
7787
7788
7822
7823
7849
7883
7892
7893
7903
7909
7912
7913
7931
7947
7956
7967
8059
8060
8115
8192
8193
8220
8281
8282
8382
8439
8604
8605
8652
8653
8666
8678
8680
8681
8730
8733
8812
8816
8849
8875
8880
8881
8915
8916
8917
8952
8953
8972
9035
9039
9040
9041
9138
9139
9148
9149
9166
9227
9228
9260
9262
9263
9305
9306
9308
9309
9370
9371
9379
9452
9453
9454
9475
9476
9594
9628
9629
9638
9716
9744
9745
9747
9748
9752
9753
9754
9812
9858
9859
9860
9861
9862
9875
9876
9877
9879
9880
9881
9882
9883
9943
9944
9972
9978
10026
10027
10078
10102
10180
10181
10183
10184
10214
10231
10232
10233
10234
10251
10252
10275
10301
10302
10395
10439
10440
10585
10661
10662
10663
10664
10735
10736
10783
10808
10826
11107
11108
11109
11155
11156
11157
11235
11289
11319
11320
11379
11380
11416
11452
11453
11454
11588
11639
11682
11683
11766
11773
12032
12033
12044
12045
12094
12121
12176
12177
12202
12218
12258
12271
12283
12287
12319
12373
12374
12376
12377
12383
12385
12403
12404
12424
12432
12433
12488
12489
12502
12508
12509
12510
12511
12528
12534
12544
12567
12595
12712
12746
12752
12753
12754
12788
12789
12800
12801
12804
12855
12884
12885
12886
12892
12893
12907
12908
12916
12947
12948
12949
12970
12975
13004
13005
13024
13025
13106
13114
13130
13131
13179
13204
13215
13312
13316
13317
13385
13435
13436
13437
13460
13480
13503
13505
13511
13516
13517
13529
13671
13672
13695
13704
13727
13739
13740
13751
13752
13753
13814
13816
13817
13851
13852
13853
13882
13976
13977
13995
14107
14108
14139
14150
14151
14216
14217
14336
14348
14362
14373
14401
14556
14557
14558
14559
14564
14566
14576
14596
14652
14661
14662
14663
14820
14821
14822
14844
14845
14846
14851
14852
14853
14884
14932
14974
14975
14999
15000
15001
15013
15048
15049
15059
15060
15108
15112
15113
15154
15222
15265
15282
15283
15375
15376
15377
15449
15450
15451
15452
15453
15618
15619
15620
15674
15675
15799
15857
15888
15889
15891
15892
15896
15897
16037
16044
16045
16078
16081
16099
16118
16140
16141
16159
16187
16304
16375
16410
16479
16564
16565
16658
16706
16707
16710
16711
16731
16732
16855
16865
16886
16904
16932
16933
16955
16981
16982
17051
17141
17167
17168
17169
17175
17176
17177
17178
17179
17180
17200
17264
17265
17278
17279
17304
17305
17308
17309
17357
17391
17442
17462
17476
17546
17596
17611
17760
17761
17763
17922
17936
17937
17947
17948
17992
18013
18093
18121
18191
18192
18193
18210
18219
18234
18287
18288
18352
18356
18357
18387
18388
18389
18392
18393
18432
18516
18517
18518
18567
18568
18569
18584
18585
18638
18738
18739
18798
18800
18807
18808
18843
18844
18845
18944
18960
18971
18972
19013
19014
19015
19018
19043
19044
19045
19066
19067
19068
19148
19175
19188
19189
19190
19196
19197
19198
19205
19228
19234
19236
19302
19303
19304
19305
19323
19412
19413
19460
19556
19635
19644
19645
19646
19674
19675
19702
19719
19720
19721
19808
19900
20000
20061
20063
20065
20112
20180
20221
20222
20282
20319
20321
20380
20381
20403
20470
20480
20571
20572
20573
20628
20636
20637
20638
20639
20668
20669
20692
20693
20712
20713
20714
20716
20717
20718
20728
20730
20752
20753
20794
20795
20796
20826
20848
20859
20915
20916
20920
20921
20937
20948
20953
21000
21001
21024
21047
21048
21073
21081
21082
21086
21125
21126
21144
21160
21161
21170
21192
21256
21257
21309
21351
21352
21353
21360
21402
21403
21472
21546
21547
21553
21556
21571
21572
21573
21599
21601
21640
21641
21659
21672
21700
21701
21710
21804
21895
21952
21972
22013
22027
22044
22085
22086
22087
22143
22195
22212
22267
22283
22308
22309
22326
22342
22343
22440
22477
22494
22495
22500
22501
22502
22525
22526
22532
22543
22544
22565
22568
22583
22648
22649
22684
22699
22700
22750
22751
22755
22774
22788
22789
22884
22885
22922
22923
22938
22939
22948
22949
22995
22996
22997
23012
23030
23040
23071
23130
23148
23170
23219
23224
23225
23281
23358
23371
23375
23384
23385
23460
23461
23462
23567
23568
23576
23577
23583
23584
23598
23599
23659
23660
23768
23772
23773
23807
23813
23908
23916
23917
23992
24031
24032
24054
24079
24080
24139
24220
24221
24270
24279
24280
24310
24336
24337
24368
24427
24428
24429
24439
24440
24441
24442
24500
24501
24552
24553
24554
24603
24604
24624
24651
24692
24693
24731
24775
24790
24796
24800
24801
24852
24853
24887
24888
24902
24903
25014
25085
25088
25125
25163
25173
25174
25244
25245
25247
25397
25471
25500
25501
25796
25855
25859
25860
25963
25968
26079
26086
26088
26089
26090
26212
26231
26232
26233
26273
26324
26325
26395
26410
26411
26515
26516
26517
26533
26534
26563
26571
26604
26605
26606
26615
26651
26776
26777
26814
26832
26833
26842
26843
26844
26845
26855
26866
26867
26940
26992
26993
26999
27000
27028
27077
27102
27103
27127
27144
27162
27184
27215
27216
27248
27279
27367
27404
27438
27439
27471
27473
27560
27627
27683
27692
27694
27695
27696
27707
27728
27767
27784
27785
27867
27868
27869
27930
27950
27951
27952
28151
28218
28229
28230
28231
28234
28315
28337
28412
28413
28414
28452
28453
28520
28521
28560
28572
28668
28669
28670
28687
28688
28689
28710
28724
28794
28795
28803
28804
28820
28821
28860
28861
28904
28905
28906
28916
29018
29043
29084
29085
29165
29166
29249
29250
29340
29451
29452
29459
29460
29461
29535
29536
29537
29544
29545
29628
29655
29656
29663
29697
29821
29840
29841
29929
29930
29949
29950
30051
30052
30108
30109
30111
30113
30116
30117
30222
30234
30259
30260
30282
30290
30291
30331
30377
30400
30416
30417
30466
30467
30468
30479
30480
30493
30515
30516
30629
30638
30639
30720
30751
30752
30808
30810
30922
30923
30964
30965
30966
30983
30984
30985
31018
31130
31131
31168
31169
31291
31383
31384
31385
31386
31387
31416
31417
31424
31425
31430
31460
31461
31462
31587
31647
31648
31649
31684
31685
31693
31740
31741
31742
31767
31837
31863
31867
31868
31915
31931
31991
32091
32092
32093
32192
32193
32200
32201
32223
32314
32396
32459
32464
32465
32686
32687
32699
32700
32701
32714
32734
32735
32748
32749
32750
32754
32755
32803
32863
32910
32924
32966
32976
32977
32978
33005
33051
33052
33146
33147
33198
33199
33200
33272
33279
33367
33372
33373
33388
33392
33393
33411
33412
33452
33542
33552
33573
33590
33604
33608
33611
33625
33792
33796
33815
33816
33817
33955
34014
34015
34075
34113
34114
34115
34156
34157
34271
34337
34379
34380
34381
34411
34412
34413
34427
34439
34440
34441
34498
34523
34524
34532
34533
34534
34539
34544
34561
34602
34603
34670
34760
34761
34819
34820
34821
34835
34837
34850
34851
34862
34863
34864
34880
34881
34963
34975
34977
35016
35017
35068
35069
35072
35155
35156
35157
35158
35239
35240
35245
35284
35285
35300
35301
35302
35381
35409
35435
35436
35507
35518
35568
35569
35600
35601
35630
35631
35659
35664
35665
35728
35732
35733
35776
35803
35804
35805
35830
35836
35837
35838
35848
35849
35886
35887
36064
36065
36181
36182
36213
36320
36321
36452
36507
36555
36619
36620
36698
36716
36717
36735
36764
36765
36778
36792
36793
36875
36876
36891
36939
36979
37067
37161
37164
37184
37192
37251
37252
37253
37308
37343
37384
37520
37523
37524
37595
37596
37597
37609
37610
37616
37617
37635
37636
37637
37639
37640
37698
37699
37776
37777
37858
37923
37964
37965
38053
38107
38108
38109
38159
38160
38161
38163
38164
38172
38186
38187
38248
38275
38276
38511
38512
38555
38595
38600
38601
38626
38652
38653
38654
38671
38672
38716
38728
38729
38828
38840
38847
38848
38849
38850
38851
38868
38888
38889
38890
38938
38959
38984
38985
39005
39059
39060
39119
39120
39121
39135
39159
39228
39283
39312
39313
39390
39391
39427
39428
39429
39440
39450
39570
39583
39585
39624
39625
39626
39632
39633
39634
39649
39664
39665
39774
39855
39879
39920
39921
39922
39923
39951
39952
39956
39987
39997
40006
40007
40027
40028
40029
40036
40043
40044
40090
40091
40207
40208
40238
40239
40240
40244
40267
40299
40300
40319
40439
40452
40472
40551
40552
40553
40731
40732
40793
40920
40929
40951
41015
41016
41033
41116
41220
41221
41227
41228
41288
41339
41420
41421
41428
41429
41430
41472
41473
41540
41579
41580
41583
41584
41599
41695
41813
41814
41831
41832
41840
41908
41932
41933
41972
42015
42028
42168
42203
42204
42205
42334
42336
42399
42467
42468
42469
42470
42485
42486
42496
42528
42553
42690
42800
42959
42960
42961
42962
43019
43020
43031
43093
43094
43108
43109
43125
43131
43132
43160
43161
43183
43184
43185
43211
43234
43257
43258
43283
43284
43291
43292
43301
43315
43327
43367
43368
43369
43406
43407
43415
43416
43471
43473
43620
43621
43623
43624
43625
43672
43692
43693
43720
43737
43747
43770
43796
43797
43914
43919
43920
43921
43978
44015
44135
44136
44194
44212
44222
44232
44235
44247
44248
44249
44257
44288
44304
44305
44395
44396
44397
44471
44567
44568
44569
44617
44618
44619
44645
44775
44808
44809
44811
44848
44858
44959
44960
44961
45056
45104
45168
45262
45309
45310
45380
45391
45423
45424
45508
45520
45608
45627
45656
45657
45685
45720
45732
45733
45752
45791
45793
45796
45798
45832
45931
45932
45956
46080
46119
46122
46123
46131
46132
46171
46172
46207
46286
46288
46289
46290
46302
46303
46332
46333
46334
46394
46402
46403
46446
46463
46492
46493
46532
46571
46572
46573
46582
46584
46585
46586
46606
46607
46625
46756
46757
46764
46772
46773
46848
46911
46912
46913
46947
46948
46949
46956
47062
47063
47068
47135
47153
47160
47163
47164
47188
47189
47224
47255
47256
47257
47350
47445
47446
47479
47480
47521
47615
47635
47636
47646
47717
47760
47799
47800
47862
47863
47891
47892
47893
47901
47971
47972
48016
48017
48094
48095
48096
48097
48127
48128
48129
48135
48176
48284
48285
48291
48319
48320
48322
48330
48361
48362
48389
48390
48487
48488
48489
48572
48573
48585
48808
48809
48824
48825
48901
48902
48903
48904
48905
48912
48955
48961
48999
49000
49043
49044
49064
49065
49102
49108
49109
49122
49144
49145
49146
49152
49178
49179
49180
49196
49235
49236
49237
49238
49247
49249
49284
49285
49296
49331
49342
49345
49356
49384
49385
49386
49404
49405
49555
49556
49557
49579
49599
49600
49608
49609
49623
49624
49631
49668
49669
49729
49730
49731
49823
49824
49833
49902
49908
49909
49953
49966
49967
50052
50110
50139
50140
50172
50173
50174
50177
50186
50195
50196
50197
50300
50356
50357
50372
50373
50428
50429
50430
50448
50496
50497
50498
50499
50500
50543
50544
50616
50707
50708
50714
50747
50748
50872
50892
50928
50929
51047
51048
51049
51116
51144
51145
51146
51160
51161
51170
51213
51254
51312
51313
51384
51385
51412
51413
51428
51429
51430
51535
51536
51772
51876
51877
51906
51907
51908
51956
51957
51967
51994
51995
51996
52059
52060
52103
52104
52115
52116
52117
52196
52198
52228
52256
52259
52282
52315
52316
52317
52336
52356
52357
52358
52374
52411
52412
52429
52471
52538
52539
52549
52550
52559
52567
52583
52584
52652
52697
52712
52713
52714
52772
52773
52790
52801
52820
52821
52822
52900
52934
52938
52940
52941
52955
52956
52996
53014
53042
53144
53163
53219
53240
53241
53273
53290
53444
53445
53453
53474
53504
53569
53570
53571
53727
53742
53851
53852
53853
53867
53868
53908
53987
54000
54017
54091
54107
54108
54109
54111
54160
54220
54320
54348
54443
54489
54499
54512
54513
54524
54525
54526
54527
54528
54570
54635
54636
54644
54673
54722
54723
54752
54753
54767
54828
54859
54895
54896
54897
54946
54947
54967
54968
54969
55003
55004
55005
55006
55007
55120
55121
55122
55187
55188
55208
55209
55255
55256
55257
55282
55283
55298
55369
55386
55440
55483
55484
55485
55488
55500
55503
55504
55505
55516
55517
55518
55519
55557
55583
55592
55596
55622
55655
55656
55657
55685
55697
55712
55713
55723
55771
55772
55773
55774
55775
55792
55793
55798
55799
55807
55843
55845
55884
55936
55937
55970
56007
56008
56009
56034
56063
56064
56068
56123
56124
56131
56220
56221
56281
56302
56320
56321
56323
56324
56325
56328
56329
56353
56415
56416
56417
56442
56463
56464
56465
56542
56543
56589
56603
56604
56637
56666
56764
56765
56776
56777
56787
56788
56831
56906
56969
56979
56980
56988
56989
57000
57001
57043
57044
57067
57076
57077
57099
57134
57135
57179
57180
57181
57195
57196
57253
57344
57345
57402
57415
57419
57428
57429
57430
57451
57452
57498
57499
57503
57514
57559
57560
57579
57581
57603
57650
57674
57675
57681
57696
57699
57700
57744
57790
57828
57830
57867
57887
57888
57945
58010
58083
58112
58113
58124
58207
58208
58209
58266
58267
58306
58361
58362
58394
58408
58530
58531
58580
58621
58650
58654
58660
58698
58712
58713
58778
58779
58803
58871
58877
58884
58896
58897
58907
58908
59040
59095
59096
59127
59132
59133
59166
59317
59366
59425
59436
59511
59512
59565
59582
59588
59589
59611
59612
59620
59647
59649
59672
59700
59752
59753
59755
59756
59757
59813
59896
59897
59979
59980
60103
60148
60187
60259
60260
60261
60411
60485
60564
60565
60606
60887
60888
60889
60912
60913
60994
60998
60999
61023
61025
61035
61036
61037
61043
61044
61091
61189
61196
61211
61217
61256
61257
61258
61259
61278
61279
61281
61292
61293
61303
61304
61305
61384
61390
61452
61480
61491
61492
61512
61513
61514
61515
61538
61568
61604
61605
61641
61647
61648
61649
61650
61660
61679
61695
61826
61827
61864
61888
61920
62011
62014
62152
62153
62156
62157
62180
62181
62182
62250
62251
62264
62319
62372
62373
62375
62376
62377
62454
62542
62555
62556
62557
62587
62596
62597
62623
62625
62690
62691
62769
62778
62779
62780
62788
62874
62875
62914
63179
63201
63208
63232
63263
63315
63316
63371
63372
63391
63392
63393
63415
63416
63427
63444
63445
63488
63489
63537
63538
63582
63760
63796
63805
63843
63844
63847
63848
63983
64076
64108
64109
64188
64200
64201
64227
64240
64241
64298
64299
64305
64319
64330
64331
64367
64368
64408
64409
64456
64457
64533
64676
64677
64720
64721
64731
64732
64733
64736
64740
64742
64743
64880
64900
64942
64943
64944
64967
65012
65013
65127
65128
65129
65167
65171
65172
65173
65189
65247
65301
65307
65308
65319
65334
65335
65345
65361
65366
65386
65388
65389
65431
65436
65437
65444
65445
65446
65480
65481
65527
