3
5
19
52
88
98
99
100
101
105
118
123
124
169
261
265
273
276
297
317
346
349
351
372
373
448
449
450
478
482
517
532
538
551
572
573
579
580
581
600
612
613
616
671
672
685
686
689
690
740
768
770
773
804
808
809
811
812
821
836
884
961
962
977
978
984
990
996
1024
1027
1033
1034
1043
1065
1076
1079
1080
1092
1104
1110
1114
1130
1132
1212
1216
1250
1269
1285
1298
1301
1311
1315
1327
1333
1334
1337
1342
1348
1351
1352
1353
1354
1355
1366
1372
1382
1400
1437
1537
1554
1555
1566
1577
1578
1581
1582
1586
1593
1597
1603
1604
1608
1620
1621
1640
1641
1694
1762
1764
1797
1810
1828
1832
1835
1840
1844
1853
1864
1876
1884
1885
1888
1892
1893
1898
1935
1936
1937
1947
1993
2076
2094
2100
2109
2120
2125
2126
2128
2135
2136
2137
2146
2151
2152
2156
2157
2169
2173
2188
2192
2207
2208
2209
2276
2296
2297
2319
2335
2345
2348
2349
2350
2354
2369
2370
2385
2387
2388
2391
2392
2393
2423
2455
2528
2561
2565
2578
2596
2601
2611
2614
2615
2637
2662
2663
2664
2768
2821
2837
2841
2842
2848
2854
2860
2885
2886
2913
2914
2917
2941
2942
2958
2968
3008
3026
3050
3051
3052
3077
3091
3104
3108
3109
3110
3124
3127
3135
3136
3137
3160
3166
3176
3177
3188
3189
3265
3268
3269
3312
3314
3349
3358
3359
3361
3365
3369
3395
3401
3404
3409
3425
3433
3445
3486
3520
3535
3586
3589
3590
3616
3630
3636
3648
3649
3656
3657
3685
3690
3752
3757
3758
3810
3858
3872
3873
3874
3880
3881
3892
3904
3905
3916
3918
3928
3932
3937
3940
3965
3982
3984
4017
4036
4037
4042
4046
4068
4096
4097
4102
4105
4106
4113
4129
4141
4148
4152
4155
4156
4158
4167
4193
4194
4196
4199
4200
4226
4279
4284
4288
4292
4293
4304
4305
4319
4322
4352
4353
4360
4365
4369
4370
4373
4374
4376
4377
4382
4383
4390
4397
4405
4424
4430
4436
4437
4452
4480
4481
4496
4539
4540
4541
4550
4551
4553
4580
4592
4601
4610
4626
4629
4633
4644
4646
4648
4654
4655
4661
4678
4686
4705
4706
4714
4729
4761
4762
4775
4776
4800
4834
4836
4866
4869
4879
4896
4900
4902
4908
4916
4918
4924
4925
4927
4928
4929
4936
4937
4946
4953
4965
4966
4970
4971
4989
5060
5092
5125
5126
5128
5139
5140
5146
5152
5157
5176
5181
5185
5188
5189
5192
5193
5194
5203
5204
5206
5224
5225
5278
5290
5310
5311
5312
5316
5317
5322
5346
5348
5377
5381
5387
5388
5391
5408
5409
5411
5415
5428
5429
5430
5440
5445
5454
5461
5462
5473
5481
5571
5572
5598
5631
5637
5649
5650
5651
5653
5654
5665
5669
5677
5692
5694
5695
5696
5714
5716
5717
5729
5732
5753
5798
5821
5865
5869
5870
5873
5878
5885
5886
5888
5892
5893
5905
5916
5917
5918
5925
5939
5949
6080
6088
6089
6110
6111
6119
6120
6137
6148
6164
6170
6171
6172
6186
6187
6189
6196
6211
6212
6229
6235
6241
6244
6311
6312
6313
6329
6337
6339
6340
6367
6404
6409
6410
6419
6420
6438
6440
6445
6450
6457
6492
6558
6561
6562
6570
6597
6599
6610
6626
6628
6652
6658
6661
6664
6674
6692
6698
6702
6704
6706
6707
6723
6725
6730
6744
6760
6772
6811
6812
6819
6820
6821
6822
6828
6829
6830
6918
6927
6930
6934
6944
6949
6958
6968
6987
6988
7012
7013
7044
7047
7048
7080
7103
7104
7172
7173
7180
7184
7189
7204
7207
7210
7211
7220
7224
7229
7235
7236
7237
7246
7265
7268
7272
7273
7312
7345
7348
7354
7359
7360
7364
7391
7429
7458
7461
7470
7488
7489
7491
7509
7510
7511
7524
7525
7526
7529
7532
7533
7570
7581
7598
7599
7617
7618
7629
7630
7679
7680
7685
7698
7700
7701
7713
7717
7724
7735
7760
7771
7774
7781
7799
7800
7801
7808
7823
7824
7873
7901
7902
7908
7909
7913
7926
7933
7934
7936
7937
7938
7940
7948
7956
7958
7959
7960
7965
7968
7983
7984
7997
8004
8005
8014
8022
8027
8028
8029
8033
8118
8132
8146
8158
8192
8197
8213
8220
8236
8254
8256
8257
8289
8300
8315
8316
8360
8367
8368
8369
8370
8380
8381
8384
8385
8390
8404
8405
8418
8420
8450
8468
8469
8470
8490
8492
8516
8529
8530
8532
8534
8535
8536
8545
8546
8554
8606
8612
8620
8645
8646
8674
8676
8705
8722
8730
8739
8753
8754
8757
8758
8759
8765
8796
8803
8804
8805
8806
8807
8808
8834
8837
8965
8978
8980
8981
9038
9069
9081
9104
9141
9155
9188
9234
9240
9247
9248
9261
9262
9263
9268
9280
9281
9283
9284
9288
9304
9305
9308
9316
9317
9324
9325
9369
9444
9474
9477
9490
9494
9504
9506
9507
9514
9522
9525
9531
9532
9533
9541
9572
9573
9574
9578
9593
9597
9598
9599
9618
9628
9629
9673
9694
9698
9711
9715
9716
9730
9746
9747
9748
9753
9754
9755
9765
9778
9787
9789
9801
9814
9819
9820
9825
9829
9835
9849
9908
9938
9944
9987
9993
10002
10003
10010
10016
10025
10027
10038
10049
10053
10076
10081
10086
10110
10165
10166
10178
10179
10180
10181
10258
10259
10264
10272
10276
10277
10289
10290
10304
10307
10308
10309
10320
10323
10324
10327
10328
10329
10333
10334
10338
10340
10345
10351
10354
10380
10402
10412
10440
10498
10499
10501
10502
10512
10514
10516
10533
10542
10549
10551
10557
10561
10562
10578
10662
10676
10677
10735
10736
10772
10779
10780
10784
10785
10787
10800
10801
10802
10808
10821
10836
10846
10850
10856
10961
10962
10978
11026
11027
11031
11032
11040
11045
11048
11053
11058
11068
11069
11075
11086
11091
11092
11094
11108
11109
11118
11134
11144
11145
11203
11208
11209
11270
11282
11287
11288
11292
11297
11298
11309
11310
11340
11348
11355
11356
11369
11371
11380
11404
11417
11439
11458
11466
11490
11492
11521
11562
11571
11578
11581
11587
11591
11594
11595
11598
11601
11602
11605
11606
11613
11615
11674
11686
11701
11707
11708
11720
11746
11748
11778
11781
11782
11795
11803
11804
11808
11814
11817
11818
11821
11822
11830
11863
11864
11871
11872
11881
11899
11900
11926
11930
11946
11968
11973
11976
11992
12012
12051
12086
12088
12104
12119
12120
12136
12137
12220
12221
12224
12260
12309
12314
12334
12335
12374
12375
12376
12379
12380
12388
12391
12392
12393
12408
12415
12416
12417
12486
12487
12488
12504
12516
12520
12549
12553
12554
12566
12596
12600
12601
12606
12611
12616
12627
12628
12629
12632
12670
12699
12712
12718
12724
12725
12737
12804
12805
12833
12835
12840
12851
12855
12856
12861
12869
12883
12884
12893
12921
12922
12923
12924
12925
12926
12967
12968
12969
13003
13101
13116
13117
13120
13123
13132
13144
13145
13146
13148
13149
13156
13160
13161
13162
13174
13179
13180
13198
13227
13228
13250
13317
13333
13334
13347
13349
13355
13368
13373
13384
13400
13410
13415
13416
13417
13438
13449
13500
13505
13510
13511
13573
13600
13607
13608
13618
13624
13639
13640
13643
13660
13665
13672
13673
13696
13769
13781
13829
13862
13863
13884
13895
13896
13897
13898
13916
13917
13943
13993
14001
14020
14066
14081
14109
14113
14120
14122
14140
14166
14184
14214
14215
14216
14246
14248
14276
14308
14336
14362
14368
14373
14388
14402
14405
14439
14440
14441
14505
14512
14516
14528
14534
14535
14537
14597
14612
14614
14617
14625
14628
14629
14630
14642
14644
14674
14680
14683
14684
14689
14698
14700
14726
14750
14775
14818
14848
14851
14852
14853
14860
14866
14870
14881
14886
14904
14920
14921
14932
14936
14937
14970
14974
14987
14988
14989
14999
15000
15001
15025
15106
15112
15122
15125
15133
15136
15137
15141
15143
15154
15192
15193
15199
15200
15203
15204
15205
15238
15286
15287
15299
15300
15313
15314
15326
15353
15364
15370
15379
15390
15393
15412
15426
15448
15449
15452
15459
15460
15508
15515
15520
15548
15549
15552
15582
15588
15607
15616
15621
15629
15633
15636
15641
15648
15654
15661
15669
15675
15691
15692
15709
15710
15737
15744
15773
15797
15798
15828
15890
15891
15904
15905
15908
15909
15915
15919
15920
15924
15945
15952
15969
15974
15983
15984
15988
16045
16066
16094
16127
16142
16147
16165
16168
16173
16174
16176
16185
16190
16191
16192
16193
16200
16208
16219
16220
16226
16231
16232
16233
16238
16301
16302
16317
16324
16325
16351
16352
16359
16366
16384
16388
16389
16396
16402
16406
16410
16416
16417
16421
16423
16424
16442
16456
16457
16472
16496
16571
16573
16576
16579
16580
16607
16640
16641
16681
16690
16709
16712
16744
16745
16748
16768
16769
16801
16900
16901
16905
16906
16932
16933
16934
16942
16961
16967
16980
17000
17022
17023
17038
17069
17095
17156
17170
17171
17184
17185
17191
17213
17236
17238
17244
17245
17246
17247
17317
17321
17352
17353
17363
17364
17378
17394
17408
17413
17426
17428
17436
17437
17440
17441
17444
17446
17453
17459
17460
17462
17468
17469
17502
17539
17540
17578
17579
17580
17581
17582
17604
17605
17618
17619
17663
17669
17673
17674
17677
17680
17684
17690
17691
17702
17705
17709
17728
17729
17750
17761
17762
17768
17801
17805
17806
17826
17862
17885
17886
17893
17902
17905
17910
17918
17925
17942
17953
17973
17980
18005
18013
18110
18176
18178
18180
18189
18194
18197
18210
18216
18236
18240
18252
18258
18265
18273
18274
18293
18317
18344
18345
18369
18370
18371
18372
18375
18432
18435
18473
18475
18484
18493
18498
18499
18504
18508
18512
18516
18517
18518
18529
18532
18535
18549
18572
18573
18574
18621
18639
18640
18641
18658
18660
18691
18704
18718
18719
18721
18752
18753
18774
18780
18785
18786
18811
18831
18846
18882
18883
18884
18910
18944
18945
18949
18965
18985
18987
18989
18994
19009
19025
19034
19035
19036
19044
19110
19170
19201
19213
19216
19218
19220
19221
19232
19233
19259
19271
19303
19304
19305
19346
19392
19393
19474
19488
19489
19495
19508
19522
19528
19553
19554
19628
19629
19679
19724
19729
19741
19744
19745
19751
19752
19773
19776
19809
19838
19871
19909
19938
19951
19952
19972
19973
19977
19987
19996
20000
20003
20005
20020
20033
20037
20040
20052
20056
20062
20065
20089
20112
20173
20194
20224
20241
20243
20250
20257
20261
20263
20264
20268
20273
20274
20276
20279
20287
20288
20295
20296
20312
20313
20324
20333
20364
20365
20381
20401
20413
20421
20467
20468
20469
20480
20485
20492
20500
20520
20527
20542
20550
20551
20564
20571
20572
20585
20676
20677
20708
20741
20766
20767
20769
20772
20774
20775
20777
20780
20783
20786
20787
20795
20796
20807
20808
20820
20825
20831
20832
20837
20859
20893
20915
20932
20936
20939
20940
20941
20945
20946
20992
20994
21000
21001
21002
21010
21011
21014
21019
21024
21025
21030
21031
21037
21043
21044
21045
21048
21080
21097
21132
21158
21162
21180
21194
21195
21202
21203
21204
21214
21256
21265
21280
21284
21303
21304
21309
21310
21322
21336
21337
21350
21352
21353
21354
21383
21384
21418
21440
21470
21471
21476
21507
21508
21522
21536
21541
21546
21549
21550
21556
21572
21573
21580
21588
21593
21601
21602
21603
21676
21702
21706
21732
21759
21762
21764
21765
21774
21782
21786
21797
21798
21803
21811
21812
21824
21825
21826
21831
21837
21838
21842
21854
21857
21894
21907
21931
21937
21938
21981
21982
21985
21990
21997
21998
22001
22007
22010
22011
22013
22020
22021
22022
22043
22049
22053
22061
22077
22081
22083
22084
22089
22108
22109
22113
22117
22130
22134
22135
22173
22205
22211
22212
22213
22234
22235
22236
22254
22272
22280
22295
22296
22305
22308
22313
22314
22315
22324
22326
22331
22332
22334
22337
22343
22344
22373
22395
22500
22528
22537
22560
22565
22568
22573
22580
22593
22620
22627
22628
22649
22686
22699
22700
22720
22725
22762
22788
22789
22815
22822
22840
22889
22893
22954
22965
22966
22977
22978
23045
23046
23061
23062
23080
23085
23090
23093
23100
23107
23111
23112
23129
23141
23142
23169
23218
23233
23256
23296
23297
23300
23322
23324
23330
23331
23332
23336
23348
23373
23374
23380
23400
23401
23436
23437
23489
23555
23557
23568
23569
23570
23576
23581
23584
23595
23597
23598
23629
23630
23636
23637
23653
23706
23726
23728
23809
23812
23813
23830
23841
23853
23854
23860
23861
23869
23917
23989
24005
24006
24030
24031
24034
24065
24081
24082
24097
24100
24101
24102
24158
24187
24188
24200
24256
24257
24286
24292
24295
24324
24339
24365
24376
24381
24470
24489
24497
24498
24526
24542
24543
24548
24589
24603
24604
24608
24629
24652
24660
24674
24682
24715
24716
24778
24833
24844
24849
24876
24882
24885
24887
24893
24901
24929
24930
24934
24935
24936
24937
24938
25000
25028
25060
25089
25107
25120
25129
25163
25172
25173
25174
25188
25192
25197
25211
25212
25247
25254
25345
25385
25386
25389
25397
25398
25446
25447
25448
25465
25480
25502
25527
25539
25540
25570
25618
25632
25638
25644
25652
25672
25684
25685
25688
25689
25694
25758
25836
25855
25857
25859
25860
25888
25889
25893
25896
25917
25940
25942
25948
25954
25961
26019
26058
26085
26086
26089
26090
26092
26093
26094
26105
26106
26107
26109
26110
26140
26144
26149
26158
26159
26162
26165
26166
26174
26176
26177
26178
26182
26190
26202
26235
26236
26237
26238
26248
26249
26285
26302
26304
26327
26340
26373
26392
26397
26398
26401
26402
26406
26428
26452
26456
26461
26469
26526
26536
26537
26538
26553
26554
26561
26565
26624
26625
26629
26668
26676
26677
26685
26691
26692
26693
26695
26696
26711
26712
26716
26725
26742
26769
26813
26816
26817
26821
26828
26852
26858
26866
26871
26881
26885
26911
26912
26916
26917
26919
26935
26949
26952
26969
26994
26995
27001
27020
27021
27038
27055
27056
27076
27092
27103
27136
27138
27139
27140
27141
27169
27173
27175
27182
27196
27207
27213
27214
27215
27216
27217
27259
27304
27362
27364
27366
27396
27397
27410
27411
27417
27428
27429
27431
27433
27437
27439
27453
27457
27467
27468
27470
27484
27500
27501
27518
27519
27542
27543
27549
27584
27614
27615
27616
27630
27638
27651
27652
27654
27657
27666
27681
27690
27692
27694
27695
27696
27700
27708
27722
27732
27806
27842
27844
27854
27874
27920
27923
27928
27929
27937
27939
27956
27957
27960
27966
27976
27977
27978
27982
27993
28001
28025
28086
28087
28091
28092
28096
28130
28160
28172
28173
28181
28185
28191
28202
28206
28207
28212
28276
28337
28351
28352
28353
28354
28355
28356
28357
28358
28433
28434
28445
28452
28468
28470
28488
28489
28520
28539
28540
28605
28609
28610
28640
28679
28680
28690
28691
28710
28711
28724
28733
28760
28777
28785
28794
28798
28827
28840
28846
28864
28888
28896
28900
28927
28929
28933
28947
28950
28959
28969
28982
28993
29005
29017
29070
29082
29086
29098
29110
29121
29131
29153
29158
29162
29163
29164
29166
29182
29186
29187
29188
29210
29213
29217
29218
29251
29263
29266
29285
29286
29305
29344
29412
29445
29450
29472
29473
29486
29487
29492
29500
29501
29503
29507
29508
29509
29510
29518
29527
29528
29536
29537
29538
29542
29543
29544
29565
29567
29580
29609
29610
29626
29638
29651
29652
29682
29714
29723
29730
29732
29733
29742
29751
29752
29762
29790
29808
29809
29817
29832
29888
29918
29957
29958
29973
29985
29986
30014
30030
30034
30039
30040
30045
30046
30051
30052
30053
30059
30083
30123
30124
30141
30144
30152
30180
30209
30212
30213
30226
30240
30241
30243
30244
30245
30250
30257
30260
30261
30263
30269
30276
30277
30294
30313
30325
30374
30400
30401
30402
30405
30436
30465
30467
30468
30469
30474
30482
30484
30499
30501
30502
30504
30525
30538
30548
30555
30556
30558
30566
30573
30624
30674
30692
30721
30734
30738
30740
30742
30748
30753
30757
30759
30762
30765
30772
30775
30777
30778
30779
30780
30781
30795
30796
30810
30811
30812
30818
30827
30888
30908
30912
30913
30927
30942
30956
30980
30981
30996
31008
31009
31018
31020
31023
31033
31041
31054
31056
31074
31078
31079
31080
31081
31095
31120
31142
31151
31173
31177
31178
31202
31232
31234
31237
31284
31299
31316
31331
31332
31333
31337
31355
31356
31374
31420
31423
31424
31425
31428
31493
31505
31506
31510
31512
31513
31514
31533
31538
31557
31568
31574
31584
31589
31590
31629
31630
31635
31647
31659
31660
31661
31685
31686
31716
31764
31769
31770
31771
31780
31788
31797
31798
31816
31824
31830
31835
31836
31839
31842
31843
31844
31894
31909
31936
31970
31972
32001
32016
32018
32019
32039
32046
32047
32052
32058
32059
32060
32065
32066
32092
32093
32101
32106
32193
32194
32197
32198
32201
32222
32223
32228
32273
32276
32288
32289
32293
32294
32312
32317
32321
32325
32342
32378
32382
32388
32392
32436
32449
32450
32452
32453
32478
32484
32528
32543
32544
32545
32548
32549
32554
32575
32584
32590
32591
32592
32632
32700
32701
32704
32709
32710
32734
32752
32759
32773
32787
32801
32804
32807
32808
32811
32812
32813
32815
32816
32817
32818
32834
32835
32840
32864
32936
32956
32962
32964
32965
32966
32980
33024
33025
33061
33085
33087
33106
33129
33147
33148
33190
33217
33218
33231
33246
33250
33284
33285
33308
33310
33312
33314
33320
33321
33349
33350
33352
33422
33475
33476
33477
33482
33483
33508
33537
33541
33542
33543
33554
33572
33574
33576
33588
33610
33620
33627
33639
33704
33705
33714
33719
33732
33751
33752
33791
33795
33797
33804
33809
33813
33817
33820
33827
33829
33830
33842
33864
33865
33866
33868
33880
33928
33968
33969
33987
33988
34002
34013
34015
34021
34033
34049
34064
34067
34073
34079
34136
34137
34146
34147
34151
34152
34170
34180
34215
34216
34238
34241
34247
34322
34336
34337
34338
34340
34341
34390
34401
34402
34404
34405
34413
34432
34438
34446
34481
34501
34513
34561
34564
34565
34578
34592
34594
34597
34598
34610
34624
34625
34626
34629
34642
34644
34646
34651
34652
34656
34664
34665
34668
34672
34673
34704
34734
34756
34760
34788
34818
34820
34837
34848
34849
34850
34853
34862
34874
34876
34879
34887
34890
34896
34903
34904
34905
34938
34956
34968
35010
35012
35015
35016
35038
35044
35073
35095
35096
35109
35110
35139
35160
35161
35170
35173
35176
35177
35198
35238
35246
35260
35265
35266
35267
35268
35269
35294
35298
35300
35329
35333
35340
35346
35351
35352
35353
35361
35364
35375
35379
35380
35381
35392
35409
35412
35413
35414
35431
35432
35436
35451
35452
35499
35516
35517
35536
35544
35550
35551
35584
35587
35600
35601
35602
35603
35624
35625
35631
35636
35638
35640
35648
35652
35654
35658
35663
35664
35671
35672
35675
35686
35687
35688
35689
35726
35728
35752
35753
35754
35775
35776
35777
35784
35785
35849
35850
35857
35872
35881
35882
35886
35887
35896
35912
35915
35916
35940
35944
36010
36039
36049
36050
36101
36102
36114
36117
36130
36138
36139
36146
36148
36181
36182
36216
36217
36218
36222
36264
36265
36353
36361
36370
36371
36397
36403
36404
36414
36419
36425
36426
36451
36452
36453
36488
36492
36535
36540
36609
36613
36617
36620
36621
36640
36642
36683
36684
36692
36695
36703
36705
36710
36715
36716
36778
36782
36804
36816
36864
36866
36869
36877
36878
36896
36901
36910
36915
36929
36934
36937
36938
36950
36966
37015
37016
37025
37036
37052
37071
37072
37073
37092
37124
37157
37158
37160
37161
37164
37172
37188
37191
37192
37209
37210
37217
37218
37223
37224
37230
37239
37294
37298
37304
37326
37327
37359
37360
37380
37381
37383
37384
37385
37386
37387
37393
37401
37411
37415
37420
37432
37433
37437
37449
37477
37502
37632
37634
37636
37637
37649
37660
37672
37673
37695
37714
37716
37724
37725
37728
37737
37755
37758
37800
37806
37825
37826
37832
37833
37860
37890
37893
37894
37897
37901
37909
37914
37920
37921
37933
37940
37945
37948
37949
37963
37972
37974
37981
37982
38011
38048
38054
38064
38082
38110
38116
38145
38149
38157
38162
38168
38177
38179
38185
38186
38205
38244
38247
38248
38260
38276
38349
38400
38404
38405
38418
38452
38461
38475
38481
38494
38495
38526
38593
38594
38596
38597
38598
38601
38642
38658
38660
38685
38686
38698
38708
38716
38717
38744
38749
38760
38800
38850
38852
38855
38858
38864
38884
38937
38945
38949
38952
38959
38964
38968
38972
38973
38984
38992
39004
39005
39016
39017
39050
39082
39088
39095
39100
39103
39104
39140
39170
39172
39173
39184
39188
39194
39201
39207
39211
39217
39218
39228
39229
39233
39256
39296
39308
39309
39310
39342
39365
39394
39439
39440
39443
39444
39476
39493
39523
39647
39650
39699
39702
39714
39716
39718
39732
39741
39764
39771
39772
39784
39801
39814
39869
39875
39876
39878
39919
39939
39953
39957
39958
39962
39963
39972
39988
39992
39996
40004
40005
40016
40020
40025
40036
40037
40040
40098
40128
40129
40195
40197
40209
40210
40212
40213
40214
40217
40226
40227
40229
40242
40252
40253
40255
40284
40293
40294
40295
40296
40297
40299
40321
40384
40385
40445
40447
40449
40450
40453
40457
40466
40477
40480
40490
40496
40499
40500
40507
40526
40546
40550
40552
40589
40635
40645
40648
40658
40678
40702
40708
40716
40742
40749
40750
40754
40760
40772
40780
40782
40792
40801
40808
40809
40819
40820
40821
40826
40843
40844
40856
40858
40859
40907
40946
40981
40986
40989
41003
41004
41006
41008
41016
41032
41045
41046
41057
41092
41100
41101
41102
41145
41154
41217
41220
41221
41230
41235
41236
41250
41254
41255
41268
41281
41293
41294
41302
41308
41313
41314
41315
41316
41327
41328
41337
41358
41367
41376
41408
41409
41438
41439
41473
41481
41509
41513
41517
41518
41523
41525
41529
41549
41550
41558
41559
41564
41582
41668
41683
41700
41732
41733
41746
41747
41764
41768
41769
41772
41775
41780
41783
41795
41798
41812
41830
41849
41896
41897
41908
41909
41919
41920
41923
41924
41937
41950
41951
41985
41988
41989
41997
41998
42004
42016
42022
42026
42028
42030
42048
42052
42056
42062
42088
42089
42120
42145
42156
42160
42170
42172
42177
42184
42245
42246
42259
42261
42286
42289
42290
42292
42344
42345
42350
42356
42368
42397
42398
42399
42434
42466
42501
42528
42531
42538
42557
42559
42576
42586
42593
42606
42612
42689
42690
42693
42696
42718
42757
42774
42776
42783
42784
42785
42788
42795
42797
42799
42809
42813
42816
42817
42823
42824
42832
42833
42840
42841
42910
42940
42941
42944
42945
42946
42949
42950
42958
42961
42962
42978
43041
43047
43048
43061
43063
43069
43098
43111
43125
43144
43189
43199
43200
43236
43269
43282
43284
43312
43321
43334
43343
43344
43349
43350
43351
43361
43362
43363
43365
43366
43369
43406
43456
43459
43460
43463
43465
43490
43522
43524
43538
43552
43553
43557
43558
43567
43568
43585
43605
43620
43621
43638
43639
43682
43687
43688
43689
43690
43709
43717
43719
43725
43776
43780
43794
43798
43820
43843
43868
43879
43885
43908
43910
43973
44004
44037
44040
44050
44052
44054
44057
44064
44065
44073
44076
44096
44108
44122
44124
44125
44135
44136
44212
44262
44308
44331
44334
44339
44346
44347
44349
44355
44389
44390
44393
44394
44430
44431
44438
44489
44514
44549
44554
44560
44562
44563
44569
44576
44579
44584
44595
44616
44636
44642
44645
44648
44649
44658
44659
44660
44664
44665
44702
44737
44740
44772
44796
44804
44818
44822
44828
44832
44847
44860
44868
44878
44881
44884
44885
44892
44893
44898
44899
44900
44921
44925
44926
44932
44993
44996
45022
45028
45082
45088
45108
45116
45117
45123
45142
45160
45161
45177
45284
45298
45315
45317
45330
45335
45347
45354
45362
45366
45394
45397
45398
45399
45405
45410
45417
45487
45488
45492
45493
45509
45512
45522
45581
45587
45620
45633
45658
45679
45680
45681
45703
45704
45705
45717
45718
45759
45760
45792
45819
45829
45840
45843
45856
45857
45861
45876
45880
45881
45889
45906
45947
45948
45956
45965
46016
46017
46081
46084
46085
46100
46101
46132
46147
46172
46178
46190
46196
46206
46273
46303
46341
46355
46368
46388
46390
46402
46403
46416
46420
46421
46428
46429
46430
46431
46432
46440
46462
46467
46478
46505
46506
46525
46530
46532
46535
46537
46538
46559
46597
46609
46610
46621
46626
46632
46633
46644
46653
46654
46674
46675
46676
46686
46692
46698
46703
46713
46727
46728
46729
46730
46731
46732
46733
46747
46750
46761
46764
46768
46769
46787
46856
46865
46893
46896
46897
46898
46902
46908
46909
46937
46943
46946
46947
46948
46951
46952
46956
46995
47025
47026
47040
47047
47048
47058
47103
47125
47138
47141
47148
47150
47156
47160
47164
47198
47204
47220
47240
47261
47285
47314
47350
47362
47365
47366
47377
47385
47393
47395
47402
47404
47405
47410
47412
47422
47435
47436
47444
47445
47446
47447
47526
47528
47538
47550
47616
47618
47628
47632
47633
47647
47658
47659
47660
47661
47669
47670
47671
47678
47698
47713
47714
47717
47758
47800
47871
47873
47885
47890
47892
47899
47902
47905
47926
47929
47933
47936
47938
47940
47941
47960
47964
47970
47971
47972
47973
47974
47975
47976
47977
48014
48022
48029
48030
48094
48103
48104
48130
48137
48161
48162
48163
48165
48171
48173
48178
48180
48187
48188
48220
48226
48230
48305
48316
48320
48321
48344
48351
48354
48356
48385
48389
48390
48393
48398
48401
48410
48430
48449
48450
48453
48461
48462
48468
48470
48471
48472
48482
48484
48499
48561
48573
48579
48659
48673
48681
48685
48686
48705
48706
48715
48716
48721
48736
48739
48740
48744
48745
48749
48784
48801
48839
48840
48858
48862
48863
48898
48939
48940
48948
48956
48972
48990
48993
49001
49066
49084
49088
49109
49151
49154
49158
49169
49172
49176
49177
49178
49196
49197
49212
49213
49219
49223
49240
49241
49243
49244
49246
49249
49256
49257
49295
49296
49309
49383
49386
49393
49394
49395
49396
49397
49398
49400
49401
49402
49403
49405
49407
49409
49413
49426
49435
49442
49447
49454
49469
49474
49496
49499
49500
49501
49508
49509
49578
49579
49580
49600
49634
49635
49641
49660
49661
49669
49708
49716
49719
49720
49729
49764
49765
49801
49833
49834
49845
49848
49860
49864
49875
49876
49932
49938
49940
49941
49943
49952
49953
49960
49964
49972
49992
50009
50012
50018
50019
50020
50078
50142
50148
50175
50176
50178
50183
50196
50209
50216
50222
50228
50237
50241
50254
50261
50262
50263
50264
50268
50269
50273
50365
50368
50394
50397
50403
50404
50408
50409
50412
50413
50414
50429
50430
50435
50437
50438
50446
50449
50450
50460
50478
50479
50481
50482
50486
50487
50493
50496
50497
50524
50525
50620
50632
50651
50654
50658
50660
50688
50706
50708
50720
50724
50732
50740
50748
50766
50809
50828
50872
50876
50877
50880
50911
50976
50980
50987
51021
51022
51041
51049
51084
51085
51139
51140
51145
51146
51170
51203
51219
51223
51232
51246
51248
51263
51264
51278
51280
51292
51316
51387
51388
51389
51402
51430
51434
51457
51476
51478
51493
51502
51504
51506
51515
51521
51555
51556
51561
51583
51609
51610
51611
51657
51711
51716
51730
51741
51750
51753
51781
51782
51790
51795
51796
51797
51800
51817
51821
51835
51836
51870
51904
51907
51908
51953
51958
51965
51973
51990
52004
52005
52018
52029
52032
52037
52050
52052
52077
52134
52167
52195
52196
52251
52252
52256
52261
52264
52275
52284
52312
52315
52316
52324
52364
52392
52393
52400
52401
52409
52431
52434
52447
52452
52482
52484
52485
52497
52499
52513
52526
52527
52534
52535
52537
52539
52540
52564
52585
52603
52604
52605
52606
52613
52614
52622
52669
52671
52672
52673
52676
52696
52741
52755
52756
52772
52773
52805
52812
52819
52820
52827
52828
52829
52833
52835
52840
52844
52848
52849
52876
52877
52911
52917
52929
52932
52933
52934
52952
52992
52995
52996
52997
53000
53001
53024
53028
53052
53053
53055
53068
53092
53101
53102
53103
53105
53144
53174
53175
53190
53230
53251
53256
53267
53273
53276
53281
53291
53309
53312
53329
53330
53340
53352
53353
53396
53406
53426
53437
53443
53444
53458
53470
53476
53500
53504
53505
53509
53522
53523
53526
53536
53549
53563
53567
53622
53630
53634
53665
53693
53695
53696
53732
53761
53789
53792
53794
53796
53797
53800
53808
53812
53888
53893
53948
53958
53959
54019
54020
54024
54025
54026
54034
54035
54077
54080
54088
54089
54093
54094
54108
54109
54112
54116
54137
54138
54151
54152
54160
54212
54216
54219
54273
54288
54290
54304
54312
54316
54318
54333
54344
54349
54356
54360
54361
54362
54363
54364
54374
54412
54429
54440
54468
54494
54495
54498
54528
54529
54533
54573
54585
54588
54591
54598
54599
54613
54618
54636
54670
54679
54705
54716
54729
54735
54754
54767
54768
54793
54806
54810
54816
54817
54821
54823
54826
54829
54860
54885
54888
54903
54944
54945
54978
55041
55044
55048
55059
55061
55069
55086
55112
55133
55140
55176
55200
55234
55235
55236
55237
55268
55305
55315
55316
55333
55336
55338
55340
55353
55357
55378
55380
55390
55398
55448
55456
55465
55488
55557
55574
55586
55589
55601
55603
55622
55623
55624
55627
55628
55657
55660
55721
55723
55729
55775
55807
55809
55813
55814
55820
55827
55844
55845
55846
55848
55851
55852
55853
55860
55864
55868
55877
55879
55880
55896
55906
55907
55908
55909
55931
55949
55950
55965
55989
56001
56002
56007
56034
56062
56068
56095
56097
56101
56112
56120
56125
56130
56140
56141
56142
56151
56152
56161
56162
56165
56166
56168
56189
56232
56233
56257
56258
56259
56260
56269
56300
56320
56321
56353
56354
56364
56365
56374
56376
56385
56388
56389
56409
56410
56414
56420
56424
56429
56441
56498
56548
56578
56581
56595
56597
56598
56611
56612
56613
56614
56626
56632
56637
56651
56652
56664
56665
56673
56677
56746
56765
56772
56775
56776
56781
56851
56853
56862
56869
56882
56893
56896
56904
56905
56906
56907
56914
56915
56916
56918
56919
56923
56930
56931
56932
56933
57054
57058
57065
57087
57095
57113
57114
57115
57116
57127
57128
57142
57144
57147
57149
57152
57159
57165
57171
57172
57173
57188
57192
57193
57202
57209
57248
57286
57303
57304
57305
57316
57317
57342
57349
57373
57376
57381
57382
57387
57396
57400
57401
57405
57416
57417
57426
57427
57428
57429
57439
57440
57443
57444
57445
57446
57448
57449
57450
57486
57511
57512
57513
57532
57538
57542
57575
57576
57582
57605
57606
57609
57616
57617
57645
57666
57668
57669
57671
57672
57675
57676
57682
57691
57697
57698
57700
57744
57786
57792
57793
57794
57795
57796
57797
57798
57828
57856
57860
57861
57876
57888
57892
57893
57894
57895
57902
57908
57919
57920
57921
57922
57923
57928
57945
57949
57965
57975
57991
57992
58015
58016
58018
58023
58024
58025
58051
58063
58064
58086
58114
58116
58125
58145
58146
58157
58164
58168
58172
58173
58187
58188
58190
58198
58212
58216
58217
58244
58245
58292
58305
58367
58380
58381
58384
58386
58394
58400
58409
58420
58427
58440
58448
58465
58504
58546
58560
58568
58593
58597
58604
58605
58606
58608
58609
58621
58622
58641
58654
58655
58660
58665
58666
58677
58689
58705
58710
58729
58794
58812
58814
58817
58821
58822
58829
58883
58885
58898
58908
58909
58921
58932
58933
58947
58948
58949
58979
58980
59002
59025
59058
59077
59083
59089
59096
59108
59137
59152
59153
59154
59169
59171
59172
59173
59186
59207
59208
59216
59220
59233
59241
59305
59309
59316
59319
59392
59394
59396
59424
59429
59435
59436
59444
59447
59464
59476
59501
59518
59562
59566
59588
59620
59649
59651
59652
59653
59659
59660
59665
59668
59680
59681
59700
59731
59741
59742
59751
59752
59753
59786
59796
59802
59822
59937
59941
59945
59954
59965
59966
59967
59985
59986
60014
60025
60076
60084
60087
60098
60099
60100
60105
60126
60146
60163
60164
60170
60189
60190
60193
60228
60236
60237
60261
60282
60348
60416
60438
60448
60451
60460
60476
60483
60484
60485
60500
60503
60504
60505
60506
60532
60552
60582
60583
60584
60602
60644
60677
60703
60707
60726
60727
60729
60804
60805
60806
60811
60846
60861
60863
60866
60898
60930
60933
60947
60948
60956
60962
60965
60992
60999
61000
61012
61034
61048
61049
61102
61107
61121
61185
61188
61189
61197
61202
61216
61223
61227
61238
61256
61259
61260
61261
61264
61279
61280
61285
61350
61384
61418
61445
61446
61460
61480
61483
61484
61492
61494
61501
61517
61524
61525
61526
61540
61548
61560
61612
61633
61634
61715
61716
61723
61757
61761
61763
61817
61822
61840
61877
61878
61889
61906
61915
61918
61919
61922
61953
61957
61958
61978
61984
61994
62040
62094
62151
62152
62162
62168
62213
62221
62226
62241
62242
62243
62263
62289
62290
62295
62296
62301
62307
62308
62309
62310
62424
62466
62482
62508
62511
62515
62516
62525
62531
62532
62534
62539
62540
62541
62544
62555
62556
62565
62568
62569
62654
62655
62656
62683
62686
62687
62690
62692
62724
62730
62741
62761
62763
62764
62771
62772
62788
62789
62806
62807
62823
62824
62825
62841
62843
62918
62920
62921
62943
62948
62976
62981
62995
63000
63010
63013
63015
63020
63037
63065
63070
63074
63098
63099
63111
63112
63116
63142
63145
63169
63170
63171
63172
63202
63236
63251
63276
63278
63314
63316
63339
63390
63391
63406
63415
63424
63432
63433
63458
63506
63507
63519
63531
63535
63540
63548
63580
63591
63678
63684
63685
63764
63768
63769
63770
63776
63825
63826
63845
63846
63847
63848
63851
63852
63860
63861
63870
63889
63902
63913
63917
63925
63941
63992
64000
64019
64021
64029
64038
64045
64056
64067
64076
64089
64094
64105
64136
64152
64154
64155
64188
64197
64198
64199
64201
64210
64288
64290
64297
64298
64317
64319
64349
64359
64360
64400
64428
64429
64430
64448
64452
64453
64478
64479
64482
64521
64522
64526
64531
64534
64544
64547
64554
64564
64568
64573
64584
64587
64588
64589
64594
64600
64601
64604
64609
64634
64640
64660
64704
64707
64738
64739
64740
64746
64769
64773
64789
64796
64797
64802
64809
64810
64813
64833
64959
64960
64961
64966
64995
64996
65025
65036
65043
65058
65068
65074
65087
65169
65170
65211
65217
65221
65233
65246
65247
65252
65281
65305
65306
65308
65313
65316
65321
65360
65361
65364
65372
65377
65384
65385
65389
65391
65392
65400
65401
65433
65444
65445
65460
65472
65480
65481
65487
65509
65515
