2
4
7
16
32
42
44
59
60
61
72
83
84
87
88
98
99
100
105
122
123
160
166
169
179
180
188
200
206
219
250
254
255
258
264
265
266
309
310
313
318
335
349
353
357
372
373
374
377
419
481
482
489
505
542
546
565
572
573
576
577
580
585
589
598
599
600
601
602
605
606
607
608
609
610
611
612
615
616
617
628
629
630
672
688
698
705
709
710
711
712
717
718
729
761
764
765
766
767
772
780
796
801
804
808
809
821
822
825
829
842
869
875
876
877
883
884
952
966
974
984
985
988
989
990
991
997
998
1018
1021
1026
1033
1034
1040
1041
1043
1044
1045
1049
1056
1076
1077
1078
1079
1090
1091
1092
1111
1112
1130
1132
1142
1143
1177
1188
1196
1202
1203
1239
1240
1241
1242
1243
1244
1282
1283
1284
1285
1294
1296
1303
1309
1313
1333
1353
1354
1355
1356
1365
1373
1374
1377
1382
1387
1388
1389
1444
1453
1456
1473
1477
1493
1500
1556
1557
1565
1576
1604
1605
1607
1613
1618
1631
1632
1633
1730
1744
1763
1766
1788
1789
1795
1800
1803
1809
1822
1825
1829
1836
1853
1887
1890
1894
1900
1905
1906
1907
1908
1952
1953
1956
1957
1964
1965
1966
1980
1981
2044
2053
2061
2094
2100
2101
2110
2125
2136
2137
2151
2152
2156
2166
2173
2174
2206
2220
2239
2258
2264
2267
2268
2331
2332
2337
2369
2377
2378
2379
2382
2383
2389
2393
2401
2402
2405
2406
2417
2421
2425
2429
2430
2493
2522
2524
2531
2532
2553
2564
2592
2600
2624
2625
2629
2630
2633
2634
2649
2652
2653
2654
2657
2660
2661
2662
2677
2685
2722
2730
2731
2732
2734
2735
2736
2750
2766
2790
2820
2853
2854
2856
2885
2887
2888
2889
2909
2915
2940
2947
2948
2970
2971
2992
2993
2994
3030
3036
3037
3065
3078
3079
3080
3097
3104
3105
3108
3109
3110
3134
3137
3142
3145
3148
3149
3158
3169
3170
3171
3172
3176
3177
3178
3187
3188
3217
3232
3240
3251
3260
3261
3262
3263
3277
3284
3292
3322
3361
3362
3365
3369
3401
3402
3409
3413
3414
3433
3485
3495
3496
3505
3517
3536
3545
3577
3585
3588
3589
3617
3624
3628
3636
3637
3641
3648
3649
3650
3656
3657
3658
3662
3672
3676
3705
3738
3749
3752
3759
3760
3761
3796
3803
3804
3832
3833
3837
3842
3843
3844
3845
3846
3864
3865
3873
3880
3884
3893
3916
3917
3922
3929
3952
3953
3954
3956
3957
3958
3959
4005
4026
4030
4044
4045
4059
4060
4114
4115
4116
4117
4118
4128
4129
4136
4137
4172
4173
4180
4181
4192
4196
4220
4225
4230
4232
4284
4285
4315
4316
4344
4345
4366
4382
4385
4390
4409
4421
4437
4445
4456
4474
4516
4525
4526
4528
4529
4540
4544
4601
4602
4604
4605
4617
4626
4628
4637
4640
4641
4665
4670
4675
4676
4678
4683
4684
4687
4691
4692
4693
4700
4703
4704
4705
4706
4714
4716
4765
4774
4775
4778
4785
4794
4805
4820
4825
4847
4859
4860
4865
4866
4897
4898
4914
4915
4916
4946
4948
4949
4950
4953
4958
4961
4969
4970
4972
4976
4977
4978
4989
5018
5032
5033
5042
5043
5058
5060
5069
5081
5093
5094
5122
5125
5127
5147
5148
5149
5150
5153
5175
5176
5186
5188
5197
5203
5204
5216
5217
5222
5226
5227
5228
5239
5240
5281
5282
5283
5284
5285
5292
5308
5315
5316
5317
5318
5320
5340
5350
5372
5373
5377
5384
5385
5400
5406
5409
5425
5428
5441
5442
5445
5446
5458
5474
5475
5476
5477
5498
5501
5530
5551
5552
5562
5569
5571
5572
5573
5574
5581
5625
5651
5652
5660
5665
5668
5669
5693
5700
5701
5706
5707
5708
5709
5714
5717
5722
5746
5747
5748
5752
5753
5787
5788
5810
5819
5828
5859
5892
5907
5908
5917
5924
5925
5928
5938
5943
5944
5958
5966
5968
5969
5970
5972
5990
5998
6004
6005
6014
6067
6076
6082
6092
6094
6108
6109
6133
6134
6142
6143
6151
6152
6168
6178
6190
6198
6206
6207
6208
6211
6212
6214
6217
6232
6233
6234
6240
6243
6244
6258
6307
6308
6314
6318
6322
6340
6341
6342
6348
6357
6365
6383
6410
6433
6435
6440
6441
6469
6470
6471
6476
6477
6481
6492
6508
6509
6559
6560
6561
6562
6563
6564
6565
6573
6583
6584
6585
6586
6617
6618
6649
6660
6661
6664
6666
6689
6695
6707
6708
6713
6721
6724
6725
6737
6742
6760
6772
6773
6780
6781
6808
6821
6827
6828
6844
6845
6878
6880
6888
6905
6916
6917
6936
6937
6944
6984
6988
7000
7001
7012
7013
7038
7072
7078
7084
7087
7088
7101
7105
7161
7162
7178
7179
7189
7201
7210
7212
7220
7223
7237
7238
7271
7285
7295
7324
7335
7336
7353
7385
7388
7420
7421
7425
7446
7447
7449
7457
7462
7490
7491
7492
7497
7506
7509
7516
7525
7543
7544
7550
7585
7593
7597
7599
7617
7628
7629
7641
7645
7646
7673
7681
7688
7700
7713
7718
7721
7736
7737
7742
7743
7744
7761
7764
7774
7776
7785
7793
7806
7842
7846
7847
7848
7870
7901
7912
7957
7962
7968
7969
7970
7990
8004
8031
8032
8054
8059
8060
8098
8099
8105
8149
8150
8196
8197
8216
8220
8247
8248
8249
8256
8257
8258
8270
8280
8294
8298
8300
8352
8366
8391
8392
8405
8412
8444
8468
8470
8481
8486
8488
8490
8501
8505
8510
8522
8523
8534
8561
8566
8573
8612
8613
8666
8667
8668
8669
8670
8713
8738
8745
8757
8758
8793
8805
8812
8828
8865
8866
8867
8868
8880
8892
8893
8897
8898
8930
8934
8953
8954
8957
8967
8969
8973
8980
8981
8992
8993
9012
9013
9018
9019
9032
9034
9035
9038
9041
9066
9128
9150
9181
9213
9225
9241
9242
9258
9260
9262
9268
9269
9271
9272
9277
9278
9279
9280
9289
9300
9301
9306
9312
9313
9314
9321
9322
9340
9384
9392
9394
9396
9414
9418
9419
9420
9421
9424
9434
9464
9465
9466
9500
9501
9505
9506
9525
9535
9538
9541
9545
9546
9557
9569
9577
9590
9592
9607
9629
9630
9641
9642
9645
9662
9663
9664
9665
9666
9689
9748
9749
9761
9768
9769
9778
9782
9788
9793
9804
9813
9819
9820
9844
9883
9884
9885
9886
9892
9893
9896
9905
9906
9907
9917
9944
9945
9971
9972
9976
9980
9981
9996
10012
10017
10035
10036
10058
10066
10067
10068
10077
10089
10098
10099
10106
10107
10108
10109
10204
10233
10237
10244
10249
10272
10278
10292
10304
10305
10316
10339
10340
10341
10342
10344
10347
10348
10351
10352
10364
10365
10366
10371
10372
10394
10410
10411
10412
10418
10429
10440
10457
10458
10460
10461
10488
10492
10529
10561
10573
10587
10597
10604
10612
10661
10662
10663
10664
10665
10672
10675
10747
10748
10749
10795
10800
10814
10815
10816
10817
10836
10837
10845
10846
10852
10859
10860
10870
10873
10899
10910
10913
10926
10927
10928
10929
10930
10931
11036
11040
11041
11061
11068
11069
11072
11073
11074
11075
11083
11087
11088
11093
11105
11109
11114
11121
11132
11133
11134
11162
11163
11164
11165
11229
11256
11257
11265
11297
11298
11308
11316
11327
11328
11346
11354
11355
11356
11357
11371
11372
11373
11374
11375
11384
11385
11391
11418
11424
11431
11453
11458
11480
11491
11520
11530
11561
11571
11572
11577
11597
11606
11610
11621
11625
11633
11639
11675
11682
11707
11708
11709
11737
11738
11769
11781
11786
11796
11803
11804
11808
11809
11816
11822
11844
11849
11864
11872
11873
11876
11881
11930
11937
11940
11941
11944
11950
11951
11952
11955
11961
12029
12061
12072
12073
12096
12097
12098
12106
12112
12113
12121
12128
12129
12130
12158
12173
12174
12175
12186
12194
12201
12211
12221
12222
12245
12246
12297
12308
12311
12328
12329
12332
12334
12342
12343
12344
12374
12379
12380
12381
12382
12394
12396
12408
12474
12509
12519
12520
12536
12541
12545
12566
12577
12578
12607
12608
12609
12610
12611
12617
12618
12629
12632
12638
12641
12642
12649
12659
12660
12669
12698
12699
12700
12730
12761
12793
12794
12797
12801
12809
12828
12829
12840
12850
12862
12864
12882
12883
12884
12885
12890
12898
12900
12904
12905
12909
12914
12916
12919
12923
12924
12978
12979
13017
13049
13053
13064
13093
13120
13121
13132
13149
13154
13161
13179
13180
13181
13200
13214
13219
13220
13221
13273
13308
13309
13313
13316
13317
13321
13326
13345
13352
13367
13377
13378
13380
13384
13415
13416
13417
13419
13420
13421
13426
13438
13468
13469
13488
13498
13499
13502
13505
13506
13561
13562
13569
13578
13583
13601
13602
13607
13643
13650
13665
13666
13670
13685
13686
13687
13729
13740
13745
13746
13751
13752
13797
13798
13816
13817
13820
13832
13833
13848
13852
13853
13890
13894
13898
13924
13931
13932
13941
13954
13976
13985
13989
13996
14010
14012
14016
14063
14071
14072
14110
14112
14113
14117
14144
14148
14154
14165
14166
14167
14168
14169
14175
14176
14177
14196
14197
14209
14213
14217
14222
14223
14248
14268
14282
14332
14368
14371
14372
14377
14382
14387
14392
14406
14410
14420
14424
14425
14427
14428
14429
14438
14441
14446
14456
14457
14502
14503
14504
14514
14545
14556
14563
14566
14586
14588
14589
14625
14629
14651
14652
14655
14656
14657
14658
14663
14671
14674
14681
14694
14705
14709
14710
14714
14715
14716
14719
14757
14758
14759
14785
14811
14812
14817
14818
14821
14829
14831
14841
14843
14846
14847
14853
14858
14859
14860
14885
14920
14925
14933
14936
14937
14947
14952
14953
14964
14965
14973
14974
15004
15008
15026
15035
15036
15037
15038
15063
15064
15066
15073
15078
15096
15097
15112
15113
15158
15185
15188
15200
15206
15217
15222
15223
15260
15273
15282
15297
15303
15304
15326
15353
15358
15359
15364
15371
15372
15376
15377
15381
15387
15388
15389
15393
15422
15423
15424
15425
15426
15427
15428
15451
15452
15453
15460
15463
15468
15469
15470
15479
15482
15515
15516
15520
15521
15525
15538
15539
15545
15548
15549
15550
15576
15580
15581
15585
15588
15606
15612
15613
15626
15631
15635
15643
15644
15646
15649
15657
15669
15670
15673
15674
15681
15683
15684
15685
15690
15691
15696
15701
15705
15713
15714
15717
15737
15741
15778
15826
15864
15865
15869
15873
15876
15896
15897
15898
15904
15905
15920
15929
15930
15947
15948
15965
15973
15976
15995
15996
16041
16044
16045
16046
16047
16048
16049
16050
16058
16060
16061
16089
16132
16160
16171
16175
16181
16182
16226
16230
16232
16306
16315
16316
16317
16332
16348
16349
16350
16376
16385
16386
16395
16404
16418
16441
16445
16453
16468
16472
16476
16480
16505
16518
16541
16547
16548
16549
16550
16556
16563
16564
16572
16581
16582
16584
16585
16588
16589
16641
16642
16661
16674
16677
16686
16688
16689
16697
16709
16710
16718
16721
16733
16734
16745
16746
16757
16810
16813
16857
16889
16897
16899
16929
16932
16933
16935
16949
16961
16972
16979
16980
16981
16984
16987
16994
17018
17050
17054
17055
17056
17073
17074
17090
17094
17096
17129
17149
17173
17182
17185
17207
17208
17209
17213
17237
17243
17244
17245
17250
17251
17265
17268
17274
17275
17276
17296
17306
17307
17308
17309
17315
17316
17318
17320
17321
17324
17325
17328
17329
17342
17345
17354
17403
17404
17405
17408
17409
17417
17436
17438
17440
17441
17468
17469
17470
17476
17477
17491
17496
17500
17501
17515
17526
17528
17529
17534
17566
17567
17568
17580
17581
17586
17587
17657
17669
17685
17686
17687
17696
17697
17703
17719
17720
17731
17735
17757
17758
17768
17790
17841
17842
17853
17917
17924
17925
17936
17939
17940
17944
17989
17993
18002
18003
18004
18013
18064
18108
18109
18110
18114
18122
18125
18184
18185
18213
18216
18238
18239
18240
18241
18252
18260
18274
18275
18276
18300
18344
18345
18346
18382
18390
18398
18406
18424
18431
18433
18440
18441
18444
18466
18487
18494
18495
18501
18508
18516
18517
18518
18528
18529
18530
18531
18536
18537
18548
18549
18552
18556
18588
18589
18609
18611
18620
18621
18721
18739
18742
18743
18790
18801
18805
18806
18807
18808
18815
18816
18845
18889
18918
18941
18946
18957
18958
18965
18977
18978
18999
19012
19013
19014
19015
19016
19017
19018
19031
19032
19033
19038
19039
19040
19041
19042
19043
19044
19068
19106
19112
19116
19123
19192
19193
19195
19196
19202
19205
19222
19223
19225
19228
19229
19237
19241
19257
19266
19268
19269
19272
19277
19288
19289
19300
19301
19302
19305
19306
19315
19316
19354
19369
19370
19391
19392
19400
19411
19416
19417
19451
19460
19484
19488
19507
19512
19513
19528
19529
19530
19531
19549
19555
19556
19564
19568
19572
19573
19628
19643
19644
19645
19646
19663
19664
19665
19675
19693
19695
19708
19720
19721
19741
19745
19753
19778
19781
19793
19808
19809
19814
19837
19870
19871
19872
19873
19874
19886
19899
19900
19909
19914
19917
19918
19922
19929
19972
19976
20000
20001
20004
20005
20022
20030
20039
20040
20041
20044
20053
20054
20060
20061
20065
20085
20086
20087
20093
20121
20138
20141
20142
20145
20146
20180
20189
20190
20221
20225
20247
20251
20252
20260
20268
20276
20277
20281
20283
20287
20294
20295
20296
20307
20312
20313
20381
20382
20411
20414
20416
20424
20441
20492
20493
20507
20508
20531
20554
20573
20578
20580
20581
20635
20636
20637
20638
20639
20640
20644
20652
20667
20668
20669
20676
20679
20680
20687
20688
20689
20690
20724
20739
20740
20752
20753
20769
20782
20783
20784
20785
20793
20796
20801
20802
20803
20804
20809
20810
20821
20822
20833
20834
20838
20853
20894
20905
20913
20914
20943
20944
20945
20963
20994
20995
20996
21000
21001
21019
21024
21025
21032
21044
21045
21047
21050
21051
21057
21069
21070
21071
21072
21078
21080
21084
21085
21090
21105
21117
21121
21125
21129
21133
21134
21135
21136
21154
21155
21158
21159
21160
21166
21169
21170
21174
21181
21193
21196
21197
21198
21245
21256
21257
21258
21270
21275
21280
21284
21300
21311
21312
21328
21329
21330
21335
21336
21337
21350
21352
21353
21354
21411
21415
21418
21422
21425
21450
21451
21452
21456
21470
21478
21497
21519
21536
21566
21572
21576
21577
21588
21589
21594
21598
21658
21672
21678
21679
21724
21757
21762
21782
21793
21801
21820
21824
21844
21845
21853
21877
21914
21925
21939
21972
21973
21974
21982
22043
22044
22046
22048
22049
22050
22054
22085
22092
22095
22096
22108
22109
22111
22112
22117
22137
22141
22142
22170
22173
22178
22185
22186
22203
22204
22205
22216
22217
22222
22226
22228
22229
22263
22264
22265
22266
22267
22303
22304
22305
22309
22330
22331
22332
22343
22344
22370
22387
22388
22394
22398
22474
22489
22493
22524
22531
22532
22533
22560
22561
22581
22582
22588
22589
22590
22616
22627
22628
22654
22684
22688
22719
22720
22721
22725
22732
22747
22748
22788
22793
22817
22840
22845
22869
22873
22877
22899
22900
22949
22953
22959
22960
22961
22962
22971
22972
23005
23006
23033
23037
23044
23045
23067
23068
23094
23099
23109
23114
23130
23132
23145
23184
23197
23209
23214
23215
23216
23217
23218
23230
23232
23238
23259
23260
23336
23337
23349
23355
23357
23358
23362
23363
23364
23365
23366
23370
23379
23380
23381
23391
23392
23398
23407
23413
23414
23415
23485
23503
23504
23548
23549
23553
23556
23577
23580
23581
23584
23585
23588
23589
23590
23592
23596
23604
23605
23606
23607
23624
23625
23634
23644
23645
23646
23656
23665
23670
23674
23677
23717
23728
23766
23767
23768
23772
23841
23845
23857
23858
23859
23877
23878
23881
23883
23884
23889
23890
23891
23892
23897
23915
23930
23934
23966
24006
24013
24030
24068
24071
24074
24076
24077
24078
24097
24100
24101
24130
24138
24149
24150
24151
24158
24159
24160
24161
24170
24182
24190
24228
24231
24241
24257
24262
24266
24269
24279
24280
24284
24285
24324
24336
24353
24354
24357
24361
24393
24405
24406
24417
24428
24440
24441
24442
24444
24480
24485
24486
24506
24509
24510
24512
24513
24552
24572
24573
24584
24605
24608
24610
24611
24612
24613
24628
24650
24651
24661
24670
24671
24672
24673
24676
24677
24739
24744
24767
24768
24769
24770
24790
24795
24796
24803
24804
24806
24839
24843
24861
24862
24864
24868
24869
24873
24893
24901
25015
25027
25028
25029
25033
25081
25085
25090
25091
25092
25100
25115
25116
25117
25120
25122
25141
25142
25145
25150
25162
25169
25172
25173
25174
25193
25194
25195
25211
25247
25248
25249
25257
25263
25264
25278
25310
25337
25338
25341
25356
25360
25380
25388
25406
25407
25408
25409
25427
25428
25429
25459
25460
25461
25462
25463
25498
25504
25512
25540
25545
25565
25566
25570
25574
25593
25609
25613
25616
25627
25628
25631
25632
25650
25651
25662
25663
25664
25665
25680
25686
25687
25688
25694
25704
25708
25756
25804
25818
25822
25827
25837
25839
25852
25853
25884
25889
25910
25911
25912
25917
25918
25921
25922
25925
25929
25930
25931
25937
25941
25942
25953
25954
25962
26017
26021
26045
26057
26073
26103
26104
26105
26122
26123
26125
26139
26140
26141
26144
26145
26146
26148
26149
26153
26169
26175
26176
26177
26178
26190
26192
26193
26207
26218
26219
26233
26276
26281
26298
26305
26310
26314
26325
26326
26334
26341
26342
26365
26368
26369
26402
26404
26425
26428
26436
26439
26440
26441
26442
26448
26449
26450
26458
26459
26460
26461
26472
26473
26482
26485
26533
26550
26617
26621
26625
26651
26652
26656
26658
26659
26681
26682
26685
26688
26689
26696
26704
26713
26717
26724
26743
26750
26794
26798
26809
26842
26843
26844
26846
26913
26914
26917
26932
26944
26945
26946
26993
26997
27043
27044
27085
27086
27094
27099
27100
27131
27132
27133
27136
27140
27144
27145
27169
27170
27192
27205
27217
27244
27249
27252
27253
27310
27313
27340
27384
27385
27386
27401
27410
27413
27419
27420
27425
27445
27446
27447
27462
27468
27469
27470
27472
27496
27497
27505
27517
27518
27548
27549
27561
27562
27567
27568
27609
27610
27634
27635
27636
27639
27640
27642
27645
27652
27669
27680
27702
27705
27706
27707
27714
27727
27728
27737
27738
27740
27767
27768
27818
27825
27838
27867
27868
27875
27928
27950
27958
27960
27961
27978
27981
27982
27989
27996
27997
28009
28012
28013
28017
28018
28073
28074
28092
28098
28153
28157
28158
28159
28168
28172
28181
28192
28201
28213
28217
28228
28252
28253
28254
28258
28263
28284
28285
28286
28319
28320
28321
28325
28328
28335
28336
28339
28358
28364
28377
28408
28409
28429
28444
28445
28449
28476
28477
28484
28492
28508
28529
28571
28572
28581
28674
28679
28680
28681
28688
28704
28706
28716
28736
28739
28746
28760
28767
28793
28794
28795
28846
28865
28866
28870
28876
28902
28920
28921
28926
28927
28930
28949
28961
28962
28967
28974
28985
29020
29023
29081
29086
29089
29090
29117
29125
29127
29128
29134
29147
29148
29149
29199
29205
29217
29218
29238
29239
29244
29249
29250
29251
29257
29258
29259
29260
29264
29265
29266
29267
29273
29279
29280
29286
29290
29291
29292
29297
29300
29301
29302
29341
29469
29472
29480
29498
29519
29520
29536
29537
29543
29544
29545
29600
29601
29620
29628
29629
29632
29633
29636
29637
29638
29643
29644
29645
29646
29650
29712
29718
29724
29727
29728
29738
29749
29752
29753
29756
29761
29784
29785
29788
29789
29804
29805
29809
29810
29819
29820
29857
29860
29861
29870
29874
29875
29877
29883
29884
29885
29948
29949
29960
29967
29974
29990
30017
30018
30021
30022
30029
30036
30041
30042
30045
30057
30068
30069
30070
30071
30117
30121
30122
30169
30172
30179
30200
30210
30211
30212
30213
30218
30219
30240
30244
30245
30259
30260
30276
30277
30281
30296
30305
30310
30311
30325
30362
30374
30375
30376
30395
30396
30404
30405
30409
30414
30426
30427
30428
30429
30468
30470
30471
30498
30501
30504
30505
30513
30515
30516
30517
30521
30549
30553
30624
30625
30630
30632
30658
30664
30667
30668
30669
30672
30678
30684
30685
30691
30694
30719
30729
30730
30734
30736
30744
30745
30748
30752
30753
30770
30776
30786
30787
30788
30796
30802
30810
30814
30824
30833
30836
30840
30876
30889
30926
30938
30945
30969
30970
30977
31009
31034
31042
31073
31077
31078
31080
31089
31130
31131
31150
31193
31197
31198
31233
31257
31262
31265
31266
31288
31316
31317
31335
31336
31337
31349
31350
31398
31413
31417
31418
31422
31459
31480
31490
31491
31492
31493
31496
31497
31551
31557
31569
31572
31577
31582
31601
31606
31641
31649
31683
31684
31692
31698
31699
31740
31741
31748
31780
31781
31797
31802
31805
31806
31807
31808
31809
31822
31835
31836
31845
31857
31868
31900
31903
31904
31914
31915
31916
31920
31934
31935
31936
31960
31961
31962
31963
31964
31965
31966
31996
31997
32001
32002
32005
32006
32007
32018
32024
32025
32037
32045
32046
32058
32060
32090
32097
32098
32099
32100
32114
32121
32165
32193
32194
32197
32198
32201
32217
32221
32230
32273
32285
32289
32328
32340
32350
32370
32371
32414
32432
32489
32502
32509
32519
32538
32539
32540
32545
32565
32574
32577
32581
32601
32611
32615
32616
32636
32637
32667
32698
32701
32706
32712
32713
32714
32726
32729
32732
32733
32769
32772
32773
32780
32784
32801
32802
32810
32811
32825
32826
32837
32855
32864
32886
32892
32893
32894
32924
32943
32944
32968
33017
33025
33057
33061
33085
33086
33101
33102
33105
33121
33196
33221
33232
33246
33273
33277
33278
33279
33288
33289
33313
33333
33352
33353
33354
33361
33364
33367
33375
33376
33393
33400
33401
33402
33404
33411
33412
33419
33420
33436
33450
33453
33454
33470
33483
33484
33492
33493
33494
33497
33498
33528
33533
33540
33564
33565
33582
33590
33593
33594
33599
33609
33654
33701
33714
33800
33801
33819
33820
33852
33853
33854
33855
33856
33860
33868
33873
33883
33884
33908
33909
33918
33965
33969
33970
34014
34033
34040
34041
34081
34101
34111
34112
34115
34116
34117
34118
34119
34126
34132
34133
34134
34137
34151
34152
34155
34156
34161
34170
34209
34217
34225
34297
34298
34313
34324
34337
34338
34339
34340
34341
34344
34377
34382
34384
34390
34394
34400
34401
34411
34412
34460
34466
34467
34468
34473
34482
34505
34523
34524
34557
34593
34607
34608
34617
34634
34635
34636
34639
34640
34644
34645
34655
34656
34664
34665
34666
34670
34672
34673
34720
34725
34729
34733
34734
34749
34753
34767
34768
34808
34809
34819
34820
34821
34824
34833
34848
34852
34858
34864
34869
34870
34871
34882
34890
34903
34904
34919
34920
34921
34922
34932
34938
34974
34986
34995
35035
35036
35045
35046
35055
35058
35059
35060
35066
35077
35092
35094
35095
35097
35105
35109
35113
35118
35125
35126
35131
35132
35149
35157
35158
35169
35174
35186
35188
35189
35233
35237
35244
35245
35249
35261
35321
35325
35332
35333
35336
35337
35360
35361
35364
35378
35380
35381
35382
35385
35395
35396
35397
35398
35401
35409
35423
35424
35430
35435
35436
35444
35445
35446
35447
35448
35486
35489
35518
35519
35545
35550
35551
35552
35559
35585
35589
35592
35600
35601
35602
35618
35639
35648
35652
35653
35660
35672
35687
35688
35742
35745
35749
35753
35754
35776
35777
35785
35789
35840
35843
35844
35845
35872
35876
35877
35881
35899
35900
35913
35916
35921
35922
35926
35927
35940
35941
35944
35957
36060
36093
36098
36099
36100
36101
36111
36112
36126
36129
36130
36147
36148
36149
36150
36153
36169
36170
36171
36184
36193
36203
36204
36209
36210
36213
36286
36297
36314
36345
36379
36380
36385
36386
36389
36402
36408
36413
36431
36432
36442
36446
36452
36453
36460
36468
36508
36509
36518
36519
36529
36530
36559
36560
36569
36583
36584
36613
36616
36620
36631
36640
36641
36669
36680
36684
36685
36694
36698
36699
36700
36701
36702
36706
36710
36711
36712
36715
36716
36726
36763
36764
36776
36777
36801
36806
36826
36849
36865
36877
36892
36896
36897
36898
36934
36939
36940
36941
36944
36950
36951
36952
36960
36963
36964
36965
36966
36980
36981
37024
37025
37029
37038
37039
37040
37041
37052
37061
37075
37076
37085
37091
37092
37122
37157
37158
37189
37190
37229
37230
37233
37294
37316
37325
37342
37347
37368
37369
37377
37394
37408
37409
37411
37412
37428
37429
37432
37436
37437
37438
37448
37449
37450
37456
37457
37460
37461
37469
37472
37478
37482
37484
37499
37500
37509
37510
37518
37519
37531
37532
37533
37534
37537
37553
37566
37568
37586
37593
37597
37609
37629
37634
37636
37672
37673
37685
37688
37689
37700
37701
37707
37723
37724
37727
37728
37729
37737
37750
37776
37882
37904
37909
37919
37920
37921
37925
37942
37950
37951
37952
37956
37972
37973
37980
37989
37998
38011
38012
38044
38067
38076
38140
38141
38146
38177
38178
38214
38215
38216
38221
38229
38232
38241
38242
38267
38308
38314
38317
38345
38362
38395
38396
38397
38432
38437
38439
38446
38447
38485
38488
38489
38502
38503
38504
38516
38517
38522
38524
38525
38554
38565
38577
38591
38592
38604
38605
38606
38617
38619
38620
38639
38649
38670
38672
38688
38689
38707
38708
38727
38728
38734
38744
38748
38758
38769
38770
38771
38772
38810
38818
38819
38820
38824
38828
38852
38853
38856
38877
38878
38905
38908
38909
38917
38965
38966
38967
38968
38969
38972
38973
38977
38984
38987
38988
38989
38991
38992
38996
39012
39016
39020
39076
39084
39100
39101
39104
39109
39120
39121
39198
39201
39205
39207
39219
39225
39228
39249
39251
39252
39253
39284
39285
39293
39322
39333
39340
39341
39342
39343
39344
39345
39346
39359
39365
39378
39385
39395
39437
39440
39448
39456
39457
39476
39477
39478
39484
39492
39499
39500
39504
39505
39512
39531
39532
39537
39544
39580
39581
39582
39584
39589
39602
39614
39654
39698
39699
39700
39710
39713
39732
39740
39755
39756
39758
39764
39765
39773
39777
39802
39805
39894
39941
39965
39968
39973
40004
40016
40020
40021
40022
40023
40024
40025
40027
40038
40040
40041
40051
40052
40152
40153
40154
40184
40185
40216
40225
40228
40233
40242
40245
40247
40250
40253
40257
40291
40292
40293
40294
40297
40298
40309
40318
40358
40365
40369
40371
40374
40381
40382
40383
40413
40473
40481
40500
40510
40513
40526
40530
40532
40533
40536
40554
40555
40556
40571
40602
40604
40616
40617
40618
40634
40637
40665
40666
40668
40716
40732
40737
40806
40809
40810
40818
40819
40820
40821
40861
40864
40869
40870
40920
40989
40992
41002
41004
41021
41026
41031
41032
41038
41041
41044
41055
41056
41057
41064
41080
41115
41116
41134
41142
41156
41157
41179
41180
41210
41235
41248
41250
41281
41282
41285
41286
41288
41289
41300
41301
41310
41337
41339
41340
41370
41377
41388
41389
41395
41402
41405
41430
41465
41466
41473
41475
41476
41477
41529
41533
41542
41545
41549
41553
41557
41562
41564
41578
41579
41580
41633
41649
41694
41720
41721
41722
41737
41738
41756
41757
41760
41761
41765
41766
41769
41779
41783
41790
41792
41797
41804
41805
41808
41819
41820
41825
41850
41851
41852
41853
41854
41883
41884
41885
41886
41906
41916
41918
41919
41976
41977
41991
42003
42005
42006
42016
42021
42034
42035
42065
42076
42085
42086
42098
42100
42101
42143
42172
42201
42204
42273
42289
42298
42299
42307
42313
42314
42330
42344
42397
42418
42497
42498
42507
42512
42524
42528
42529
42537
42539
42553
42554
42561
42562
42565
42576
42577
42585
42589
42615
42640
42653
42661
42668
42669
42671
42672
42686
42687
42688
42689
42693
42716
42756
42760
42784
42785
42789
42798
42799
42800
42825
42834
42848
42851
42852
42853
42865
42906
42907
42910
42911
42914
42921
42969
42982
43005
43015
43016
43017
43021
43032
43037
43040
43041
43071
43072
43087
43088
43091
43092
43095
43096
43102
43108
43112
43113
43123
43124
43130
43131
43132
43185
43198
43199
43225
43235
43251
43252
43256
43257
43259
43268
43274
43283
43285
43302
43317
43331
43332
43333
43334
43341
43349
43353
43364
43369
43381
43389
43390
43422
43433
43454
43478
43517
43537
43552
43553
43556
43557
43562
43576
43582
43591
43596
43602
43604
43605
43611
43612
43627
43628
43638
43674
43675
43676
43684
43685
43689
43690
43692
43693
43694
43696
43705
43718
43719
43720
43721
43754
43755
43772
43773
43778
43794
43796
43805
43809
43814
43848
43849
43850
43866
43873
43880
43901
43908
43913
43914
43916
43917
43918
43919
43920
43953
43980
43981
43982
44026
44040
44041
44048
44056
44065
44091
44092
44096
44100
44122
44126
44134
44136
44142
44145
44148
44193
44210
44222
44223
44224
44225
44233
44234
44242
44243
44280
44284
44285
44289
44290
44309
44310
44311
44341
44345
44346
44358
44379
44380
44394
44445
44453
44454
44465
44502
44505
44537
44541
44542
44543
44548
44570
44577
44581
44588
44595
44596
44602
44613
44614
44615
44616
44617
44619
44620
44621
44630
44650
44651
44662
44664
44665
44666
44699
44700
44705
44708
44709
44710
44713
44714
44722
44762
44763
44764
44796
44802
44832
44833
44834
44838
44841
44858
44862
44868
44869
44893
44894
44900
44906
44916
44921
44922
44968
44976
44986
44997
45002
45016
45017
45060
45086
45088
45102
45103
45104
45107
45108
45127
45128
45129
45130
45152
45160
45161
45164
45176
45241
45242
45243
45244
45245
45251
45252
45260
45261
45283
45286
45305
45338
45339
45340
45344
45345
45366
45390
45400
45405
45479
45485
45486
45563
45564
45565
45566
45567
45569
45577
45589
45597
45608
45621
45637
45639
45640
45641
45650
45655
45656
45670
45683
45684
45734
45735
45736
45747
45757
45758
45759
45760
45793
45815
45816
45817
45861
45864
45865
45894
45900
45901
45907
45908
45909
45910
45925
45931
45932
45943
45948
45981
45984
45985
45989
45992
45993
45999
46014
46030
46039
46040
46072
46073
46076
46077
46120
46130
46136
46142
46145
46148
46154
46160
46168
46171
46172
46177
46180
46181
46186
46187
46190
46195
46196
46197
46240
46251
46252
46253
46256
46261
46265
46268
46269
46270
46271
46272
46273
46285
46288
46289
46301
46302
46329
46330
46331
46332
46333
46360
46368
46369
46389
46401
46406
46409
46425
46426
46437
46438
46441
46443
46444
46445
46449
46450
46492
46505
46524
46525
46538
46566
46585
46586
46587
46621
46625
46629
46633
46650
46653
46654
46661
46677
46678
46692
46698
46746
46747
46748
46749
46753
46761
46765
46769
46805
46822
46849
46850
46856
46857
46881
46894
46903
46904
46909
46925
46928
46944
46947
46948
47014
47018
47027
47034
47036
47066
47068
47069
47096
47097
47108
47109
47113
47128
47136
47137
47151
47152
47156
47157
47158
47159
47160
47163
47164
47165
47171
47172
47173
47174
47178
47180
47183
47184
47185
47188
47189
47204
47212
47224
47225
47230
47252
47258
47282
47283
47292
47293
47304
47307
47308
47309
47312
47317
47352
47370
47383
47384
47393
47413
47428
47438
47439
47440
47445
47449
47450
47479
47480
47481
47519
47520
47521
47525
47526
47533
47534
47536
47537
47538
47577
47613
47617
47626
47646
47652
47656
47664
47669
47670
47678
47692
47693
47698
47710
47717
47742
47745
47754
47755
47756
47757
47758
47759
47776
47786
47792
47793
47805
47806
47808
47809
47810
47830
47833
47868
47873
47905
47925
47926
47928
47929
47933
47938
47948
47949
47953
47957
47958
47961
47962
47963
47964
47971
47972
47991
48029
48039
48041
48049
48061
48070
48088
48121
48129
48137
48151
48158
48160
48176
48187
48208
48215
48216
48217
48220
48221
48236
48237
48238
48282
48283
48284
48289
48291
48292
48293
48307
48316
48320
48344
48351
48352
48376
48381
48382
48383
48388
48389
48437
48454
48457
48458
48461
48462
48473
48474
48478
48486
48497
48562
48563
48573
48583
48584
48613
48629
48634
48637
48660
48668
48673
48677
48681
48702
48706
48709
48717
48725
48726
48739
48740
48794
48795
48796
48807
48808
48819
48837
48844
48848
48889
48893
48903
48904
48925
48932
48933
48942
48947
48948
48949
48954
48962
49009
49017
49022
49051
49052
49063
49064
49081
49084
49085
49093
49106
49113
49114
49115
49116
49148
49161
49173
49176
49177
49184
49194
49196
49200
49219
49220
49227
49232
49237
49238
49245
49248
49251
49252
49255
49256
49257
49258
49260
49343
49344
49345
49346
49347
49348
49349
49351
49352
49353
49356
49388
49409
49421
49465
49485
49493
49514
49521
49533
49534
49563
49570
49585
49586
49587
49603
49604
49613
49622
49623
49624
49661
49691
49692
49693
49697
49698
49729
49730
49732
49737
49738
49739
49740
49753
49754
49758
49772
49773
49775
49779
49792
49802
49803
49804
49824
49828
49829
49830
49832
49859
49860
49865
49913
49914
49917
49934
49953
49994
49996
50001
50002
50014
50018
50036
50037
50169
50170
50172
50209
50228
50229
50230
50236
50237
50238
50239
50240
50256
50260
50261
50264
50265
50266
50277
50333
50334
50350
50354
50371
50372
50396
50429
50445
50446
50465
50480
50500
50508
50509
50518
50521
50529
50534
50610
50611
50639
50640
50679
50680
50681
50732
50757
50758
50763
50764
50765
50770
50774
50784
50810
50846
50850
50857
50858
50863
50866
50875
50878
50879
50991
51005
51027
51028
51029
51030
51040
51045
51062
51063
51064
51106
51107
51108
51109
51115
51116
51120
51130
51146
51160
51192
51193
51201
51229
51232
51234
51244
51256
51257
51258
51259
51264
51279
51315
51316
51322
51324
51376
51386
51388
51389
51413
51448
51449
51457
51466
51469
51472
51490
51503
51509
51534
51535
51536
51537
51545
51559
51560
51561
51582
51631
51644
51645
51676
51677
51678
51686
51699
51700
51716
51740
51745
51748
51775
51780
51788
51794
51798
51815
51816
51820
51834
51835
51836
51837
51874
51878
51903
51904
51905
51907
51908
51934
51995
51996
51997
52021
52033
52036
52037
52038
52050
52052
52061
52075
52076
52089
52154
52169
52189
52190
52224
52229
52244
52245
52256
52274
52278
52279
52282
52288
52292
52302
52312
52323
52324
52400
52418
52428
52473
52480
52482
52513
52533
52539
52550
52551
52557
52558
52559
52560
52577
52578
52583
52584
52586
52587
52588
52597
52602
52639
52653
52654
52671
52729
52737
52748
52749
52756
52763
52764
52769
52776
52786
52794
52800
52801
52805
52812
52820
52823
52824
52825
52826
52833
52834
52835
52838
52850
52854
52855
52860
52892
52900
52901
52928
52929
52930
52931
52932
52933
52939
52940
52957
52984
52985
53005
53029
53032
53051
53052
53060
53064
53067
53068
53069
53070
53101
53105
53106
53109
53119
53181
53182
53252
53274
53287
53300
53301
53306
53312
53318
53319
53322
53323
53324
53325
53328
53331
53332
53333
53338
53339
53340
53344
53345
53348
53351
53352
53361
53366
53367
53406
53411
53412
53423
53424
53426
53436
53439
53440
53447
53448
53452
53453
53454
53455
53456
53475
53487
53502
53503
53504
53506
53538
53541
53542
53545
53553
53554
53564
53565
53586
53587
53590
53597
53600
53617
53618
53629
53630
53660
53673
53678
53681
53721
53750
53756
53767
53787
53788
53800
53801
53810
53813
53822
53833
53839
53851
53854
53858
53868
53873
53874
53876
53879
53925
53933
53940
53957
53977
53978
54024
54031
54033
54057
54067
54068
54080
54094
54101
54115
54116
54117
54118
54120
54129
54130
54185
54194
54195
54206
54230
54231
54272
54277
54281
54282
54288
54305
54314
54329
54330
54332
54333
54336
54337
54343
54350
54351
54376
54377
54380
54427
54432
54433
54434
54441
54459
54460
54468
54469
54488
54489
54492
54493
54494
54528
54529
54541
54543
54561
54570
54571
54587
54594
54596
54597
54598
54599
54618
54625
54750
54777
54778
54779
54788
54800
54805
54810
54811
54812
54816
54821
54822
54823
54824
54825
54826
54827
54828
54830
54832
54855
54856
54859
54860
54884
54885
54888
54889
54894
54940
54943
54944
54945
54948
54957
54973
54993
54994
55004
55005
55014
55015
55016
55038
55039
55041
55044
55049
55056
55060
55068
55095
55104
55105
55110
55111
55116
55117
55118
55119
55120
55128
55133
55140
55141
55153
55162
55163
55198
55200
55201
55205
55206
55208
55209
55217
55236
55237
55238
55242
55248
55256
55261
55265
55293
55301
55322
55323
55324
55325
55328
55329
55333
55349
55364
55369
55371
55372
55377
55382
55385
55388
55456
55462
55463
55473
55479
55480
55485
55501
55516
55517
55523
55545
55547
55548
55549
55584
55602
55609
55621
55625
55633
55640
55654
55677
55683
55684
55687
55701
55721
55722
55723
55727
55728
55737
55769
55773
55803
55804
55817
55818
55829
55832
55836
55840
55842
55845
55848
55850
55862
55863
55864
55865
55871
55878
55879
55880
55881
55883
55884
55889
55896
55899
55900
55901
55902
55905
55908
55909
55916
55923
55924
55933
55934
55935
55966
55969
55978
55986
56002
56003
56004
56007
56009
56011
56026
56056
56061
56068
56069
56083
56087
56092
56097
56102
56112
56119
56124
56125
56133
56141
56156
56164
56168
56172
56188
56189
56225
56242
56271
56281
56285
56286
56313
56316
56317
56321
56324
56325
56328
56329
56352
56353
56360
56363
56374
56390
56391
56396
56407
56408
56409
56410
56413
56419
56420
56424
56439
56440
56442
56444
56445
56480
56481
56495
56496
56497
56498
56529
56537
56547
56570
56578
56609
56613
56634
56639
56645
56646
56647
56650
56651
56661
56662
56665
56671
56672
56676
56693
56694
56697
56740
56741
56754
56766
56793
56798
56806
56829
56836
56837
56841
56851
56860
56864
56865
56866
56867
56868
56869
56870
56871
56872
56874
56892
56898
56899
56904
56910
56911
56912
56924
56925
56932
56933
56939
56940
56941
56945
56946
56956
57000
57001
57009
57018
57022
57023
57024
57030
57035
57039
57052
57053
57054
57080
57081
57082
57083
57084
57085
57096
57105
57112
57120
57122
57136
57140
57141
57142
57143
57146
57147
57172
57173
57180
57181
57185
57186
57187
57188
57191
57192
57193
57200
57203
57204
57205
57252
57280
57281
57308
57309
57310
57340
57341
57342
57343
57346
57353
57364
57374
57404
57405
57416
57417
57418
57419
57420
57421
57429
57436
57437
57440
57441
57442
57446
57447
57448
57449
57450
57451
57452
57453
57457
57463
57468
57498
57503
57504
57505
57508
57509
57510
57511
57512
57513
57516
57522
57532
57540
57541
57542
57546
57551
57564
57567
57568
57576
57583
57596
57597
57633
57641
57657
57665
57666
57677
57692
57695
57696
57698
57701
57702
57705
57725
57765
57789
57790
57793
57798
57801
57849
57889
57890
57892
57908
57909
57917
57923
57944
57964
57974
58014
58016
58029
58037
58040
58041
58083
58086
58116
58124
58125
58134
58145
58152
58165
58166
58170
58171
58180
58201
58207
58208
58209
58210
58222
58237
58265
58290
58291
58300
58325
58361
58362
58388
58389
58390
58394
58419
58420
58423
58427
58428
58431
58432
58438
58439
58444
58455
58456
58458
58462
58468
58469
58484
58485
58486
58492
58524
58614
58620
58625
58633
58638
58677
58680
58687
58696
58705
58709
58710
58713
58726
58727
58728
58729
58734
58742
58781
58790
58793
58796
58813
58873
58884
58885
58908
58912
58922
58932
58933
58936
58937
58948
58953
58961
58976
58985
59001
59036
59042
59049
59082
59083
59084
59085
59095
59096
59097
59098
59107
59132
59164
59171
59180
59206
59207
59208
59230
59262
59290
59306
59307
59308
59356
59393
59405
59413
59429
59430
59443
59464
59504
59506
59507
59508
59509
59510
59511
59518
59564
59568
59580
59583
59612
59622
59640
59641
59642
59643
59644
59650
59658
59680
59681
59683
59685
59694
59703
59706
59717
59718
59719
59728
59733
59739
59740
59745
59749
59750
59753
59757
59834
59836
59837
59838
59839
59853
59865
59870
59875
59905
59917
59924
59926
59927
59929
59937
59939
59940
59941
59946
59967
60009
60019
60020
60058
60061
60070
60077
60083
60157
60206
60233
60241
60252
60258
60274
60277
60281
60285
60332
60335
60336
60346
60347
60348
60409
60410
60417
60420
60421
60449
60451
60457
60471
60472
60473
60484
60496
60499
60500
60505
60508
60512
60518
60519
60532
60539
60540
60572
60573
60574
60589
60635
60664
60668
60669
60674
60723
60727
60728
60729
60733
60746
60758
60765
60777
60797
60798
60861
60867
60873
60882
60886
60893
60927
60938
60981
60987
60991
60993
60994
60997
60998
60999
61004
61005
61044
61045
61102
61107
61150
61153
61158
61181
61188
61189
61194
61195
61212
61218
61220
61221
61223
61237
61253
61256
61258
61259
61260
61261
61262
61264
61268
61269
61270
61273
61274
61278
61279
61280
61281
61285
61297
61306
61307
61308
61309
61342
61344
61345
61361
61362
61373
61400
61401
61405
61436
61454
61469
61477
61480
61482
61497
61500
61501
61502
61516
61538
61539
61540
61541
61544
61559
61562
61563
61564
61604
61605
61609
61612
61616
61691
61692
61693
61695
61698
61701
61711
61726
61746
61756
61764
61782
61789
61796
61797
61801
61802
61809
61821
61822
61857
61883
61886
61909
61914
61921
61922
61925
61933
61948
61953
61954
61982
61985
61992
62002
62003
62004
62011
62012
62018
62019
62030
62033
62034
62042
62049
62050
62051
62052
62058
62109
62114
62141
62142
62143
62144
62145
62152
62153
62166
62169
62193
62201
62226
62241
62291
62292
62293
62300
62321
62324
62333
62334
62364
62408
62424
62425
62426
62427
62428
62453
62454
62460
62461
62490
62491
62492
62493
62522
62529
62532
62533
62538
62539
62540
62546
62550
62553
62554
62556
62557
62568
62580
62583
62588
62620
62621
62632
62635
62636
62639
62640
62641
62656
62666
62681
62712
62713
62714
62715
62716
62717
62721
62728
62729
62753
62754
62757
62761
62785
62806
62809
62813
62833
62841
62898
62970
62971
62978
62985
63009
63010
63012
63013
63027
63030
63037
63052
63069
63072
63073
63090
63098
63102
63133
63138
63141
63142
63145
63148
63163
63164
63170
63178
63193
63234
63241
63265
63285
63289
63293
63308
63314
63317
63324
63325
63328
63333
63350
63389
63390
63392
63393
63400
63401
63405
63418
63424
63425
63426
63434
63449
63468
63501
63509
63520
63537
63538
63539
63540
63541
63547
63581
63584
63593
63600
63601
63602
63612
63613
63642
63643
63740
63741
63796
63797
63798
63799
63805
63861
63870
63901
63929
63938
63941
63974
63975
63976
64019
64020
64021
64022
64032
64040
64065
64079
64080
64081
64094
64095
64096
64114
64119
64120
64121
64139
64140
64141
64142
64159
64172
64173
64174
64175
64188
64197
64215
64216
64248
64276
64284
64304
64313
64314
64328
64329
64339
64340
64348
64359
64360
64369
64382
64429
64432
64433
64455
64456
64461
64512
64513
64520
64523
64533
64539
64540
64562
64577
64586
64588
64589
64594
64601
64604
64605
64617
64636
64637
64638
64674
64676
64700
64701
64707
64708
64720
64721
64728
64731
64732
64733
64769
64778
64805
64833
64834
64838
64841
64842
64845
64853
64857
64858
64865
64874
64881
64886
64889
64890
64893
64894
64930
64934
64937
64958
65028
65032
65033
65045
65057
65058
65062
65064
65075
65076
65077
65079
65086
65087
65088
65093
65096
65097
65098
65101
65114
65121
65122
65126
65128
65132
65134
65140
65143
65147
65148
65149
65150
65185
65188
65193
65200
65215
65216
65218
65225
65241
65254
65274
65301
65305
65313
65322
65336
65340
65348
65353
65360
65364
65369
65372
65373
65377
65388
65389
65392
65407
65437
65445
65448
65449
65450
65452
65454
65460
65469
65497
65528
65529
