1.000E-03	2.256E+00	1.427E-02	1.183E+03	0.000E+00	0.000E+00	1.185E+03	1.183E+03	
1.500E-03	2.040E+00	2.477E-02	4.002E+02	0.000E+00	0.000E+00	4.023E+02	4.002E+02	
1.560E-03	2.015E+00	2.594E-02	3.600E+02	0.000E+00	0.000E+00	3.621E+02	3.600E+02	
1.562E-03	2.015E+00	2.594E-02	3.955E+03	0.000E+00	0.000E+00	3.957E+03	3.955E+03	
2.000E-03	1.838E+00	3.375E-02	2.261E+03	0.000E+00	0.000E+00	2.263E+03	2.261E+03	
2.500E-03	1.666E+00	4.109E-02	1.285E+03	0.000E+00	0.000E+00	1.286E+03	1.285E+03	
3.000E-03	1.523E+00	4.732E-02	7.865E+02	0.000E+00	0.000E+00	7.881E+02	7.866E+02	
3.500E-03	1.401E+00	5.290E-02	5.178E+02	0.000E+00	0.000E+00	5.192E+02	5.178E+02	
4.000E-03	1.295E+00	5.810E-02	3.591E+02	0.000E+00	0.000E+00	3.605E+02	3.592E+02	
4.500E-03	1.201E+00	6.308E-02	2.587E+02	0.000E+00	0.000E+00	2.600E+02	2.588E+02	
5.000E-03	1.116E+00	6.787E-02	1.922E+02	0.000E+00	0.000E+00	1.934E+02	1.923E+02	
5.500E-03	1.037E+00	7.250E-02	1.466E+02	0.000E+00	0.000E+00	1.477E+02	1.467E+02	
6.000E-03	9.638E-01	7.696E-02	1.143E+02	0.000E+00	0.000E+00	1.153E+02	1.143E+02	
6.500E-03	8.961E-01	8.123E-02	9.071E+01	0.000E+00	0.000E+00	9.168E+01	9.079E+01	
7.000E-03	8.336E-01	8.532E-02	7.316E+01	0.000E+00	0.000E+00	7.408E+01	7.324E+01	
7.500E-03	7.760E-01	8.921E-02	5.982E+01	0.000E+00	0.000E+00	6.069E+01	5.991E+01	
8.000E-03	7.229E-01	9.292E-02	4.950E+01	0.000E+00	0.000E+00	5.032E+01	4.960E+01	
8.500E-03	6.742E-01	9.642E-02	4.141E+01	0.000E+00	0.000E+00	4.218E+01	4.150E+01	
9.000E-03	6.295E-01	9.974E-02	3.496E+01	0.000E+00	0.000E+00	3.569E+01	3.506E+01	
9.500E-03	5.886E-01	1.029E-01	2.978E+01	0.000E+00	0.000E+00	3.047E+01	2.988E+01	
1.000E-02	5.513E-01	1.058E-01	2.556E+01	0.000E+00	0.000E+00	2.621E+01	2.566E+01	
1.050E-02	5.172E-01	1.085E-01	2.209E+01	0.000E+00	0.000E+00	2.271E+01	2.220E+01	
1.100E-02	4.860E-01	1.111E-01	1.922E+01	0.000E+00	0.000E+00	1.981E+01	1.933E+01	
1.150E-02	4.575E-01	1.135E-01	1.681E+01	0.000E+00	0.000E+00	1.738E+01	1.693E+01	
1.200E-02	4.314E-01	1.158E-01	1.479E+01	0.000E+00	0.000E+00	1.534E+01	1.491E+01	
1.250E-02	4.075E-01	1.179E-01	1.308E+01	0.000E+00	0.000E+00	1.360E+01	1.319E+01	
1.300E-02	3.855E-01	1.198E-01	1.161E+01	0.000E+00	0.000E+00	1.212E+01	1.173E+01	
1.350E-02	3.653E-01	1.217E-01	1.036E+01	0.000E+00	0.000E+00	1.084E+01	1.048E+01	
1.400E-02	3.466E-01	1.234E-01	9.274E+00	0.000E+00	0.000E+00	9.744E+00	9.397E+00	
1.450E-02	3.295E-01	1.250E-01	8.334E+00	0.000E+00	0.000E+00	8.788E+00	8.459E+00	
1.500E-02	3.136E-01	1.265E-01	7.515E+00	0.000E+00	0.000E+00	7.955E+00	7.641E+00	
1.550E-02	2.989E-01	1.279E-01	6.798E+00	0.000E+00	0.000E+00	7.225E+00	6.926E+00	
1.600E-02	2.853E-01	1.292E-01	6.168E+00	0.000E+00	0.000E+00	6.583E+00	6.298E+00	
1.650E-02	2.726E-01	1.304E-01	5.613E+00	0.000E+00	0.000E+00	6.016E+00	5.743E+00	
1.700E-02	2.608E-01	1.316E-01	5.121E+00	0.000E+00	0.000E+00	5.513E+00	5.252E+00	
1.750E-02	2.498E-01	1.326E-01	4.684E+00	0.000E+00	0.000E+00	5.066E+00	4.816E+00	
1.800E-02	2.396E-01	1.336E-01	4.294E+00	0.000E+00	0.000E+00	4.667E+00	4.428E+00	
1.850E-02	2.300E-01	1.346E-01	3.946E+00	0.000E+00	0.000E+00	4.311E+00	4.081E+00	
1.900E-02	2.210E-01	1.355E-01	3.634E+00	0.000E+00	0.000E+00	3.990E+00	3.769E+00	
1.950E-02	2.125E-01	1.363E-01	3.353E+00	0.000E+00	0.000E+00	3.702E+00	3.489E+00	
2.000E-02	2.046E-01	1.371E-01	3.100E+00	0.000E+00	0.000E+00	3.442E+00	3.237E+00	
2.050E-02	1.971E-01	1.378E-01	2.872E+00	0.000E+00	0.000E+00	3.207E+00	3.009E+00	
2.100E-02	1.901E-01	1.385E-01	2.665E+00	0.000E+00	0.000E+00	2.993E+00	2.803E+00	
2.150E-02	1.834E-01	1.392E-01	2.477E+00	0.000E+00	0.000E+00	2.799E+00	2.616E+00	
2.200E-02	1.771E-01	1.398E-01	2.306E+00	0.000E+00	0.000E+00	2.623E+00	2.445E+00	
2.250E-02	1.712E-01	1.404E-01	2.150E+00	0.000E+00	0.000E+00	2.461E+00	2.290E+00	
2.300E-02	1.655E-01	1.410E-01	2.007E+00	0.000E+00	0.000E+00	2.314E+00	2.148E+00	
2.350E-02	1.602E-01	1.415E-01	1.877E+00	0.000E+00	0.000E+00	2.179E+00	2.019E+00	
2.400E-02	1.551E-01	1.421E-01	1.758E+00	0.000E+00	0.000E+00	2.055E+00	1.900E+00	
2.450E-02	1.502E-01	1.425E-01	1.648E+00	0.000E+00	0.000E+00	1.941E+00	1.790E+00	
2.500E-02	1.456E-01	1.430E-01	1.547E+00	0.000E+00	0.000E+00	1.836E+00	1.690E+00	
2.550E-02	1.413E-01	1.434E-01	1.454E+00	0.000E+00	0.000E+00	1.739E+00	1.597E+00	
2.600E-02	1.371E-01	1.438E-01	1.368E+00	0.000E+00	0.000E+00	1.649E+00	1.512E+00	
2.650E-02	1.331E-01	1.442E-01	1.289E+00	0.000E+00	0.000E+00	1.566E+00	1.433E+00	
2.700E-02	1.293E-01	1.446E-01	1.215E+00	0.000E+00	0.000E+00	1.489E+00	1.360E+00	
2.750E-02	1.256E-01	1.449E-01	1.147E+00	0.000E+00	0.000E+00	1.418E+00	1.292E+00	
2.800E-02	1.221E-01	1.453E-01	1.084E+00	0.000E+00	0.000E+00	1.351E+00	1.229E+00	
2.850E-02	1.188E-01	1.456E-01	1.025E+00	0.000E+00	0.000E+00	1.290E+00	1.171E+00	
2.900E-02	1.156E-01	1.459E-01	9.706E-01	0.000E+00	0.000E+00	1.232E+00	1.116E+00	
2.950E-02	1.125E-01	1.462E-01	9.197E-01	0.000E+00	0.000E+00	1.178E+00	1.066E+00	
3.000E-02	1.095E-01	1.464E-01	8.722E-01	0.000E+00	0.000E+00	1.128E+00	1.019E+00	
3.050E-02	1.067E-01	1.467E-01	8.279E-01	0.000E+00	0.000E+00	1.081E+00	9.746E-01	
3.100E-02	1.040E-01	1.469E-01	7.865E-01	0.000E+00	0.000E+00	1.037E+00	9.334E-01	
3.150E-02	1.014E-01	1.472E-01	7.477E-01	0.000E+00	0.000E+00	9.963E-01	8.949E-01	
3.200E-02	9.884E-02	1.474E-01	7.114E-01	0.000E+00	0.000E+00	9.576E-01	8.588E-01	
3.250E-02	9.641E-02	1.476E-01	6.774E-01	0.000E+00	0.000E+00	9.214E-01	8.250E-01	
3.300E-02	9.407E-02	1.478E-01	6.454E-01	0.000E+00	0.000E+00	8.873E-01	7.932E-01	
3.350E-02	9.182E-02	1.479E-01	6.154E-01	0.000E+00	0.000E+00	8.552E-01	7.634E-01	
3.400E-02	8.964E-02	1.481E-01	5.872E-01	0.000E+00	0.000E+00	8.250E-01	7.353E-01	
3.450E-02	8.755E-02	1.483E-01	5.607E-01	0.000E+00	0.000E+00	7.965E-01	7.090E-01	
3.500E-02	8.552E-02	1.484E-01	5.357E-01	0.000E+00	0.000E+00	7.696E-01	6.841E-01	
3.550E-02	8.356E-02	1.486E-01	5.121E-01	0.000E+00	0.000E+00	7.442E-01	6.607E-01	
3.600E-02	8.167E-02	1.487E-01	4.899E-01	0.000E+00	0.000E+00	7.202E-01	6.386E-01	
3.650E-02	7.984E-02	1.488E-01	4.689E-01	0.000E+00	0.000E+00	6.975E-01	6.177E-01	
3.700E-02	7.808E-02	1.489E-01	4.490E-01	0.000E+00	0.000E+00	6.760E-01	5.980E-01	
3.750E-02	7.637E-02	1.490E-01	4.303E-01	0.000E+00	0.000E+00	6.557E-01	5.793E-01	
3.800E-02	7.471E-02	1.491E-01	4.125E-01	0.000E+00	0.000E+00	6.364E-01	5.617E-01	
3.850E-02	7.311E-02	1.492E-01	3.957E-01	0.000E+00	0.000E+00	6.181E-01	5.450E-01	
3.900E-02	7.155E-02	1.493E-01	3.798E-01	0.000E+00	0.000E+00	6.007E-01	5.291E-01	
3.950E-02	7.005E-02	1.494E-01	3.647E-01	0.000E+00	0.000E+00	5.841E-01	5.141E-01	
4.000E-02	6.859E-02	1.494E-01	3.504E-01	0.000E+00	0.000E+00	5.684E-01	4.998E-01	
4.050E-02	6.717E-02	1.495E-01	3.368E-01	0.000E+00	0.000E+00	5.535E-01	4.863E-01	
4.100E-02	6.580E-02	1.495E-01	3.239E-01	0.000E+00	0.000E+00	5.392E-01	4.734E-01	
4.150E-02	6.447E-02	1.496E-01	3.116E-01	0.000E+00	0.000E+00	5.257E-01	4.612E-01	
4.200E-02	6.317E-02	1.496E-01	3.000E-01	0.000E+00	0.000E+00	5.128E-01	4.496E-01	
4.250E-02	6.192E-02	1.497E-01	2.888E-01	0.000E+00	0.000E+00	5.004E-01	4.385E-01	
4.300E-02	6.070E-02	1.497E-01	2.783E-01	0.000E+00	0.000E+00	4.886E-01	4.279E-01	
4.350E-02	5.951E-02	1.497E-01	2.682E-01	0.000E+00	0.000E+00	4.774E-01	4.179E-01	
4.400E-02	5.836E-02	1.497E-01	2.586E-01	0.000E+00	0.000E+00	4.667E-01	4.083E-01	
4.450E-02	5.725E-02	1.497E-01	2.494E-01	0.000E+00	0.000E+00	4.564E-01	3.991E-01	
4.500E-02	5.616E-02	1.497E-01	2.407E-01	0.000E+00	0.000E+00	4.466E-01	3.904E-01	
4.550E-02	5.510E-02	1.498E-01	2.323E-01	0.000E+00	0.000E+00	4.372E-01	3.821E-01	
4.600E-02	5.407E-02	1.497E-01	2.243E-01	0.000E+00	0.000E+00	4.281E-01	3.741E-01	
4.650E-02	5.307E-02	1.497E-01	2.167E-01	0.000E+00	0.000E+00	4.195E-01	3.664E-01	
4.700E-02	5.210E-02	1.497E-01	2.094E-01	0.000E+00	0.000E+00	4.112E-01	3.591E-01	
4.750E-02	5.115E-02	1.497E-01	2.024E-01	0.000E+00	0.000E+00	4.033E-01	3.522E-01	
4.800E-02	5.023E-02	1.497E-01	1.958E-01	0.000E+00	0.000E+00	3.957E-01	3.455E-01	
4.850E-02	4.934E-02	1.497E-01	1.894E-01	0.000E+00	0.000E+00	3.884E-01	3.391E-01	
4.900E-02	4.846E-02	1.496E-01	1.833E-01	0.000E+00	0.000E+00	3.814E-01	3.329E-01	
4.950E-02	4.761E-02	1.496E-01	1.774E-01	0.000E+00	0.000E+00	3.746E-01	3.270E-01	
5.000E-02	4.678E-02	1.496E-01	1.718E-01	0.000E+00	0.000E+00	3.681E-01	3.214E-01	
5.050E-02	4.597E-02	1.495E-01	1.664E-01	0.000E+00	0.000E+00	3.619E-01	3.159E-01	
5.100E-02	4.519E-02	1.495E-01	1.612E-01	0.000E+00	0.000E+00	3.559E-01	3.107E-01	
5.150E-02	4.442E-02	1.495E-01	1.562E-01	0.000E+00	0.000E+00	3.501E-01	3.057E-01	
5.200E-02	4.367E-02	1.494E-01	1.515E-01	0.000E+00	0.000E+00	3.446E-01	3.009E-01	
5.250E-02	4.294E-02	1.494E-01	1.469E-01	0.000E+00	0.000E+00	3.392E-01	2.963E-01	
5.300E-02	4.223E-02	1.493E-01	1.425E-01	0.000E+00	0.000E+00	3.340E-01	2.918E-01	
5.350E-02	4.153E-02	1.493E-01	1.383E-01	0.000E+00	0.000E+00	3.291E-01	2.875E-01	
5.400E-02	4.086E-02	1.492E-01	1.342E-01	0.000E+00	0.000E+00	3.242E-01	2.834E-01	
5.450E-02	4.019E-02	1.491E-01	1.303E-01	0.000E+00	0.000E+00	3.196E-01	2.794E-01	
5.500E-02	3.955E-02	1.491E-01	1.265E-01	0.000E+00	0.000E+00	3.151E-01	2.756E-01	
5.550E-02	3.892E-02	1.490E-01	1.229E-01	0.000E+00	0.000E+00	3.108E-01	2.719E-01	
5.600E-02	3.830E-02	1.489E-01	1.194E-01	0.000E+00	0.000E+00	3.066E-01	2.683E-01	
5.650E-02	3.770E-02	1.489E-01	1.160E-01	0.000E+00	0.000E+00	3.026E-01	2.649E-01	
5.700E-02	3.711E-02	1.488E-01	1.128E-01	0.000E+00	0.000E+00	2.987E-01	2.616E-01	
5.750E-02	3.654E-02	1.487E-01	1.097E-01	0.000E+00	0.000E+00	2.949E-01	2.584E-01	
5.800E-02	3.598E-02	1.486E-01	1.067E-01	0.000E+00	0.000E+00	2.913E-01	2.553E-01	
5.850E-02	3.543E-02	1.486E-01	1.038E-01	0.000E+00	0.000E+00	2.877E-01	2.523E-01	
5.900E-02	3.489E-02	1.485E-01	1.010E-01	0.000E+00	0.000E+00	2.843E-01	2.494E-01	
5.950E-02	3.437E-02	1.484E-01	9.825E-02	0.000E+00	0.000E+00	2.810E-01	2.466E-01	
6.000E-02	3.386E-02	1.483E-01	9.564E-02	0.000E+00	0.000E+00	2.778E-01	2.440E-01	
6.050E-02	3.336E-02	1.482E-01	9.312E-02	0.000E+00	0.000E+00	2.747E-01	2.413E-01	
6.100E-02	3.287E-02	1.481E-01	9.068E-02	0.000E+00	0.000E+00	2.717E-01	2.388E-01	
6.150E-02	3.239E-02	1.480E-01	8.833E-02	0.000E+00	0.000E+00	2.688E-01	2.364E-01	
6.200E-02	3.192E-02	1.480E-01	8.606E-02	0.000E+00	0.000E+00	2.659E-01	2.340E-01	
6.250E-02	3.146E-02	1.479E-01	8.386E-02	0.000E+00	0.000E+00	2.632E-01	2.317E-01	
6.300E-02	3.101E-02	1.478E-01	8.174E-02	0.000E+00	0.000E+00	2.605E-01	2.295E-01	
6.350E-02	3.057E-02	1.477E-01	7.968E-02	0.000E+00	0.000E+00	2.579E-01	2.273E-01	
6.400E-02	3.014E-02	1.476E-01	7.770E-02	0.000E+00	0.000E+00	2.554E-01	2.253E-01	
6.450E-02	2.972E-02	1.475E-01	7.577E-02	0.000E+00	0.000E+00	2.530E-01	2.232E-01	
6.500E-02	2.931E-02	1.474E-01	7.391E-02	0.000E+00	0.000E+00	2.506E-01	2.213E-01	
6.550E-02	2.890E-02	1.473E-01	7.211E-02	0.000E+00	0.000E+00	2.483E-01	2.194E-01	
6.600E-02	2.851E-02	1.472E-01	7.036E-02	0.000E+00	0.000E+00	2.460E-01	2.175E-01	
6.650E-02	2.812E-02	1.471E-01	6.867E-02	0.000E+00	0.000E+00	2.438E-01	2.157E-01	
6.700E-02	2.774E-02	1.469E-01	6.704E-02	0.000E+00	0.000E+00	2.417E-01	2.140E-01	
6.750E-02	2.737E-02	1.468E-01	6.545E-02	0.000E+00	0.000E+00	2.397E-01	2.123E-01	
6.800E-02	2.700E-02	1.467E-01	6.391E-02	0.000E+00	0.000E+00	2.376E-01	2.106E-01	
6.850E-02	2.665E-02	1.466E-01	6.242E-02	0.000E+00	0.000E+00	2.357E-01	2.090E-01	
6.900E-02	2.630E-02	1.465E-01	6.097E-02	0.000E+00	0.000E+00	2.338E-01	2.075E-01	
6.950E-02	2.595E-02	1.464E-01	5.957E-02	0.000E+00	0.000E+00	2.319E-01	2.060E-01	
7.000E-02	2.561E-02	1.463E-01	5.821E-02	0.000E+00	0.000E+00	2.301E-01	2.045E-01	
7.050E-02	2.528E-02	1.462E-01	5.689E-02	0.000E+00	0.000E+00	2.283E-01	2.031E-01	
7.100E-02	2.496E-02	1.461E-01	5.561E-02	0.000E+00	0.000E+00	2.266E-01	2.017E-01	
7.150E-02	2.464E-02	1.459E-01	5.436E-02	0.000E+00	0.000E+00	2.249E-01	2.003E-01	
7.200E-02	2.433E-02	1.458E-01	5.315E-02	0.000E+00	0.000E+00	2.233E-01	1.990E-01	
7.250E-02	2.402E-02	1.457E-01	5.198E-02	0.000E+00	0.000E+00	2.217E-01	1.977E-01	
7.300E-02	2.372E-02	1.456E-01	5.084E-02	0.000E+00	0.000E+00	2.202E-01	1.964E-01	
7.350E-02	2.343E-02	1.455E-01	4.973E-02	0.000E+00	0.000E+00	2.186E-01	1.952E-01	
7.400E-02	2.314E-02	1.454E-01	4.866E-02	0.000E+00	0.000E+00	2.172E-01	1.940E-01	
7.450E-02	2.285E-02	1.452E-01	4.761E-02	0.000E+00	0.000E+00	2.157E-01	1.928E-01	
7.500E-02	2.258E-02	1.451E-01	4.659E-02	0.000E+00	0.000E+00	2.143E-01	1.917E-01	
7.550E-02	2.230E-02	1.450E-01	4.561E-02	0.000E+00	0.000E+00	2.129E-01	1.906E-01	
7.600E-02	2.203E-02	1.449E-01	4.464E-02	0.000E+00	0.000E+00	2.116E-01	1.895E-01	
7.650E-02	2.177E-02	1.448E-01	4.371E-02	0.000E+00	0.000E+00	2.102E-01	1.885E-01	
7.700E-02	2.151E-02	1.446E-01	4.280E-02	0.000E+00	0.000E+00	2.089E-01	1.874E-01	
7.750E-02	2.126E-02	1.445E-01	4.191E-02	0.000E+00	0.000E+00	2.077E-01	1.864E-01	
7.800E-02	2.101E-02	1.444E-01	4.105E-02	0.000E+00	0.000E+00	2.064E-01	1.854E-01	
7.850E-02	2.076E-02	1.443E-01	4.022E-02	0.000E+00	0.000E+00	2.052E-01	1.845E-01	
7.900E-02	2.052E-02	1.441E-01	3.940E-02	0.000E+00	0.000E+00	2.041E-01	1.835E-01	
7.950E-02	2.028E-02	1.440E-01	3.861E-02	0.000E+00	0.000E+00	2.029E-01	1.826E-01	
8.000E-02	2.005E-02	1.439E-01	3.783E-02	0.000E+00	0.000E+00	2.018E-01	1.817E-01	
8.050E-02	1.982E-02	1.438E-01	3.708E-02	0.000E+00	0.000E+00	2.007E-01	1.808E-01	
8.100E-02	1.959E-02	1.436E-01	3.634E-02	0.000E+00	0.000E+00	1.996E-01	1.800E-01	
8.150E-02	1.937E-02	1.435E-01	3.563E-02	0.000E+00	0.000E+00	1.985E-01	1.791E-01	
8.200E-02	1.915E-02	1.434E-01	3.493E-02	0.000E+00	0.000E+00	1.975E-01	1.783E-01	
8.250E-02	1.894E-02	1.433E-01	3.425E-02	0.000E+00	0.000E+00	1.965E-01	1.775E-01	
8.300E-02	1.873E-02	1.431E-01	3.359E-02	0.000E+00	0.000E+00	1.955E-01	1.767E-01	
8.350E-02	1.852E-02	1.430E-01	3.295E-02	0.000E+00	0.000E+00	1.945E-01	1.760E-01	
8.400E-02	1.832E-02	1.429E-01	3.232E-02	0.000E+00	0.000E+00	1.935E-01	1.752E-01	
8.450E-02	1.812E-02	1.428E-01	3.170E-02	0.000E+00	0.000E+00	1.926E-01	1.745E-01	
8.500E-02	1.792E-02	1.426E-01	3.110E-02	0.000E+00	0.000E+00	1.917E-01	1.737E-01	
8.550E-02	1.773E-02	1.425E-01	3.052E-02	0.000E+00	0.000E+00	1.908E-01	1.730E-01	
8.600E-02	1.754E-02	1.424E-01	2.995E-02	0.000E+00	0.000E+00	1.899E-01	1.723E-01	
8.650E-02	1.735E-02	1.423E-01	2.940E-02	0.000E+00	0.000E+00	1.890E-01	1.716E-01	
8.700E-02	1.716E-02	1.421E-01	2.885E-02	0.000E+00	0.000E+00	1.881E-01	1.710E-01	
8.750E-02	1.698E-02	1.420E-01	2.832E-02	0.000E+00	0.000E+00	1.873E-01	1.703E-01	
8.800E-02	1.680E-02	1.419E-01	2.781E-02	0.000E+00	0.000E+00	1.865E-01	1.697E-01	
8.850E-02	1.663E-02	1.417E-01	2.730E-02	0.000E+00	0.000E+00	1.857E-01	1.690E-01	
8.900E-02	1.645E-02	1.416E-01	2.681E-02	0.000E+00	0.000E+00	1.849E-01	1.684E-01	
8.950E-02	1.628E-02	1.415E-01	2.633E-02	0.000E+00	0.000E+00	1.841E-01	1.678E-01	
9.000E-02	1.612E-02	1.414E-01	2.586E-02	0.000E+00	0.000E+00	1.833E-01	1.672E-01	
9.050E-02	1.595E-02	1.412E-01	2.540E-02	0.000E+00	0.000E+00	1.826E-01	1.666E-01	
9.100E-02	1.579E-02	1.411E-01	2.495E-02	0.000E+00	0.000E+00	1.818E-01	1.661E-01	
9.150E-02	1.563E-02	1.410E-01	2.452E-02	0.000E+00	0.000E+00	1.811E-01	1.655E-01	
9.200E-02	1.547E-02	1.408E-01	2.409E-02	0.000E+00	0.000E+00	1.804E-01	1.649E-01	
9.250E-02	1.531E-02	1.407E-01	2.367E-02	0.000E+00	0.000E+00	1.797E-01	1.644E-01	
9.300E-02	1.516E-02	1.406E-01	2.326E-02	0.000E+00	0.000E+00	1.790E-01	1.638E-01	
9.350E-02	1.501E-02	1.405E-01	2.286E-02	0.000E+00	0.000E+00	1.783E-01	1.633E-01	
9.400E-02	1.486E-02	1.403E-01	2.247E-02	0.000E+00	0.000E+00	1.777E-01	1.628E-01	
9.450E-02	1.471E-02	1.402E-01	2.209E-02	0.000E+00	0.000E+00	1.770E-01	1.623E-01	
9.500E-02	1.457E-02	1.401E-01	2.172E-02	0.000E+00	0.000E+00	1.764E-01	1.618E-01	
9.550E-02	1.443E-02	1.399E-01	2.135E-02	0.000E+00	0.000E+00	1.757E-01	1.613E-01	
9.600E-02	1.429E-02	1.398E-01	2.100E-02	0.000E+00	0.000E+00	1.751E-01	1.608E-01	
9.650E-02	1.415E-02	1.397E-01	2.065E-02	0.000E+00	0.000E+00	1.745E-01	1.603E-01	
9.700E-02	1.401E-02	1.396E-01	2.030E-02	0.000E+00	0.000E+00	1.739E-01	1.599E-01	
9.750E-02	1.388E-02	1.394E-01	1.997E-02	0.000E+00	0.000E+00	1.733E-01	1.594E-01	
9.800E-02	1.375E-02	1.393E-01	1.964E-02	0.000E+00	0.000E+00	1.727E-01	1.589E-01	
9.850E-02	1.362E-02	1.392E-01	1.932E-02	0.000E+00	0.000E+00	1.721E-01	1.585E-01	
9.900E-02	1.349E-02	1.390E-01	1.901E-02	0.000E+00	0.000E+00	1.715E-01	1.580E-01	
9.950E-02	1.336E-02	1.389E-01	1.870E-02	0.000E+00	0.000E+00	1.710E-01	1.576E-01	
1.000E-01	1.324E-02	1.388E-01	1.840E-02	0.000E+00	0.000E+00	1.704E-01	1.572E-01	
1.005E-01	1.311E-02	1.387E-01	1.811E-02	0.000E+00	0.000E+00	1.699E-01	1.568E-01	
1.010E-01	1.299E-02	1.385E-01	1.782E-02	0.000E+00	0.000E+00	1.693E-01	1.563E-01	
1.015E-01	1.287E-02	1.384E-01	1.754E-02	0.000E+00	0.000E+00	1.688E-01	1.559E-01	
1.020E-01	1.275E-02	1.383E-01	1.726E-02	0.000E+00	0.000E+00	1.683E-01	1.555E-01	
1.025E-01	1.264E-02	1.381E-01	1.699E-02	0.000E+00	0.000E+00	1.678E-01	1.551E-01	
1.030E-01	1.252E-02	1.380E-01	1.673E-02	0.000E+00	0.000E+00	1.673E-01	1.547E-01	
1.035E-01	1.241E-02	1.379E-01	1.647E-02	0.000E+00	0.000E+00	1.668E-01	1.544E-01	
1.040E-01	1.230E-02	1.378E-01	1.621E-02	0.000E+00	0.000E+00	1.663E-01	1.540E-01	
1.045E-01	1.218E-02	1.376E-01	1.596E-02	0.000E+00	0.000E+00	1.658E-01	1.536E-01	
1.050E-01	1.208E-02	1.375E-01	1.572E-02	0.000E+00	0.000E+00	1.653E-01	1.532E-01	
1.055E-01	1.197E-02	1.374E-01	1.548E-02	0.000E+00	0.000E+00	1.648E-01	1.529E-01	
1.060E-01	1.186E-02	1.372E-01	1.525E-02	0.000E+00	0.000E+00	1.644E-01	1.525E-01	
1.065E-01	1.176E-02	1.371E-01	1.502E-02	0.000E+00	0.000E+00	1.639E-01	1.521E-01	
1.070E-01	1.165E-02	1.370E-01	1.479E-02	0.000E+00	0.000E+00	1.634E-01	1.518E-01	
1.075E-01	1.155E-02	1.369E-01	1.457E-02	0.000E+00	0.000E+00	1.630E-01	1.514E-01	
1.080E-01	1.145E-02	1.367E-01	1.436E-02	0.000E+00	0.000E+00	1.625E-01	1.511E-01	
1.085E-01	1.135E-02	1.366E-01	1.414E-02	0.000E+00	0.000E+00	1.621E-01	1.508E-01	
1.090E-01	1.125E-02	1.365E-01	1.393E-02	0.000E+00	0.000E+00	1.617E-01	1.504E-01	
1.095E-01	1.116E-02	1.364E-01	1.373E-02	0.000E+00	0.000E+00	1.612E-01	1.501E-01	
1.100E-01	1.106E-02	1.362E-01	1.353E-02	0.000E+00	0.000E+00	1.608E-01	1.498E-01	
1.105E-01	1.097E-02	1.361E-01	1.333E-02	0.000E+00	0.000E+00	1.604E-01	1.494E-01	
1.110E-01	1.087E-02	1.360E-01	1.314E-02	0.000E+00	0.000E+00	1.600E-01	1.491E-01	
1.115E-01	1.078E-02	1.359E-01	1.295E-02	0.000E+00	0.000E+00	1.596E-01	1.488E-01	
1.120E-01	1.069E-02	1.357E-01	1.277E-02	0.000E+00	0.000E+00	1.592E-01	1.485E-01	
1.125E-01	1.060E-02	1.356E-01	1.258E-02	0.000E+00	0.000E+00	1.588E-01	1.482E-01	
1.130E-01	1.051E-02	1.355E-01	1.241E-02	0.000E+00	0.000E+00	1.584E-01	1.479E-01	
1.135E-01	1.043E-02	1.353E-01	1.223E-02	0.000E+00	0.000E+00	1.580E-01	1.476E-01	
1.140E-01	1.034E-02	1.352E-01	1.206E-02	0.000E+00	0.000E+00	1.576E-01	1.473E-01	
1.145E-01	1.025E-02	1.351E-01	1.189E-02	0.000E+00	0.000E+00	1.572E-01	1.470E-01	
1.150E-01	1.017E-02	1.350E-01	1.172E-02	0.000E+00	0.000E+00	1.569E-01	1.467E-01	
1.155E-01	1.009E-02	1.348E-01	1.156E-02	0.000E+00	0.000E+00	1.565E-01	1.464E-01	
1.160E-01	1.000E-02	1.347E-01	1.140E-02	0.000E+00	0.000E+00	1.561E-01	1.461E-01	
1.165E-01	9.923E-03	1.346E-01	1.124E-02	0.000E+00	0.000E+00	1.558E-01	1.458E-01	
1.170E-01	9.843E-03	1.345E-01	1.109E-02	0.000E+00	0.000E+00	1.554E-01	1.456E-01	
1.175E-01	9.764E-03	1.344E-01	1.094E-02	0.000E+00	0.000E+00	1.551E-01	1.453E-01	
1.180E-01	9.685E-03	1.342E-01	1.079E-02	0.000E+00	0.000E+00	1.547E-01	1.450E-01	
1.185E-01	9.608E-03	1.341E-01	1.064E-02	0.000E+00	0.000E+00	1.544E-01	1.447E-01	
1.190E-01	9.532E-03	1.340E-01	1.050E-02	0.000E+00	0.000E+00	1.540E-01	1.445E-01	
1.195E-01	9.456E-03	1.339E-01	1.036E-02	0.000E+00	0.000E+00	1.537E-01	1.442E-01	
1.200E-01	9.381E-03	1.337E-01	1.022E-02	0.000E+00	0.000E+00	1.533E-01	1.440E-01	
1.205E-01	9.307E-03	1.336E-01	1.009E-02	0.000E+00	0.000E+00	1.530E-01	1.437E-01	
1.210E-01	9.235E-03	1.335E-01	9.952E-03	0.000E+00	0.000E+00	1.527E-01	1.434E-01	
1.215E-01	9.162E-03	1.334E-01	9.821E-03	0.000E+00	0.000E+00	1.523E-01	1.432E-01	
1.220E-01	9.091E-03	1.332E-01	9.692E-03	0.000E+00	0.000E+00	1.520E-01	1.429E-01	
1.225E-01	9.021E-03	1.331E-01	9.565E-03	0.000E+00	0.000E+00	1.517E-01	1.427E-01	
1.230E-01	8.951E-03	1.330E-01	9.440E-03	0.000E+00	0.000E+00	1.514E-01	1.424E-01	
1.235E-01	8.882E-03	1.329E-01	9.318E-03	0.000E+00	0.000E+00	1.511E-01	1.422E-01	
1.240E-01	8.814E-03	1.328E-01	9.198E-03	0.000E+00	0.000E+00	1.508E-01	1.420E-01	
1.245E-01	8.747E-03	1.326E-01	9.079E-03	0.000E+00	0.000E+00	1.505E-01	1.417E-01	
1.250E-01	8.681E-03	1.325E-01	8.963E-03	0.000E+00	0.000E+00	1.502E-01	1.415E-01	
1.255E-01	8.615E-03	1.324E-01	8.849E-03	0.000E+00	0.000E+00	1.499E-01	1.412E-01	
1.260E-01	8.550E-03	1.323E-01	8.736E-03	0.000E+00	0.000E+00	1.496E-01	1.410E-01	
1.265E-01	8.485E-03	1.322E-01	8.626E-03	0.000E+00	0.000E+00	1.493E-01	1.408E-01	
1.270E-01	8.422E-03	1.320E-01	8.517E-03	0.000E+00	0.000E+00	1.490E-01	1.405E-01	
1.275E-01	8.359E-03	1.319E-01	8.410E-03	0.000E+00	0.000E+00	1.487E-01	1.403E-01	
1.280E-01	8.297E-03	1.318E-01	8.305E-03	0.000E+00	0.000E+00	1.484E-01	1.401E-01	
1.285E-01	8.235E-03	1.317E-01	8.201E-03	0.000E+00	0.000E+00	1.481E-01	1.399E-01	
1.290E-01	8.175E-03	1.316E-01	8.099E-03	0.000E+00	0.000E+00	1.478E-01	1.397E-01	
1.295E-01	8.115E-03	1.314E-01	7.999E-03	0.000E+00	0.000E+00	1.475E-01	1.394E-01	
1.300E-01	8.055E-03	1.313E-01	7.901E-03	0.000E+00	0.000E+00	1.473E-01	1.392E-01	
1.305E-01	7.996E-03	1.312E-01	7.804E-03	0.000E+00	0.000E+00	1.470E-01	1.390E-01	
1.310E-01	7.938E-03	1.311E-01	7.709E-03	0.000E+00	0.000E+00	1.467E-01	1.388E-01	
1.315E-01	7.880E-03	1.310E-01	7.615E-03	0.000E+00	0.000E+00	1.465E-01	1.386E-01	
1.320E-01	7.824E-03	1.308E-01	7.523E-03	0.000E+00	0.000E+00	1.462E-01	1.384E-01	
1.325E-01	7.767E-03	1.307E-01	7.432E-03	0.000E+00	0.000E+00	1.459E-01	1.382E-01	
1.330E-01	7.712E-03	1.306E-01	7.342E-03	0.000E+00	0.000E+00	1.457E-01	1.379E-01	
1.335E-01	7.656E-03	1.305E-01	7.254E-03	0.000E+00	0.000E+00	1.454E-01	1.377E-01	
1.340E-01	7.602E-03	1.304E-01	7.168E-03	0.000E+00	0.000E+00	1.451E-01	1.375E-01	
1.345E-01	7.548E-03	1.303E-01	7.083E-03	0.000E+00	0.000E+00	1.449E-01	1.373E-01	
1.350E-01	7.494E-03	1.301E-01	6.999E-03	0.000E+00	0.000E+00	1.446E-01	1.371E-01	
1.355E-01	7.442E-03	1.300E-01	6.916E-03	0.000E+00	0.000E+00	1.444E-01	1.369E-01	
1.360E-01	7.389E-03	1.299E-01	6.835E-03	0.000E+00	0.000E+00	1.441E-01	1.367E-01	
1.365E-01	7.338E-03	1.298E-01	6.755E-03	0.000E+00	0.000E+00	1.439E-01	1.365E-01	
1.370E-01	7.286E-03	1.297E-01	6.676E-03	0.000E+00	0.000E+00	1.436E-01	1.363E-01	
1.375E-01	7.236E-03	1.296E-01	6.598E-03	0.000E+00	0.000E+00	1.434E-01	1.362E-01	
1.380E-01	7.186E-03	1.294E-01	6.522E-03	0.000E+00	0.000E+00	1.431E-01	1.360E-01	
1.385E-01	7.136E-03	1.293E-01	6.447E-03	0.000E+00	0.000E+00	1.429E-01	1.358E-01	
1.390E-01	7.087E-03	1.292E-01	6.373E-03	0.000E+00	0.000E+00	1.427E-01	1.356E-01	
1.395E-01	7.038E-03	1.291E-01	6.300E-03	0.000E+00	0.000E+00	1.424E-01	1.354E-01	
1.400E-01	6.990E-03	1.290E-01	6.228E-03	0.000E+00	0.000E+00	1.422E-01	1.352E-01	
1.405E-01	6.943E-03	1.289E-01	6.157E-03	0.000E+00	0.000E+00	1.420E-01	1.350E-01	
1.410E-01	6.895E-03	1.287E-01	6.087E-03	0.000E+00	0.000E+00	1.417E-01	1.348E-01	
1.415E-01	6.849E-03	1.286E-01	6.019E-03	0.000E+00	0.000E+00	1.415E-01	1.347E-01	
1.420E-01	6.802E-03	1.285E-01	5.951E-03	0.000E+00	0.000E+00	1.413E-01	1.345E-01	
1.425E-01	6.757E-03	1.284E-01	5.884E-03	0.000E+00	0.000E+00	1.410E-01	1.343E-01	
1.430E-01	6.711E-03	1.283E-01	5.819E-03	0.000E+00	0.000E+00	1.408E-01	1.341E-01	
1.435E-01	6.667E-03	1.282E-01	5.754E-03	0.000E+00	0.000E+00	1.406E-01	1.339E-01	
1.440E-01	6.622E-03	1.281E-01	5.690E-03	0.000E+00	0.000E+00	1.404E-01	1.338E-01	
1.445E-01	6.578E-03	1.280E-01	5.627E-03	0.000E+00	0.000E+00	1.402E-01	1.336E-01	
1.450E-01	6.535E-03	1.278E-01	5.565E-03	0.000E+00	0.000E+00	1.399E-01	1.334E-01	
1.455E-01	6.492E-03	1.277E-01	5.504E-03	0.000E+00	0.000E+00	1.397E-01	1.332E-01	
1.460E-01	6.449E-03	1.276E-01	5.444E-03	0.000E+00	0.000E+00	1.395E-01	1.331E-01	
1.465E-01	6.407E-03	1.275E-01	5.385E-03	0.000E+00	0.000E+00	1.393E-01	1.329E-01	
1.470E-01	6.365E-03	1.274E-01	5.326E-03	0.000E+00	0.000E+00	1.391E-01	1.327E-01	
1.475E-01	6.323E-03	1.273E-01	5.269E-03	0.000E+00	0.000E+00	1.389E-01	1.326E-01	
1.480E-01	6.282E-03	1.272E-01	5.212E-03	0.000E+00	0.000E+00	1.387E-01	1.324E-01	
1.485E-01	6.242E-03	1.271E-01	5.156E-03	0.000E+00	0.000E+00	1.385E-01	1.322E-01	
1.490E-01	6.202E-03	1.270E-01	5.101E-03	0.000E+00	0.000E+00	1.383E-01	1.321E-01	
1.495E-01	6.162E-03	1.268E-01	5.046E-03	0.000E+00	0.000E+00	1.380E-01	1.319E-01	
1.500E-01	6.122E-03	1.267E-01	4.993E-03	0.000E+00	0.000E+00	1.378E-01	1.317E-01	
1.505E-01	6.083E-03	1.266E-01	4.940E-03	0.000E+00	0.000E+00	1.376E-01	1.316E-01	
1.510E-01	6.044E-03	1.265E-01	4.888E-03	0.000E+00	0.000E+00	1.374E-01	1.314E-01	
1.515E-01	6.006E-03	1.264E-01	4.836E-03	0.000E+00	0.000E+00	1.372E-01	1.312E-01	
1.520E-01	5.968E-03	1.263E-01	4.786E-03	0.000E+00	0.000E+00	1.370E-01	1.311E-01	
1.525E-01	5.930E-03	1.262E-01	4.736E-03	0.000E+00	0.000E+00	1.368E-01	1.309E-01	
1.530E-01	5.893E-03	1.261E-01	4.686E-03	0.000E+00	0.000E+00	1.367E-01	1.308E-01	
1.535E-01	5.856E-03	1.260E-01	4.638E-03	0.000E+00	0.000E+00	1.365E-01	1.306E-01	
1.540E-01	5.820E-03	1.259E-01	4.590E-03	0.000E+00	0.000E+00	1.363E-01	1.304E-01	
1.545E-01	5.783E-03	1.257E-01	4.543E-03	0.000E+00	0.000E+00	1.361E-01	1.303E-01	
1.550E-01	5.747E-03	1.256E-01	4.496E-03	0.000E+00	0.000E+00	1.359E-01	1.301E-01	
1.555E-01	5.712E-03	1.255E-01	4.450E-03	0.000E+00	0.000E+00	1.357E-01	1.300E-01	
1.560E-01	5.676E-03	1.254E-01	4.404E-03	0.000E+00	0.000E+00	1.355E-01	1.298E-01	
1.565E-01	5.642E-03	1.253E-01	4.360E-03	0.000E+00	0.000E+00	1.353E-01	1.297E-01	
1.570E-01	5.607E-03	1.252E-01	4.315E-03	0.000E+00	0.000E+00	1.351E-01	1.295E-01	
1.575E-01	5.573E-03	1.251E-01	4.272E-03	0.000E+00	0.000E+00	1.349E-01	1.294E-01	
1.580E-01	5.539E-03	1.250E-01	4.229E-03	0.000E+00	0.000E+00	1.348E-01	1.292E-01	
1.585E-01	5.505E-03	1.249E-01	4.186E-03	0.000E+00	0.000E+00	1.346E-01	1.291E-01	
1.590E-01	5.471E-03	1.248E-01	4.144E-03	0.000E+00	0.000E+00	1.344E-01	1.289E-01	
1.595E-01	5.438E-03	1.247E-01	4.103E-03	0.000E+00	0.000E+00	1.342E-01	1.288E-01	
1.600E-01	5.406E-03	1.246E-01	4.062E-03	0.000E+00	0.000E+00	1.340E-01	1.286E-01	
1.605E-01	5.373E-03	1.245E-01	4.022E-03	0.000E+00	0.000E+00	1.339E-01	1.285E-01	
1.610E-01	5.341E-03	1.244E-01	3.982E-03	0.000E+00	0.000E+00	1.337E-01	1.283E-01	
1.615E-01	5.309E-03	1.243E-01	3.943E-03	0.000E+00	0.000E+00	1.335E-01	1.282E-01	
1.620E-01	5.277E-03	1.242E-01	3.905E-03	0.000E+00	0.000E+00	1.333E-01	1.281E-01	
1.625E-01	5.246E-03	1.240E-01	3.866E-03	0.000E+00	0.000E+00	1.332E-01	1.279E-01	
1.630E-01	5.215E-03	1.239E-01	3.829E-03	0.000E+00	0.000E+00	1.330E-01	1.278E-01	
1.635E-01	5.184E-03	1.238E-01	3.791E-03	0.000E+00	0.000E+00	1.328E-01	1.276E-01	
1.640E-01	5.154E-03	1.237E-01	3.755E-03	0.000E+00	0.000E+00	1.326E-01	1.275E-01	
1.645E-01	5.123E-03	1.236E-01	3.718E-03	0.000E+00	0.000E+00	1.325E-01	1.273E-01	
1.650E-01	5.093E-03	1.235E-01	3.683E-03	0.000E+00	0.000E+00	1.323E-01	1.272E-01	
1.655E-01	5.064E-03	1.234E-01	3.647E-03	0.000E+00	0.000E+00	1.321E-01	1.271E-01	
1.660E-01	5.034E-03	1.233E-01	3.612E-03	0.000E+00	0.000E+00	1.320E-01	1.269E-01	
1.665E-01	5.005E-03	1.232E-01	3.578E-03	0.000E+00	0.000E+00	1.318E-01	1.268E-01	
1.670E-01	4.976E-03	1.231E-01	3.544E-03	0.000E+00	0.000E+00	1.316E-01	1.267E-01	
1.675E-01	4.947E-03	1.230E-01	3.510E-03	0.000E+00	0.000E+00	1.315E-01	1.265E-01	
1.680E-01	4.919E-03	1.229E-01	3.477E-03	0.000E+00	0.000E+00	1.313E-01	1.264E-01	
1.685E-01	4.890E-03	1.228E-01	3.445E-03	0.000E+00	0.000E+00	1.311E-01	1.263E-01	
1.690E-01	4.862E-03	1.227E-01	3.412E-03	0.000E+00	0.000E+00	1.310E-01	1.261E-01	
1.695E-01	4.835E-03	1.226E-01	3.380E-03	0.000E+00	0.000E+00	1.308E-01	1.260E-01	
1.700E-01	4.807E-03	1.225E-01	3.349E-03	0.000E+00	0.000E+00	1.307E-01	1.259E-01	
1.705E-01	4.780E-03	1.224E-01	3.318E-03	0.000E+00	0.000E+00	1.305E-01	1.257E-01	
1.710E-01	4.753E-03	1.223E-01	3.287E-03	0.000E+00	0.000E+00	1.303E-01	1.256E-01	
1.715E-01	4.726E-03	1.222E-01	3.256E-03	0.000E+00	0.000E+00	1.302E-01	1.255E-01	
1.720E-01	4.699E-03	1.221E-01	3.226E-03	0.000E+00	0.000E+00	1.300E-01	1.253E-01	
1.725E-01	4.673E-03	1.220E-01	3.197E-03	0.000E+00	0.000E+00	1.299E-01	1.252E-01	
1.730E-01	4.647E-03	1.219E-01	3.168E-03	0.000E+00	0.000E+00	1.297E-01	1.251E-01	
1.735E-01	4.621E-03	1.218E-01	3.139E-03	0.000E+00	0.000E+00	1.296E-01	1.249E-01	
1.740E-01	4.595E-03	1.217E-01	3.110E-03	0.000E+00	0.000E+00	1.294E-01	1.248E-01	
1.745E-01	4.570E-03	1.216E-01	3.082E-03	0.000E+00	0.000E+00	1.293E-01	1.247E-01	
1.750E-01	4.544E-03	1.215E-01	3.054E-03	0.000E+00	0.000E+00	1.291E-01	1.246E-01	
1.755E-01	4.519E-03	1.214E-01	3.026E-03	0.000E+00	0.000E+00	1.289E-01	1.244E-01	
1.760E-01	4.494E-03	1.213E-01	2.999E-03	0.000E+00	0.000E+00	1.288E-01	1.243E-01	
1.765E-01	4.470E-03	1.212E-01	2.972E-03	0.000E+00	0.000E+00	1.286E-01	1.242E-01	
1.770E-01	4.445E-03	1.211E-01	2.946E-03	0.000E+00	0.000E+00	1.285E-01	1.241E-01	
1.775E-01	4.421E-03	1.210E-01	2.919E-03	0.000E+00	0.000E+00	1.283E-01	1.239E-01	
1.780E-01	4.397E-03	1.209E-01	2.894E-03	0.000E+00	0.000E+00	1.282E-01	1.238E-01	
1.785E-01	4.373E-03	1.208E-01	2.868E-03	0.000E+00	0.000E+00	1.281E-01	1.237E-01	
1.790E-01	4.349E-03	1.207E-01	2.843E-03	0.000E+00	0.000E+00	1.279E-01	1.236E-01	
1.795E-01	4.326E-03	1.206E-01	2.818E-03	0.000E+00	0.000E+00	1.278E-01	1.234E-01	
1.800E-01	4.302E-03	1.205E-01	2.793E-03	0.000E+00	0.000E+00	1.276E-01	1.233E-01	
1.805E-01	4.279E-03	1.204E-01	2.768E-03	0.000E+00	0.000E+00	1.275E-01	1.232E-01	
1.810E-01	4.256E-03	1.203E-01	2.744E-03	0.000E+00	0.000E+00	1.273E-01	1.231E-01	
1.815E-01	4.234E-03	1.202E-01	2.720E-03	0.000E+00	0.000E+00	1.272E-01	1.229E-01	
1.820E-01	4.211E-03	1.201E-01	2.697E-03	0.000E+00	0.000E+00	1.270E-01	1.228E-01	
1.825E-01	4.189E-03	1.200E-01	2.673E-03	0.000E+00	0.000E+00	1.269E-01	1.227E-01	
1.830E-01	4.166E-03	1.199E-01	2.650E-03	0.000E+00	0.000E+00	1.268E-01	1.226E-01	
1.835E-01	4.144E-03	1.198E-01	2.627E-03	0.000E+00	0.000E+00	1.266E-01	1.225E-01	
1.840E-01	4.122E-03	1.197E-01	2.605E-03	0.000E+00	0.000E+00	1.265E-01	1.224E-01	
1.845E-01	4.101E-03	1.197E-01	2.583E-03	0.000E+00	0.000E+00	1.263E-01	1.222E-01	
1.850E-01	4.079E-03	1.196E-01	2.561E-03	0.000E+00	0.000E+00	1.262E-01	1.221E-01	
1.855E-01	4.058E-03	1.195E-01	2.539E-03	0.000E+00	0.000E+00	1.261E-01	1.220E-01	
1.860E-01	4.037E-03	1.194E-01	2.517E-03	0.000E+00	0.000E+00	1.259E-01	1.219E-01	
1.865E-01	4.016E-03	1.193E-01	2.496E-03	0.000E+00	0.000E+00	1.258E-01	1.218E-01	
1.870E-01	3.995E-03	1.192E-01	2.475E-03	0.000E+00	0.000E+00	1.257E-01	1.217E-01	
1.875E-01	3.974E-03	1.191E-01	2.454E-03	0.000E+00	0.000E+00	1.255E-01	1.215E-01	
1.880E-01	3.953E-03	1.190E-01	2.434E-03	0.000E+00	0.000E+00	1.254E-01	1.214E-01	
1.885E-01	3.933E-03	1.189E-01	2.413E-03	0.000E+00	0.000E+00	1.252E-01	1.213E-01	
1.890E-01	3.913E-03	1.188E-01	2.393E-03	0.000E+00	0.000E+00	1.251E-01	1.212E-01	
1.895E-01	3.893E-03	1.187E-01	2.373E-03	0.000E+00	0.000E+00	1.250E-01	1.211E-01	
1.900E-01	3.873E-03	1.186E-01	2.354E-03	0.000E+00	0.000E+00	1.248E-01	1.210E-01	
1.905E-01	3.853E-03	1.185E-01	2.334E-03	0.000E+00	0.000E+00	1.247E-01	1.209E-01	
1.910E-01	3.833E-03	1.184E-01	2.315E-03	0.000E+00	0.000E+00	1.246E-01	1.207E-01	
1.915E-01	3.814E-03	1.183E-01	2.296E-03	0.000E+00	0.000E+00	1.245E-01	1.206E-01	
1.920E-01	3.795E-03	1.182E-01	2.277E-03	0.000E+00	0.000E+00	1.243E-01	1.205E-01	
1.925E-01	3.775E-03	1.182E-01	2.258E-03	0.000E+00	0.000E+00	1.242E-01	1.204E-01	
1.930E-01	3.756E-03	1.181E-01	2.240E-03	0.000E+00	0.000E+00	1.241E-01	1.203E-01	
1.935E-01	3.737E-03	1.180E-01	2.222E-03	0.000E+00	0.000E+00	1.239E-01	1.202E-01	
1.940E-01	3.719E-03	1.179E-01	2.204E-03	0.000E+00	0.000E+00	1.238E-01	1.201E-01	
1.945E-01	3.700E-03	1.178E-01	2.186E-03	0.000E+00	0.000E+00	1.237E-01	1.200E-01	
1.950E-01	3.682E-03	1.177E-01	2.168E-03	0.000E+00	0.000E+00	1.235E-01	1.199E-01	
1.955E-01	3.663E-03	1.176E-01	2.151E-03	0.000E+00	0.000E+00	1.234E-01	1.198E-01	
1.960E-01	3.645E-03	1.175E-01	2.134E-03	0.000E+00	0.000E+00	1.233E-01	1.197E-01	
1.965E-01	3.627E-03	1.174E-01	2.117E-03	0.000E+00	0.000E+00	1.232E-01	1.195E-01	
1.970E-01	3.609E-03	1.173E-01	2.100E-03	0.000E+00	0.000E+00	1.230E-01	1.194E-01	
1.975E-01	3.591E-03	1.172E-01	2.083E-03	0.000E+00	0.000E+00	1.229E-01	1.193E-01	
1.980E-01	3.574E-03	1.172E-01	2.066E-03	0.000E+00	0.000E+00	1.228E-01	1.192E-01	
1.985E-01	3.556E-03	1.171E-01	2.050E-03	0.000E+00	0.000E+00	1.227E-01	1.191E-01	
1.990E-01	3.539E-03	1.170E-01	2.034E-03	0.000E+00	0.000E+00	1.225E-01	1.190E-01	
1.995E-01	3.521E-03	1.169E-01	2.018E-03	0.000E+00	0.000E+00	1.224E-01	1.189E-01	
2.000E-01	3.504E-03	1.168E-01	2.002E-03	0.000E+00	0.000E+00	1.223E-01	1.188E-01	
