0.1
0.1005
0.101
0.1015
0.102
0.1025
0.103
0.1035
0.104
0.1045
0.105
0.1055
0.106
0.1065
0.107
0.1075
0.108
0.1085
0.109
0.1095
0.11
0.1105
0.111
0.1115
0.112
0.1125
0.113
0.1135
0.114
0.1145
0.115
0.1155
0.116
0.1165
0.117
0.1175
0.118
0.1185
0.119
0.1195
0.12
0.1205
0.121
0.1215
0.122
0.1225
0.123
0.1235
0.124
0.1245
0.125
0.1255
0.126
0.1265
0.127
0.1275
0.128
0.1285
0.129
0.1295
0.13
0.1305
0.131
0.1315
0.132
0.1325
0.133
0.1335
0.134
0.1345
0.135
0.1355
0.136
0.1365
0.137
0.1375
0.138
0.1385
0.139
0.1395
0.14
0.1405
0.141
0.1415
0.142
0.1425
0.143
0.1435
0.144
0.1445
0.145
0.1455
0.146
0.1465
0.147
0.1475
0.148
0.1485
0.149
0.1495
