1.000E-03	1.372E+00	1.319E-02	4.076E+03	0.000E+00	0.000E+00	4.077E+03	4.076E+03	
1.500E-03	1.269E+00	2.673E-02	1.374E+03	0.000E+00	0.000E+00	1.376E+03	1.374E+03	
2.000E-03	1.150E+00	4.184E-02	6.162E+02	0.000E+00	0.000E+00	6.173E+02	6.162E+02	
2.500E-03	1.026E+00	5.680E-02	3.257E+02	0.000E+00	0.000E+00	3.268E+02	3.258E+02	
3.000E-03	9.087E-01	7.075E-02	1.919E+02	0.000E+00	0.000E+00	1.928E+02	1.919E+02	
3.500E-03	8.020E-01	8.326E-02	1.219E+02	0.000E+00	0.000E+00	1.228E+02	1.220E+02	
4.000E-03	7.082E-01	9.430E-02	8.197E+01	0.000E+00	0.000E+00	8.277E+01	8.207E+01	
4.500E-03	6.271E-01	1.039E-01	5.761E+01	0.000E+00	0.000E+00	5.834E+01	5.771E+01	
5.000E-03	5.579E-01	1.123E-01	4.192E+01	0.000E+00	0.000E+00	4.259E+01	4.203E+01	
5.500E-03	4.990E-01	1.196E-01	3.139E+01	0.000E+00	0.000E+00	3.201E+01	3.151E+01	
6.000E-03	4.489E-01	1.259E-01	2.407E+01	0.000E+00	0.000E+00	2.464E+01	2.419E+01	
6.500E-03	4.061E-01	1.313E-01	1.883E+01	0.000E+00	0.000E+00	1.937E+01	1.896E+01	
7.000E-03	3.693E-01	1.361E-01	1.499E+01	0.000E+00	0.000E+00	1.550E+01	1.513E+01	
7.500E-03	3.377E-01	1.403E-01	1.211E+01	0.000E+00	0.000E+00	1.259E+01	1.225E+01	
8.000E-03	3.102E-01	1.440E-01	9.919E+00	0.000E+00	0.000E+00	1.037E+01	1.006E+01	
8.500E-03	2.863E-01	1.472E-01	8.216E+00	0.000E+00	0.000E+00	8.649E+00	8.363E+00	
9.000E-03	2.653E-01	1.501E-01	6.875E+00	0.000E+00	0.000E+00	7.291E+00	7.025E+00	
9.500E-03	2.469E-01	1.527E-01	5.806E+00	0.000E+00	0.000E+00	6.206E+00	5.959E+00	
1.000E-02	2.305E-01	1.550E-01	4.944E+00	0.000E+00	0.000E+00	5.330E+00	5.099E+00	
1.050E-02	2.160E-01	1.571E-01	4.242E+00	0.000E+00	0.000E+00	4.615E+00	4.399E+00	
1.100E-02	2.029E-01	1.591E-01	3.664E+00	0.000E+00	0.000E+00	4.026E+00	3.823E+00	
1.150E-02	1.912E-01	1.608E-01	3.184E+00	0.000E+00	0.000E+00	3.536E+00	3.345E+00	
1.200E-02	1.806E-01	1.624E-01	2.783E+00	0.000E+00	0.000E+00	3.126E+00	2.946E+00	
1.250E-02	1.709E-01	1.639E-01	2.446E+00	0.000E+00	0.000E+00	2.781E+00	2.610E+00	
1.300E-02	1.621E-01	1.653E-01	2.160E+00	0.000E+00	0.000E+00	2.487E+00	2.325E+00	
1.350E-02	1.540E-01	1.666E-01	1.916E+00	0.000E+00	0.000E+00	2.236E+00	2.082E+00	
1.400E-02	1.465E-01	1.678E-01	1.706E+00	0.000E+00	0.000E+00	2.021E+00	1.874E+00	
1.450E-02	1.396E-01	1.689E-01	1.526E+00	0.000E+00	0.000E+00	1.834E+00	1.695E+00	
1.500E-02	1.333E-01	1.699E-01	1.369E+00	0.000E+00	0.000E+00	1.672E+00	1.539E+00	
1.550E-02	1.274E-01	1.709E-01	1.233E+00	0.000E+00	0.000E+00	1.531E+00	1.404E+00	
1.600E-02	1.219E-01	1.718E-01	1.114E+00	0.000E+00	0.000E+00	1.408E+00	1.286E+00	
1.650E-02	1.167E-01	1.727E-01	1.010E+00	0.000E+00	0.000E+00	1.299E+00	1.182E+00	
1.700E-02	1.119E-01	1.735E-01	9.174E-01	0.000E+00	0.000E+00	1.203E+00	1.091E+00	
1.750E-02	1.074E-01	1.742E-01	8.359E-01	0.000E+00	0.000E+00	1.118E+00	1.010E+00	
1.800E-02	1.032E-01	1.749E-01	7.636E-01	0.000E+00	0.000E+00	1.042E+00	9.385E-01	
1.850E-02	9.922E-02	1.756E-01	6.992E-01	0.000E+00	0.000E+00	9.740E-01	8.748E-01	
1.900E-02	9.547E-02	1.762E-01	6.417E-01	0.000E+00	0.000E+00	9.134E-01	8.179E-01	
1.950E-02	9.192E-02	1.768E-01	5.902E-01	0.000E+00	0.000E+00	8.589E-01	7.670E-01	
2.000E-02	8.856E-02	1.774E-01	5.439E-01	0.000E+00	0.000E+00	8.098E-01	7.213E-01	
2.050E-02	8.538E-02	1.779E-01	5.022E-01	0.000E+00	0.000E+00	7.655E-01	6.801E-01	
2.100E-02	8.237E-02	1.783E-01	4.646E-01	0.000E+00	0.000E+00	7.253E-01	6.430E-01	
2.150E-02	7.951E-02	1.788E-01	4.306E-01	0.000E+00	0.000E+00	6.889E-01	6.094E-01	
2.200E-02	7.679E-02	1.792E-01	3.997E-01	0.000E+00	0.000E+00	6.557E-01	5.789E-01	
2.250E-02	7.420E-02	1.796E-01	3.716E-01	0.000E+00	0.000E+00	6.255E-01	5.513E-01	
2.300E-02	7.174E-02	1.800E-01	3.461E-01	0.000E+00	0.000E+00	5.978E-01	5.261E-01	
2.350E-02	6.940E-02	1.803E-01	3.228E-01	0.000E+00	0.000E+00	5.725E-01	5.031E-01	
2.400E-02	6.717E-02	1.806E-01	3.015E-01	0.000E+00	0.000E+00	5.493E-01	4.821E-01	
2.450E-02	6.504E-02	1.809E-01	2.819E-01	0.000E+00	0.000E+00	5.279E-01	4.628E-01	
2.500E-02	6.301E-02	1.812E-01	2.640E-01	0.000E+00	0.000E+00	5.082E-01	4.452E-01	
2.550E-02	6.107E-02	1.814E-01	2.476E-01	0.000E+00	0.000E+00	4.901E-01	4.290E-01	
2.600E-02	5.921E-02	1.817E-01	2.324E-01	0.000E+00	0.000E+00	4.733E-01	4.141E-01	
2.650E-02	5.744E-02	1.819E-01	2.184E-01	0.000E+00	0.000E+00	4.577E-01	4.003E-01	
2.700E-02	5.574E-02	1.821E-01	2.055E-01	0.000E+00	0.000E+00	4.433E-01	3.876E-01	
2.750E-02	5.411E-02	1.822E-01	1.936E-01	0.000E+00	0.000E+00	4.300E-01	3.758E-01	
2.800E-02	5.256E-02	1.824E-01	1.826E-01	0.000E+00	0.000E+00	4.175E-01	3.650E-01	
2.850E-02	5.106E-02	1.825E-01	1.723E-01	0.000E+00	0.000E+00	4.059E-01	3.549E-01	
2.900E-02	4.963E-02	1.827E-01	1.628E-01	0.000E+00	0.000E+00	3.951E-01	3.455E-01	
2.950E-02	4.826E-02	1.828E-01	1.540E-01	0.000E+00	0.000E+00	3.850E-01	3.368E-01	
3.000E-02	4.694E-02	1.829E-01	1.458E-01	0.000E+00	0.000E+00	3.756E-01	3.286E-01	
3.050E-02	4.567E-02	1.830E-01	1.381E-01	0.000E+00	0.000E+00	3.667E-01	3.211E-01	
3.100E-02	4.445E-02	1.830E-01	1.309E-01	0.000E+00	0.000E+00	3.584E-01	3.140E-01	
3.150E-02	4.328E-02	1.831E-01	1.243E-01	0.000E+00	0.000E+00	3.506E-01	3.074E-01	
3.200E-02	4.215E-02	1.831E-01	1.180E-01	0.000E+00	0.000E+00	3.433E-01	3.012E-01	
3.250E-02	4.106E-02	1.832E-01	1.122E-01	0.000E+00	0.000E+00	3.365E-01	2.954E-01	
3.300E-02	4.002E-02	1.832E-01	1.067E-01	0.000E+00	0.000E+00	3.300E-01	2.899E-01	
3.350E-02	3.901E-02	1.832E-01	1.016E-01	0.000E+00	0.000E+00	3.239E-01	2.848E-01	
3.400E-02	3.804E-02	1.832E-01	9.679E-02	0.000E+00	0.000E+00	3.181E-01	2.800E-01	
3.450E-02	3.711E-02	1.832E-01	9.227E-02	0.000E+00	0.000E+00	3.126E-01	2.755E-01	
3.500E-02	3.621E-02	1.832E-01	8.802E-02	0.000E+00	0.000E+00	3.075E-01	2.713E-01	
3.550E-02	3.534E-02	1.832E-01	8.403E-02	0.000E+00	0.000E+00	3.026E-01	2.672E-01	
3.600E-02	3.450E-02	1.832E-01	8.026E-02	0.000E+00	0.000E+00	2.980E-01	2.635E-01	
3.650E-02	3.369E-02	1.832E-01	7.671E-02	0.000E+00	0.000E+00	2.936E-01	2.599E-01	
3.700E-02	3.291E-02	1.831E-01	7.336E-02	0.000E+00	0.000E+00	2.894E-01	2.565E-01	
3.750E-02	3.216E-02	1.831E-01	7.020E-02	0.000E+00	0.000E+00	2.854E-01	2.533E-01	
3.800E-02	3.143E-02	1.830E-01	6.722E-02	0.000E+00	0.000E+00	2.817E-01	2.502E-01	
3.850E-02	3.072E-02	1.830E-01	6.439E-02	0.000E+00	0.000E+00	2.781E-01	2.474E-01	
3.900E-02	3.004E-02	1.829E-01	6.172E-02	0.000E+00	0.000E+00	2.747E-01	2.446E-01	
3.950E-02	2.938E-02	1.828E-01	5.919E-02	0.000E+00	0.000E+00	2.714E-01	2.420E-01	
4.000E-02	2.874E-02	1.827E-01	5.680E-02	0.000E+00	0.000E+00	2.683E-01	2.395E-01	
4.050E-02	2.812E-02	1.827E-01	5.453E-02	0.000E+00	0.000E+00	2.653E-01	2.372E-01	
4.100E-02	2.753E-02	1.826E-01	5.237E-02	0.000E+00	0.000E+00	2.625E-01	2.349E-01	
4.150E-02	2.695E-02	1.825E-01	5.032E-02	0.000E+00	0.000E+00	2.598E-01	2.328E-01	
4.200E-02	2.639E-02	1.824E-01	4.838E-02	0.000E+00	0.000E+00	2.571E-01	2.308E-01	
4.250E-02	2.584E-02	1.823E-01	4.654E-02	0.000E+00	0.000E+00	2.547E-01	2.288E-01	
4.300E-02	2.532E-02	1.822E-01	4.478E-02	0.000E+00	0.000E+00	2.523E-01	2.269E-01	
4.350E-02	2.481E-02	1.821E-01	4.311E-02	0.000E+00	0.000E+00	2.500E-01	2.252E-01	
4.400E-02	2.431E-02	1.819E-01	4.152E-02	0.000E+00	0.000E+00	2.478E-01	2.235E-01	
4.450E-02	2.383E-02	1.818E-01	4.000E-02	0.000E+00	0.000E+00	2.457E-01	2.218E-01	
4.500E-02	2.336E-02	1.817E-01	3.856E-02	0.000E+00	0.000E+00	2.436E-01	2.203E-01	
4.550E-02	2.291E-02	1.816E-01	3.718E-02	0.000E+00	0.000E+00	2.417E-01	2.188E-01	
4.600E-02	2.247E-02	1.814E-01	3.587E-02	0.000E+00	0.000E+00	2.398E-01	2.173E-01	
4.650E-02	2.204E-02	1.813E-01	3.461E-02	0.000E+00	0.000E+00	2.380E-01	2.159E-01	
4.700E-02	2.162E-02	1.812E-01	3.341E-02	0.000E+00	0.000E+00	2.362E-01	2.146E-01	
4.750E-02	2.122E-02	1.810E-01	3.227E-02	0.000E+00	0.000E+00	2.345E-01	2.133E-01	
4.800E-02	2.083E-02	1.809E-01	3.117E-02	0.000E+00	0.000E+00	2.329E-01	2.121E-01	
4.850E-02	2.045E-02	1.808E-01	3.013E-02	0.000E+00	0.000E+00	2.313E-01	2.109E-01	
4.900E-02	2.007E-02	1.806E-01	2.913E-02	0.000E+00	0.000E+00	2.298E-01	2.097E-01	
4.950E-02	1.971E-02	1.805E-01	2.817E-02	0.000E+00	0.000E+00	2.284E-01	2.086E-01	
5.000E-02	1.936E-02	1.803E-01	2.725E-02	0.000E+00	0.000E+00	2.269E-01	2.076E-01	
5.050E-02	1.902E-02	1.802E-01	2.637E-02	0.000E+00	0.000E+00	2.256E-01	2.065E-01	
5.100E-02	1.868E-02	1.800E-01	2.553E-02	0.000E+00	0.000E+00	2.242E-01	2.055E-01	
5.150E-02	1.836E-02	1.799E-01	2.472E-02	0.000E+00	0.000E+00	2.229E-01	2.046E-01	
5.200E-02	1.804E-02	1.797E-01	2.394E-02	0.000E+00	0.000E+00	2.217E-01	2.037E-01	
5.250E-02	1.774E-02	1.796E-01	2.320E-02	0.000E+00	0.000E+00	2.205E-01	2.027E-01	
5.300E-02	1.743E-02	1.794E-01	2.248E-02	0.000E+00	0.000E+00	2.193E-01	2.019E-01	
5.350E-02	1.714E-02	1.792E-01	2.180E-02	0.000E+00	0.000E+00	2.182E-01	2.010E-01	
5.400E-02	1.686E-02	1.791E-01	2.114E-02	0.000E+00	0.000E+00	2.171E-01	2.002E-01	
5.450E-02	1.658E-02	1.789E-01	2.050E-02	0.000E+00	0.000E+00	2.160E-01	1.994E-01	
5.500E-02	1.631E-02	1.787E-01	1.990E-02	0.000E+00	0.000E+00	2.149E-01	1.986E-01	
5.550E-02	1.604E-02	1.786E-01	1.931E-02	0.000E+00	0.000E+00	2.139E-01	1.979E-01	
5.600E-02	1.578E-02	1.784E-01	1.875E-02	0.000E+00	0.000E+00	2.129E-01	1.972E-01	
5.650E-02	1.553E-02	1.782E-01	1.820E-02	0.000E+00	0.000E+00	2.120E-01	1.964E-01	
5.700E-02	1.528E-02	1.781E-01	1.768E-02	0.000E+00	0.000E+00	2.110E-01	1.957E-01	
5.750E-02	1.504E-02	1.779E-01	1.718E-02	0.000E+00	0.000E+00	2.101E-01	1.951E-01	
5.800E-02	1.481E-02	1.777E-01	1.669E-02	0.000E+00	0.000E+00	2.092E-01	1.944E-01	
5.850E-02	1.458E-02	1.776E-01	1.623E-02	0.000E+00	0.000E+00	2.084E-01	1.938E-01	
5.900E-02	1.435E-02	1.774E-01	1.578E-02	0.000E+00	0.000E+00	2.075E-01	1.932E-01	
5.950E-02	1.413E-02	1.772E-01	1.534E-02	0.000E+00	0.000E+00	2.067E-01	1.925E-01	
6.000E-02	1.392E-02	1.770E-01	1.493E-02	0.000E+00	0.000E+00	2.059E-01	1.920E-01	
6.050E-02	1.371E-02	1.769E-01	1.452E-02	0.000E+00	0.000E+00	2.051E-01	1.914E-01	
6.100E-02	1.350E-02	1.767E-01	1.413E-02	0.000E+00	0.000E+00	2.043E-01	1.908E-01	
6.150E-02	1.330E-02	1.765E-01	1.376E-02	0.000E+00	0.000E+00	2.036E-01	1.903E-01	
6.200E-02	1.311E-02	1.763E-01	1.339E-02	0.000E+00	0.000E+00	2.028E-01	1.897E-01	
6.250E-02	1.292E-02	1.761E-01	1.304E-02	0.000E+00	0.000E+00	2.021E-01	1.892E-01	
6.300E-02	1.273E-02	1.760E-01	1.270E-02	0.000E+00	0.000E+00	2.014E-01	1.887E-01	
6.350E-02	1.254E-02	1.758E-01	1.238E-02	0.000E+00	0.000E+00	2.007E-01	1.882E-01	
6.400E-02	1.236E-02	1.756E-01	1.206E-02	0.000E+00	0.000E+00	2.000E-01	1.877E-01	
6.450E-02	1.219E-02	1.754E-01	1.175E-02	0.000E+00	0.000E+00	1.994E-01	1.872E-01	
6.500E-02	1.202E-02	1.752E-01	1.146E-02	0.000E+00	0.000E+00	1.987E-01	1.867E-01	
6.550E-02	1.185E-02	1.751E-01	1.117E-02	0.000E+00	0.000E+00	1.981E-01	1.862E-01	
6.600E-02	1.168E-02	1.749E-01	1.089E-02	0.000E+00	0.000E+00	1.974E-01	1.858E-01	
6.650E-02	1.152E-02	1.747E-01	1.063E-02	0.000E+00	0.000E+00	1.968E-01	1.853E-01	
6.700E-02	1.136E-02	1.745E-01	1.037E-02	0.000E+00	0.000E+00	1.962E-01	1.849E-01	
6.750E-02	1.121E-02	1.743E-01	1.011E-02	0.000E+00	0.000E+00	1.956E-01	1.844E-01	
6.800E-02	1.106E-02	1.741E-01	9.871E-03	0.000E+00	0.000E+00	1.951E-01	1.840E-01	
6.850E-02	1.091E-02	1.740E-01	9.635E-03	0.000E+00	0.000E+00	1.945E-01	1.836E-01	
6.900E-02	1.076E-02	1.738E-01	9.406E-03	0.000E+00	0.000E+00	1.939E-01	1.832E-01	
6.950E-02	1.062E-02	1.736E-01	9.184E-03	0.000E+00	0.000E+00	1.934E-01	1.828E-01	
7.000E-02	1.048E-02	1.734E-01	8.969E-03	0.000E+00	0.000E+00	1.929E-01	1.824E-01	
7.050E-02	1.034E-02	1.732E-01	8.761E-03	0.000E+00	0.000E+00	1.923E-01	1.820E-01	
7.100E-02	1.020E-02	1.730E-01	8.559E-03	0.000E+00	0.000E+00	1.918E-01	1.816E-01	
7.150E-02	1.007E-02	1.729E-01	8.363E-03	0.000E+00	0.000E+00	1.913E-01	1.812E-01	
7.200E-02	9.942E-03	1.727E-01	8.172E-03	0.000E+00	0.000E+00	1.908E-01	1.808E-01	
7.250E-02	9.815E-03	1.725E-01	7.987E-03	0.000E+00	0.000E+00	1.903E-01	1.805E-01	
7.300E-02	9.690E-03	1.723E-01	7.808E-03	0.000E+00	0.000E+00	1.898E-01	1.801E-01	
7.350E-02	9.568E-03	1.721E-01	7.634E-03	0.000E+00	0.000E+00	1.893E-01	1.797E-01	
7.400E-02	9.448E-03	1.719E-01	7.465E-03	0.000E+00	0.000E+00	1.888E-01	1.794E-01	
7.450E-02	9.330E-03	1.717E-01	7.301E-03	0.000E+00	0.000E+00	1.884E-01	1.790E-01	
7.500E-02	9.214E-03	1.716E-01	7.141E-03	0.000E+00	0.000E+00	1.879E-01	1.787E-01	
7.550E-02	9.100E-03	1.714E-01	6.986E-03	0.000E+00	0.000E+00	1.875E-01	1.784E-01	
7.600E-02	8.988E-03	1.712E-01	6.835E-03	0.000E+00	0.000E+00	1.870E-01	1.780E-01	
7.650E-02	8.879E-03	1.710E-01	6.689E-03	0.000E+00	0.000E+00	1.866E-01	1.777E-01	
7.700E-02	8.771E-03	1.708E-01	6.546E-03	0.000E+00	0.000E+00	1.861E-01	1.774E-01	
7.750E-02	8.666E-03	1.706E-01	6.408E-03	0.000E+00	0.000E+00	1.857E-01	1.770E-01	
7.800E-02	8.562E-03	1.705E-01	6.273E-03	0.000E+00	0.000E+00	1.853E-01	1.767E-01	
7.850E-02	8.460E-03	1.703E-01	6.142E-03	0.000E+00	0.000E+00	1.849E-01	1.764E-01	
7.900E-02	8.360E-03	1.701E-01	6.015E-03	0.000E+00	0.000E+00	1.845E-01	1.761E-01	
7.950E-02	8.261E-03	1.699E-01	5.891E-03	0.000E+00	0.000E+00	1.841E-01	1.758E-01	
8.000E-02	8.165E-03	1.697E-01	5.770E-03	0.000E+00	0.000E+00	1.837E-01	1.755E-01	
8.050E-02	8.069E-03	1.695E-01	5.652E-03	0.000E+00	0.000E+00	1.833E-01	1.752E-01	
8.100E-02	7.976E-03	1.694E-01	5.538E-03	0.000E+00	0.000E+00	1.829E-01	1.749E-01	
8.150E-02	7.884E-03	1.692E-01	5.427E-03	0.000E+00	0.000E+00	1.825E-01	1.746E-01	
8.200E-02	7.794E-03	1.690E-01	5.318E-03	0.000E+00	0.000E+00	1.821E-01	1.743E-01	
8.250E-02	7.705E-03	1.688E-01	5.212E-03	0.000E+00	0.000E+00	1.817E-01	1.740E-01	
8.300E-02	7.618E-03	1.686E-01	5.109E-03	0.000E+00	0.000E+00	1.814E-01	1.737E-01	
8.350E-02	7.532E-03	1.684E-01	5.009E-03	0.000E+00	0.000E+00	1.810E-01	1.735E-01	
8.400E-02	7.448E-03	1.683E-01	4.911E-03	0.000E+00	0.000E+00	1.806E-01	1.732E-01	
8.450E-02	7.365E-03	1.681E-01	4.816E-03	0.000E+00	0.000E+00	1.803E-01	1.729E-01	
8.500E-02	7.284E-03	1.679E-01	4.723E-03	0.000E+00	0.000E+00	1.799E-01	1.726E-01	
8.550E-02	7.203E-03	1.677E-01	4.632E-03	0.000E+00	0.000E+00	1.796E-01	1.724E-01	
8.600E-02	7.125E-03	1.675E-01	4.544E-03	0.000E+00	0.000E+00	1.792E-01	1.721E-01	
8.650E-02	7.047E-03	1.674E-01	4.458E-03	0.000E+00	0.000E+00	1.789E-01	1.718E-01	
8.700E-02	6.971E-03	1.672E-01	4.374E-03	0.000E+00	0.000E+00	1.785E-01	1.716E-01	
8.750E-02	6.895E-03	1.670E-01	4.292E-03	0.000E+00	0.000E+00	1.782E-01	1.713E-01	
8.800E-02	6.821E-03	1.668E-01	4.212E-03	0.000E+00	0.000E+00	1.779E-01	1.710E-01	
8.850E-02	6.749E-03	1.666E-01	4.134E-03	0.000E+00	0.000E+00	1.775E-01	1.708E-01	
8.900E-02	6.677E-03	1.665E-01	4.058E-03	0.000E+00	0.000E+00	1.772E-01	1.705E-01	
8.950E-02	6.607E-03	1.663E-01	3.983E-03	0.000E+00	0.000E+00	1.769E-01	1.703E-01	
9.000E-02	6.537E-03	1.661E-01	3.911E-03	0.000E+00	0.000E+00	1.766E-01	1.700E-01	
9.050E-02	6.469E-03	1.659E-01	3.840E-03	0.000E+00	0.000E+00	1.762E-01	1.698E-01	
9.100E-02	6.402E-03	1.658E-01	3.771E-03	0.000E+00	0.000E+00	1.759E-01	1.695E-01	
9.150E-02	6.335E-03	1.656E-01	3.703E-03	0.000E+00	0.000E+00	1.756E-01	1.693E-01	
9.200E-02	6.270E-03	1.654E-01	3.637E-03	0.000E+00	0.000E+00	1.753E-01	1.690E-01	
9.250E-02	6.206E-03	1.652E-01	3.573E-03	0.000E+00	0.000E+00	1.750E-01	1.688E-01	
9.300E-02	6.143E-03	1.650E-01	3.510E-03	0.000E+00	0.000E+00	1.747E-01	1.686E-01	
9.350E-02	6.080E-03	1.649E-01	3.448E-03	0.000E+00	0.000E+00	1.744E-01	1.683E-01	
9.400E-02	6.019E-03	1.647E-01	3.388E-03	0.000E+00	0.000E+00	1.741E-01	1.681E-01	
9.450E-02	5.959E-03	1.645E-01	3.329E-03	0.000E+00	0.000E+00	1.738E-01	1.678E-01	
9.500E-02	5.899E-03	1.643E-01	3.272E-03	0.000E+00	0.000E+00	1.735E-01	1.676E-01	
9.550E-02	5.840E-03	1.642E-01	3.216E-03	0.000E+00	0.000E+00	1.732E-01	1.674E-01	
9.600E-02	5.783E-03	1.640E-01	3.161E-03	0.000E+00	0.000E+00	1.729E-01	1.672E-01	
9.650E-02	5.726E-03	1.638E-01	3.107E-03	0.000E+00	0.000E+00	1.727E-01	1.669E-01	
9.700E-02	5.669E-03	1.636E-01	3.054E-03	0.000E+00	0.000E+00	1.724E-01	1.667E-01	
9.750E-02	5.614E-03	1.635E-01	3.003E-03	0.000E+00	0.000E+00	1.721E-01	1.665E-01	
9.800E-02	5.560E-03	1.633E-01	2.953E-03	0.000E+00	0.000E+00	1.718E-01	1.663E-01	
9.850E-02	5.506E-03	1.631E-01	2.904E-03	0.000E+00	0.000E+00	1.715E-01	1.660E-01	
9.900E-02	5.453E-03	1.630E-01	2.856E-03	0.000E+00	0.000E+00	1.713E-01	1.658E-01	
9.950E-02	5.401E-03	1.628E-01	2.809E-03	0.000E+00	0.000E+00	1.710E-01	1.656E-01	
1.000E-01	5.349E-03	1.626E-01	2.763E-03	0.000E+00	0.000E+00	1.707E-01	1.654E-01	
1.005E-01	5.299E-03	1.624E-01	2.718E-03	0.000E+00	0.000E+00	1.705E-01	1.652E-01	
1.010E-01	5.249E-03	1.623E-01	2.673E-03	0.000E+00	0.000E+00	1.702E-01	1.649E-01	
1.015E-01	5.199E-03	1.621E-01	2.630E-03	0.000E+00	0.000E+00	1.699E-01	1.647E-01	
1.020E-01	5.151E-03	1.619E-01	2.588E-03	0.000E+00	0.000E+00	1.697E-01	1.645E-01	
1.025E-01	5.103E-03	1.618E-01	2.547E-03	0.000E+00	0.000E+00	1.694E-01	1.643E-01	
1.030E-01	5.055E-03	1.616E-01	2.506E-03	0.000E+00	0.000E+00	1.692E-01	1.641E-01	
1.035E-01	5.009E-03	1.614E-01	2.467E-03	0.000E+00	0.000E+00	1.689E-01	1.639E-01	
1.040E-01	4.963E-03	1.613E-01	2.428E-03	0.000E+00	0.000E+00	1.686E-01	1.637E-01	
1.045E-01	4.917E-03	1.611E-01	2.390E-03	0.000E+00	0.000E+00	1.684E-01	1.635E-01	
1.050E-01	4.872E-03	1.609E-01	2.352E-03	0.000E+00	0.000E+00	1.681E-01	1.633E-01	
1.055E-01	4.828E-03	1.608E-01	2.316E-03	0.000E+00	0.000E+00	1.679E-01	1.631E-01	
1.060E-01	4.785E-03	1.606E-01	2.280E-03	0.000E+00	0.000E+00	1.677E-01	1.629E-01	
1.065E-01	4.742E-03	1.604E-01	2.245E-03	0.000E+00	0.000E+00	1.674E-01	1.627E-01	
1.070E-01	4.699E-03	1.603E-01	2.211E-03	0.000E+00	0.000E+00	1.672E-01	1.625E-01	
1.075E-01	4.657E-03	1.601E-01	2.177E-03	0.000E+00	0.000E+00	1.669E-01	1.623E-01	
1.080E-01	4.616E-03	1.599E-01	2.144E-03	0.000E+00	0.000E+00	1.667E-01	1.621E-01	
1.085E-01	4.575E-03	1.598E-01	2.112E-03	0.000E+00	0.000E+00	1.664E-01	1.619E-01	
1.090E-01	4.535E-03	1.596E-01	2.080E-03	0.000E+00	0.000E+00	1.662E-01	1.617E-01	
1.095E-01	4.495E-03	1.594E-01	2.049E-03	0.000E+00	0.000E+00	1.660E-01	1.615E-01	
1.100E-01	4.456E-03	1.593E-01	2.018E-03	0.000E+00	0.000E+00	1.657E-01	1.613E-01	
1.105E-01	4.417E-03	1.591E-01	1.988E-03	0.000E+00	0.000E+00	1.655E-01	1.611E-01	
1.110E-01	4.379E-03	1.589E-01	1.959E-03	0.000E+00	0.000E+00	1.653E-01	1.609E-01	
1.115E-01	4.342E-03	1.588E-01	1.930E-03	0.000E+00	0.000E+00	1.650E-01	1.607E-01	
1.120E-01	4.304E-03	1.586E-01	1.902E-03	0.000E+00	0.000E+00	1.648E-01	1.605E-01	
1.125E-01	4.268E-03	1.585E-01	1.874E-03	0.000E+00	0.000E+00	1.646E-01	1.603E-01	
1.130E-01	4.231E-03	1.583E-01	1.847E-03	0.000E+00	0.000E+00	1.644E-01	1.601E-01	
1.135E-01	4.196E-03	1.581E-01	1.821E-03	0.000E+00	0.000E+00	1.641E-01	1.599E-01	
1.140E-01	4.160E-03	1.580E-01	1.795E-03	0.000E+00	0.000E+00	1.639E-01	1.598E-01	
1.145E-01	4.125E-03	1.578E-01	1.769E-03	0.000E+00	0.000E+00	1.637E-01	1.596E-01	
1.150E-01	4.091E-03	1.576E-01	1.744E-03	0.000E+00	0.000E+00	1.635E-01	1.594E-01	
1.155E-01	4.057E-03	1.575E-01	1.719E-03	0.000E+00	0.000E+00	1.633E-01	1.592E-01	
1.160E-01	4.023E-03	1.573E-01	1.695E-03	0.000E+00	0.000E+00	1.630E-01	1.590E-01	
1.165E-01	3.990E-03	1.572E-01	1.671E-03	0.000E+00	0.000E+00	1.628E-01	1.588E-01	
1.170E-01	3.957E-03	1.570E-01	1.648E-03	0.000E+00	0.000E+00	1.626E-01	1.587E-01	
1.175E-01	3.924E-03	1.569E-01	1.625E-03	0.000E+00	0.000E+00	1.624E-01	1.585E-01	
1.180E-01	3.892E-03	1.567E-01	1.602E-03	0.000E+00	0.000E+00	1.622E-01	1.583E-01	
1.185E-01	3.861E-03	1.565E-01	1.580E-03	0.000E+00	0.000E+00	1.620E-01	1.581E-01	
1.190E-01	3.830E-03	1.564E-01	1.558E-03	0.000E+00	0.000E+00	1.618E-01	1.579E-01	
1.195E-01	3.799E-03	1.562E-01	1.537E-03	0.000E+00	0.000E+00	1.616E-01	1.578E-01	
1.200E-01	3.768E-03	1.561E-01	1.516E-03	0.000E+00	0.000E+00	1.614E-01	1.576E-01	
1.205E-01	3.738E-03	1.559E-01	1.496E-03	0.000E+00	0.000E+00	1.611E-01	1.574E-01	
1.210E-01	3.708E-03	1.558E-01	1.475E-03	0.000E+00	0.000E+00	1.609E-01	1.572E-01	
1.215E-01	3.679E-03	1.556E-01	1.456E-03	0.000E+00	0.000E+00	1.607E-01	1.571E-01	
1.220E-01	3.650E-03	1.554E-01	1.436E-03	0.000E+00	0.000E+00	1.605E-01	1.569E-01	
1.225E-01	3.621E-03	1.553E-01	1.417E-03	0.000E+00	0.000E+00	1.603E-01	1.567E-01	
1.230E-01	3.592E-03	1.551E-01	1.398E-03	0.000E+00	0.000E+00	1.601E-01	1.565E-01	
1.235E-01	3.564E-03	1.550E-01	1.380E-03	0.000E+00	0.000E+00	1.599E-01	1.564E-01	
1.240E-01	3.537E-03	1.548E-01	1.362E-03	0.000E+00	0.000E+00	1.597E-01	1.562E-01	
1.245E-01	3.509E-03	1.547E-01	1.344E-03	0.000E+00	0.000E+00	1.595E-01	1.560E-01	
1.250E-01	3.482E-03	1.545E-01	1.326E-03	0.000E+00	0.000E+00	1.593E-01	1.559E-01	
1.255E-01	3.455E-03	1.544E-01	1.309E-03	0.000E+00	0.000E+00	1.591E-01	1.557E-01	
1.260E-01	3.429E-03	1.542E-01	1.292E-03	0.000E+00	0.000E+00	1.589E-01	1.555E-01	
1.265E-01	3.402E-03	1.541E-01	1.275E-03	0.000E+00	0.000E+00	1.587E-01	1.553E-01	
1.270E-01	3.376E-03	1.539E-01	1.259E-03	0.000E+00	0.000E+00	1.586E-01	1.552E-01	
1.275E-01	3.351E-03	1.538E-01	1.243E-03	0.000E+00	0.000E+00	1.584E-01	1.550E-01	
1.280E-01	3.325E-03	1.536E-01	1.227E-03	0.000E+00	0.000E+00	1.582E-01	1.548E-01	
1.285E-01	3.300E-03	1.535E-01	1.211E-03	0.000E+00	0.000E+00	1.580E-01	1.547E-01	
1.290E-01	3.276E-03	1.533E-01	1.196E-03	0.000E+00	0.000E+00	1.578E-01	1.545E-01	
1.295E-01	3.251E-03	1.532E-01	1.181E-03	0.000E+00	0.000E+00	1.576E-01	1.543E-01	
1.300E-01	3.227E-03	1.530E-01	1.166E-03	0.000E+00	0.000E+00	1.574E-01	1.542E-01	
1.305E-01	3.203E-03	1.529E-01	1.152E-03	0.000E+00	0.000E+00	1.572E-01	1.540E-01	
1.310E-01	3.179E-03	1.527E-01	1.137E-03	0.000E+00	0.000E+00	1.570E-01	1.539E-01	
1.315E-01	3.156E-03	1.526E-01	1.123E-03	0.000E+00	0.000E+00	1.569E-01	1.537E-01	
1.320E-01	3.133E-03	1.524E-01	1.109E-03	0.000E+00	0.000E+00	1.567E-01	1.535E-01	
1.325E-01	3.110E-03	1.523E-01	1.096E-03	0.000E+00	0.000E+00	1.565E-01	1.534E-01	
1.330E-01	3.087E-03	1.521E-01	1.082E-03	0.000E+00	0.000E+00	1.563E-01	1.532E-01	
1.335E-01	3.065E-03	1.520E-01	1.069E-03	0.000E+00	0.000E+00	1.561E-01	1.531E-01	
1.340E-01	3.042E-03	1.518E-01	1.056E-03	0.000E+00	0.000E+00	1.559E-01	1.529E-01	
1.345E-01	3.021E-03	1.517E-01	1.043E-03	0.000E+00	0.000E+00	1.558E-01	1.527E-01	
1.350E-01	2.999E-03	1.516E-01	1.031E-03	0.000E+00	0.000E+00	1.556E-01	1.526E-01	
1.355E-01	2.977E-03	1.514E-01	1.018E-03	0.000E+00	0.000E+00	1.554E-01	1.524E-01	
1.360E-01	2.956E-03	1.513E-01	1.006E-03	0.000E+00	0.000E+00	1.552E-01	1.523E-01	
1.365E-01	2.935E-03	1.511E-01	9.941E-04	0.000E+00	0.000E+00	1.550E-01	1.521E-01	
1.370E-01	2.914E-03	1.510E-01	9.823E-04	0.000E+00	0.000E+00	1.549E-01	1.520E-01	
1.375E-01	2.894E-03	1.508E-01	9.707E-04	0.000E+00	0.000E+00	1.547E-01	1.518E-01	
1.380E-01	2.873E-03	1.507E-01	9.592E-04	0.000E+00	0.000E+00	1.545E-01	1.516E-01	
1.385E-01	2.853E-03	1.505E-01	9.479E-04	0.000E+00	0.000E+00	1.543E-01	1.515E-01	
1.390E-01	2.833E-03	1.504E-01	9.369E-04	0.000E+00	0.000E+00	1.542E-01	1.513E-01	
1.395E-01	2.813E-03	1.503E-01	9.259E-04	0.000E+00	0.000E+00	1.540E-01	1.512E-01	
1.400E-01	2.794E-03	1.501E-01	9.152E-04	0.000E+00	0.000E+00	1.538E-01	1.510E-01	
1.405E-01	2.775E-03	1.500E-01	9.046E-04	0.000E+00	0.000E+00	1.537E-01	1.509E-01	
1.410E-01	2.755E-03	1.498E-01	8.941E-04	0.000E+00	0.000E+00	1.535E-01	1.507E-01	
1.415E-01	2.736E-03	1.497E-01	8.839E-04	0.000E+00	0.000E+00	1.533E-01	1.506E-01	
1.420E-01	2.718E-03	1.496E-01	8.737E-04	0.000E+00	0.000E+00	1.531E-01	1.504E-01	
1.425E-01	2.699E-03	1.494E-01	8.638E-04	0.000E+00	0.000E+00	1.530E-01	1.503E-01	
1.430E-01	2.681E-03	1.493E-01	8.540E-04	0.000E+00	0.000E+00	1.528E-01	1.501E-01	
1.435E-01	2.663E-03	1.491E-01	8.443E-04	0.000E+00	0.000E+00	1.526E-01	1.500E-01	
1.440E-01	2.645E-03	1.490E-01	8.348E-04	0.000E+00	0.000E+00	1.525E-01	1.498E-01	
1.445E-01	2.627E-03	1.489E-01	8.254E-04	0.000E+00	0.000E+00	1.523E-01	1.497E-01	
1.450E-01	2.609E-03	1.487E-01	8.161E-04	0.000E+00	0.000E+00	1.521E-01	1.495E-01	
1.455E-01	2.592E-03	1.486E-01	8.070E-04	0.000E+00	0.000E+00	1.520E-01	1.494E-01	
1.460E-01	2.574E-03	1.484E-01	7.980E-04	0.000E+00	0.000E+00	1.518E-01	1.492E-01	
1.465E-01	2.557E-03	1.483E-01	7.892E-04	0.000E+00	0.000E+00	1.516E-01	1.491E-01	
1.470E-01	2.540E-03	1.482E-01	7.805E-04	0.000E+00	0.000E+00	1.515E-01	1.489E-01	
1.475E-01	2.523E-03	1.480E-01	7.719E-04	0.000E+00	0.000E+00	1.513E-01	1.488E-01	
1.480E-01	2.507E-03	1.479E-01	7.634E-04	0.000E+00	0.000E+00	1.512E-01	1.487E-01	
1.485E-01	2.490E-03	1.478E-01	7.551E-04	0.000E+00	0.000E+00	1.510E-01	1.485E-01	
1.490E-01	2.474E-03	1.476E-01	7.469E-04	0.000E+00	0.000E+00	1.508E-01	1.484E-01	
1.495E-01	2.458E-03	1.475E-01	7.388E-04	0.000E+00	0.000E+00	1.507E-01	1.482E-01	
1.500E-01	2.442E-03	1.474E-01	7.308E-04	0.000E+00	0.000E+00	1.505E-01	1.481E-01	
1.505E-01	2.426E-03	1.472E-01	7.229E-04	0.000E+00	0.000E+00	1.504E-01	1.479E-01	
1.510E-01	2.410E-03	1.471E-01	7.151E-04	0.000E+00	0.000E+00	1.502E-01	1.478E-01	
1.515E-01	2.395E-03	1.469E-01	7.075E-04	0.000E+00	0.000E+00	1.500E-01	1.477E-01	
1.520E-01	2.380E-03	1.468E-01	6.999E-04	0.000E+00	0.000E+00	1.499E-01	1.475E-01	
1.525E-01	2.364E-03	1.467E-01	6.925E-04	0.000E+00	0.000E+00	1.497E-01	1.474E-01	
1.530E-01	2.349E-03	1.465E-01	6.851E-04	0.000E+00	0.000E+00	1.496E-01	1.472E-01	
1.535E-01	2.334E-03	1.464E-01	6.779E-04	0.000E+00	0.000E+00	1.494E-01	1.471E-01	
1.540E-01	2.319E-03	1.463E-01	6.708E-04	0.000E+00	0.000E+00	1.493E-01	1.470E-01	
1.545E-01	2.305E-03	1.461E-01	6.637E-04	0.000E+00	0.000E+00	1.491E-01	1.468E-01	
1.550E-01	2.290E-03	1.460E-01	6.568E-04	0.000E+00	0.000E+00	1.490E-01	1.467E-01	
1.555E-01	2.276E-03	1.459E-01	6.500E-04	0.000E+00	0.000E+00	1.488E-01	1.465E-01	
1.560E-01	2.262E-03	1.458E-01	6.432E-04	0.000E+00	0.000E+00	1.487E-01	1.464E-01	
1.565E-01	2.247E-03	1.456E-01	6.366E-04	0.000E+00	0.000E+00	1.485E-01	1.463E-01	
1.570E-01	2.234E-03	1.455E-01	6.300E-04	0.000E+00	0.000E+00	1.484E-01	1.461E-01	
1.575E-01	2.220E-03	1.454E-01	6.235E-04	0.000E+00	0.000E+00	1.482E-01	1.460E-01	
1.580E-01	2.206E-03	1.452E-01	6.171E-04	0.000E+00	0.000E+00	1.481E-01	1.458E-01	
1.585E-01	2.192E-03	1.451E-01	6.108E-04	0.000E+00	0.000E+00	1.479E-01	1.457E-01	
1.590E-01	2.179E-03	1.450E-01	6.046E-04	0.000E+00	0.000E+00	1.478E-01	1.456E-01	
1.595E-01	2.165E-03	1.448E-01	5.985E-04	0.000E+00	0.000E+00	1.476E-01	1.454E-01	
1.600E-01	2.152E-03	1.447E-01	5.924E-04	0.000E+00	0.000E+00	1.475E-01	1.453E-01	
1.605E-01	2.139E-03	1.446E-01	5.865E-04	0.000E+00	0.000E+00	1.473E-01	1.452E-01	
1.610E-01	2.126E-03	1.445E-01	5.806E-04	0.000E+00	0.000E+00	1.472E-01	1.450E-01	
1.615E-01	2.113E-03	1.443E-01	5.748E-04	0.000E+00	0.000E+00	1.470E-01	1.449E-01	
1.620E-01	2.100E-03	1.442E-01	5.690E-04	0.000E+00	0.000E+00	1.469E-01	1.448E-01	
1.625E-01	2.088E-03	1.441E-01	5.634E-04	0.000E+00	0.000E+00	1.467E-01	1.446E-01	
1.630E-01	2.075E-03	1.439E-01	5.578E-04	0.000E+00	0.000E+00	1.466E-01	1.445E-01	
1.635E-01	2.063E-03	1.438E-01	5.523E-04	0.000E+00	0.000E+00	1.464E-01	1.444E-01	
1.640E-01	2.051E-03	1.437E-01	5.468E-04	0.000E+00	0.000E+00	1.463E-01	1.442E-01	
1.645E-01	2.038E-03	1.436E-01	5.415E-04	0.000E+00	0.000E+00	1.461E-01	1.441E-01	
1.650E-01	2.026E-03	1.434E-01	5.362E-04	0.000E+00	0.000E+00	1.460E-01	1.440E-01	
1.655E-01	2.014E-03	1.433E-01	5.309E-04	0.000E+00	0.000E+00	1.459E-01	1.438E-01	
1.660E-01	2.002E-03	1.432E-01	5.258E-04	0.000E+00	0.000E+00	1.457E-01	1.437E-01	
1.665E-01	1.991E-03	1.431E-01	5.207E-04	0.000E+00	0.000E+00	1.456E-01	1.436E-01	
1.670E-01	1.979E-03	1.429E-01	5.156E-04	0.000E+00	0.000E+00	1.454E-01	1.435E-01	
1.675E-01	1.967E-03	1.428E-01	5.107E-04	0.000E+00	0.000E+00	1.453E-01	1.433E-01	
1.680E-01	1.956E-03	1.427E-01	5.058E-04	0.000E+00	0.000E+00	1.452E-01	1.432E-01	
1.685E-01	1.944E-03	1.426E-01	5.009E-04	0.000E+00	0.000E+00	1.450E-01	1.431E-01	
1.690E-01	1.933E-03	1.424E-01	4.962E-04	0.000E+00	0.000E+00	1.449E-01	1.429E-01	
1.695E-01	1.922E-03	1.423E-01	4.914E-04	0.000E+00	0.000E+00	1.447E-01	1.428E-01	
1.700E-01	1.911E-03	1.422E-01	4.868E-04	0.000E+00	0.000E+00	1.446E-01	1.427E-01	
1.705E-01	1.900E-03	1.421E-01	4.822E-04	0.000E+00	0.000E+00	1.445E-01	1.426E-01	
1.710E-01	1.889E-03	1.420E-01	4.776E-04	0.000E+00	0.000E+00	1.443E-01	1.424E-01	
1.715E-01	1.878E-03	1.418E-01	4.731E-04	0.000E+00	0.000E+00	1.442E-01	1.423E-01	
1.720E-01	1.867E-03	1.417E-01	4.687E-04	0.000E+00	0.000E+00	1.441E-01	1.422E-01	
1.725E-01	1.857E-03	1.416E-01	4.643E-04	0.000E+00	0.000E+00	1.439E-01	1.421E-01	
1.730E-01	1.846E-03	1.415E-01	4.600E-04	0.000E+00	0.000E+00	1.438E-01	1.419E-01	
1.735E-01	1.836E-03	1.414E-01	4.558E-04	0.000E+00	0.000E+00	1.436E-01	1.418E-01	
1.740E-01	1.826E-03	1.412E-01	4.515E-04	0.000E+00	0.000E+00	1.435E-01	1.417E-01	
1.745E-01	1.815E-03	1.411E-01	4.474E-04	0.000E+00	0.000E+00	1.434E-01	1.416E-01	
1.750E-01	1.805E-03	1.410E-01	4.433E-04	0.000E+00	0.000E+00	1.432E-01	1.414E-01	
1.755E-01	1.795E-03	1.409E-01	4.392E-04	0.000E+00	0.000E+00	1.431E-01	1.413E-01	
1.760E-01	1.785E-03	1.408E-01	4.352E-04	0.000E+00	0.000E+00	1.430E-01	1.412E-01	
1.765E-01	1.775E-03	1.406E-01	4.312E-04	0.000E+00	0.000E+00	1.428E-01	1.411E-01	
1.770E-01	1.765E-03	1.405E-01	4.273E-04	0.000E+00	0.000E+00	1.427E-01	1.409E-01	
1.775E-01	1.755E-03	1.404E-01	4.234E-04	0.000E+00	0.000E+00	1.426E-01	1.408E-01	
1.780E-01	1.746E-03	1.403E-01	4.196E-04	0.000E+00	0.000E+00	1.424E-01	1.407E-01	
1.785E-01	1.736E-03	1.402E-01	4.158E-04	0.000E+00	0.000E+00	1.423E-01	1.406E-01	
1.790E-01	1.727E-03	1.400E-01	4.121E-04	0.000E+00	0.000E+00	1.422E-01	1.405E-01	
1.795E-01	1.717E-03	1.399E-01	4.084E-04	0.000E+00	0.000E+00	1.421E-01	1.403E-01	
1.800E-01	1.708E-03	1.398E-01	4.048E-04	0.000E+00	0.000E+00	1.419E-01	1.402E-01	
1.805E-01	1.699E-03	1.397E-01	4.012E-04	0.000E+00	0.000E+00	1.418E-01	1.401E-01	
1.810E-01	1.689E-03	1.396E-01	3.976E-04	0.000E+00	0.000E+00	1.417E-01	1.400E-01	
1.815E-01	1.680E-03	1.395E-01	3.941E-04	0.000E+00	0.000E+00	1.415E-01	1.399E-01	
1.820E-01	1.671E-03	1.393E-01	3.906E-04	0.000E+00	0.000E+00	1.414E-01	1.397E-01	
1.825E-01	1.662E-03	1.392E-01	3.872E-04	0.000E+00	0.000E+00	1.413E-01	1.396E-01	
1.830E-01	1.653E-03	1.391E-01	3.838E-04	0.000E+00	0.000E+00	1.411E-01	1.395E-01	
1.835E-01	1.644E-03	1.390E-01	3.805E-04	0.000E+00	0.000E+00	1.410E-01	1.394E-01	
1.840E-01	1.635E-03	1.389E-01	3.771E-04	0.000E+00	0.000E+00	1.409E-01	1.393E-01	
1.845E-01	1.627E-03	1.388E-01	3.739E-04	0.000E+00	0.000E+00	1.408E-01	1.391E-01	
1.850E-01	1.618E-03	1.387E-01	3.706E-04	0.000E+00	0.000E+00	1.406E-01	1.390E-01	
1.855E-01	1.610E-03	1.385E-01	3.674E-04	0.000E+00	0.000E+00	1.405E-01	1.389E-01	
1.860E-01	1.601E-03	1.384E-01	3.643E-04	0.000E+00	0.000E+00	1.404E-01	1.388E-01	
1.865E-01	1.593E-03	1.383E-01	3.611E-04	0.000E+00	0.000E+00	1.403E-01	1.387E-01	
1.870E-01	1.584E-03	1.382E-01	3.580E-04	0.000E+00	0.000E+00	1.401E-01	1.386E-01	
1.875E-01	1.576E-03	1.381E-01	3.550E-04	0.000E+00	0.000E+00	1.400E-01	1.384E-01	
1.880E-01	1.568E-03	1.380E-01	3.520E-04	0.000E+00	0.000E+00	1.399E-01	1.383E-01	
1.885E-01	1.559E-03	1.379E-01	3.490E-04	0.000E+00	0.000E+00	1.398E-01	1.382E-01	
1.890E-01	1.551E-03	1.377E-01	3.460E-04	0.000E+00	0.000E+00	1.396E-01	1.381E-01	
1.895E-01	1.543E-03	1.376E-01	3.431E-04	0.000E+00	0.000E+00	1.395E-01	1.380E-01	
1.900E-01	1.535E-03	1.375E-01	3.402E-04	0.000E+00	0.000E+00	1.394E-01	1.379E-01	
1.905E-01	1.527E-03	1.374E-01	3.374E-04	0.000E+00	0.000E+00	1.393E-01	1.377E-01	
1.910E-01	1.520E-03	1.373E-01	3.345E-04	0.000E+00	0.000E+00	1.392E-01	1.376E-01	
1.915E-01	1.512E-03	1.372E-01	3.317E-04	0.000E+00	0.000E+00	1.390E-01	1.375E-01	
1.920E-01	1.504E-03	1.371E-01	3.290E-04	0.000E+00	0.000E+00	1.389E-01	1.374E-01	
1.925E-01	1.496E-03	1.370E-01	3.263E-04	0.000E+00	0.000E+00	1.388E-01	1.373E-01	
1.930E-01	1.489E-03	1.369E-01	3.236E-04	0.000E+00	0.000E+00	1.387E-01	1.372E-01	
1.935E-01	1.481E-03	1.367E-01	3.209E-04	0.000E+00	0.000E+00	1.386E-01	1.371E-01	
1.940E-01	1.474E-03	1.366E-01	3.182E-04	0.000E+00	0.000E+00	1.384E-01	1.370E-01	
1.945E-01	1.466E-03	1.365E-01	3.156E-04	0.000E+00	0.000E+00	1.383E-01	1.368E-01	
1.950E-01	1.459E-03	1.364E-01	3.131E-04	0.000E+00	0.000E+00	1.382E-01	1.367E-01	
1.955E-01	1.451E-03	1.363E-01	3.105E-04	0.000E+00	0.000E+00	1.381E-01	1.366E-01	
1.960E-01	1.444E-03	1.362E-01	3.080E-04	0.000E+00	0.000E+00	1.380E-01	1.365E-01	
1.965E-01	1.437E-03	1.361E-01	3.055E-04	0.000E+00	0.000E+00	1.378E-01	1.364E-01	
1.970E-01	1.430E-03	1.360E-01	3.030E-04	0.000E+00	0.000E+00	1.377E-01	1.363E-01	
1.975E-01	1.422E-03	1.359E-01	3.006E-04	0.000E+00	0.000E+00	1.376E-01	1.362E-01	
1.980E-01	1.415E-03	1.358E-01	2.981E-04	0.000E+00	0.000E+00	1.375E-01	1.361E-01	
1.985E-01	1.408E-03	1.357E-01	2.958E-04	0.000E+00	0.000E+00	1.374E-01	1.360E-01	
1.990E-01	1.401E-03	1.356E-01	2.934E-04	0.000E+00	0.000E+00	1.373E-01	1.358E-01	
1.995E-01	1.395E-03	1.354E-01	2.910E-04	0.000E+00	0.000E+00	1.371E-01	1.357E-01	
2.000E-01	1.388E-03	1.353E-01	2.887E-04	0.000E+00	0.000E+00	1.370E-01	1.356E-01	
