0 858
8 0
16 0
24 0
32 0
40 0
48 0
56 0
64 0
72 0
80 0
88 0
96 0
104 0
112 0
120 0
128 0
136 0
144 0
152 0
160 0
168 0
176 0
184 0
192 0
200 0
208 0
216 0
224 0
232 0
240 0
248 0
256 0
264 0
272 0
280 0
288 0
296 0
304 0
312 0
320 0
328 0
336 0
344 0
352 0
360 0
368 0
376 0
384 0
392 0
400 0
408 0
416 0
424 0
432 0
440 0
448 0
456 0
464 0
472 0
480 0
488 0
496 0
504 0
512 0
520 0
528 0
536 0
544 0
552 0
560 0
568 0
576 0
584 0
592 0
600 0
608 0
616 0
624 0
632 0
640 0
648 0
656 0
664 0
672 0
680 0
688 0
696 0
704 0
712 0
720 0
728 0
736 0
744 0
752 0
760 0
768 0
776 0
784 0
792 0
800 0
808 0
816 0
824 0
832 0
840 0
848 0
856 0
864 0
872 0
880 0
888 0
896 0
904 0
912 0
920 0
928 0
936 0
944 0
952 0
960 1
968 0
976 0
984 0
992 0
1000 0
1008 0
1016 0
1024 0
1032 0
1040 0
1048 0
1056 0
1064 0
1072 0
1080 0
1088 0
1096 0
1104 0
1112 0
1120 0
1128 0
1136 0
1144 0
1152 0
1160 0
1168 0
1176 0
1184 0
1192 0
1200 0
1208 0
1216 0
1224 0
1232 0
1240 0
1248 0
1256 0
1264 0
1272 0
1280 0
1288 0
1296 0
1304 0
1312 0
1320 0
1328 0
1336 0
1344 0
1352 0
1360 0
1368 0
1376 0
1384 0
1392 0
1400 0
1408 0
1416 0
1424 0
1432 0
1440 0
1448 0
1456 0
1464 0
1472 0
1480 0
1488 0
1496 0
1504 0
1512 0
1520 0
1528 0
1536 0
1544 0
1552 0
1560 0
1568 0
1576 0
1584 0
1592 0
1600 0
1608 0
1616 0
1624 0
1632 0
1640 0
1648 0
1656 0
1664 0
1672 0
1680 0
1688 0
1696 0
1704 0
1712 0
1720 0
1728 0
1736 0
1744 0
1752 0
1760 0
1768 2
1776 0
1784 0
1792 1
1800 0
1808 0
1816 0
1824 0
1832 0
1840 0
1848 0
1856 0
1864 0
1872 0
1880 0
1888 0
1896 0
1904 0
1912 0
1920 0
1928 0
1936 0
1944 0
1952 0
1960 0
1968 0
1976 0
1984 0
1992 0
2000 0
2008 0
2016 0
2024 0
2032 0
2040 0
2048 0
2056 0
2064 0
2072 0
2080 0
2088 0
2096 0
2104 0
2112 0
2120 0
2128 0
2136 0
2144 0
2152 0
2160 0
2168 0
2176 2
2184 0
2192 0
2200 0
2208 0
2216 1
2224 0
2232 1
2240 0
2248 0
2256 0
2264 0
2272 0
2280 0
2288 0
2296 0
2304 0
2312 0
2320 0
2328 0
2336 0
2344 0
2352 0
2360 0
2368 0
2376 1
2384 0
2392 0
2400 0
2408 0
2416 0
2424 0
2432 0
2440 0
2448 0
2456 1
2464 3
2472 0
2480 0
2488 0
2496 0
2504 0
2512 0
2520 0
2528 0
2536 0
2544 0
2552 0
2560 0
2568 0
2576 0
2584 0
2592 0
2600 0
2608 0
2616 0
2624 0
2632 0
2640 0
2648 0
2656 0
2664 0
2672 0
2680 1
2688 0
2696 0
2704 0
2712 0
2720 0
2728 0
2736 0
2744 0
2752 1
2760 0
2768 0
2776 0
2784 0
2792 0
2800 1
2808 0
2816 1
2824 0
2832 0
2840 0
2848 0
2856 1
2864 1
2872 1
2880 0
2888 0
2896 0
2904 0
2912 0
2920 0
2928 1
2936 0
2944 0
2952 1
2960 1
2968 0
2976 1
2984 2
2992 0
3000 1
3008 0
3016 0
3024 0
3032 1
3040 0
3048 0
3056 2
3064 0
3072 1
3080 0
3088 0
3096 0
3104 0
3112 2
3120 0
3128 0
3136 0
3144 0
3152 6
3160 1
3168 2
3176 1
3184 1
3192 2
3200 0
3208 0
3216 0
3224 1
3232 2
3240 2
3248 1
3256 2
3264 1
3272 2
3280 2
3288 2
3296 1
3304 3
3312 3
3320 3
3328 3
3336 3
3344 5
3352 2
3360 0
3368 2
3376 2
3384 5
3392 2
3400 10
3408 4
3416 2
3424 4
3432 4
3440 9
3448 6
3456 4
3464 9
3472 7
3480 16
3488 18
3496 18
3504 40
3512 88
3520 230
3528 1232
3536 6551
3544 27018
3552 58491
3560 54366
3568 20997
3576 4676
3584 1158
3592 302
3600 104
3608 61
3616 36
3624 29
3632 19
3640 16
3648 22
3656 17
3664 19
3672 16
3680 19
3688 10
3696 10
3704 15
3712 11
3720 9
3728 10
3736 5
3744 7
3752 7
3760 7
3768 16
3776 7
3784 5
3792 10
3800 9
3808 6
3816 7
3824 3
3832 4
3840 7
3848 7
3856 4
3864 4
3872 3
3880 9
3888 4
3896 4
3904 10
3912 4
3920 8
3928 6
3936 5
3944 5
3952 9
3960 3
3968 5
3976 3
3984 4
3992 3
4000 5
4008 5
4016 4
4024 9
4032 5
4040 8
4048 4
4056 7
4064 7
4072 6
4080 7
4088 11
4096 10
4104 8
4112 5
4120 8
4128 9
4136 8
4144 7
4152 8
4160 13
4168 7
4176 5
4184 7
4192 9
4200 6
4208 16
4216 5
4224 10
4232 12
4240 6
4248 10
4256 5
4264 11
4272 9
4280 10
4288 15
4296 12
4304 7
4312 15
4320 9
4328 9
4336 10
4344 9
4352 11
4360 8
4368 9
4376 9
4384 16
4392 14
4400 14
4408 13
4416 15
4424 19
4432 14
4440 13
4448 16
4456 18
4464 14
4472 14
4480 16
4488 15
4496 19
4504 16
4512 15
4520 14
4528 17
4536 16
4544 20
4552 18
4560 8
4568 19
4576 8
4584 15
4592 14
4600 14
4608 13
4616 20
4624 20
4632 18
4640 20
4648 17
4656 30
4664 24
4672 17
4680 22
4688 17
4696 23
4704 14
4712 20
4720 29
4728 21
4736 28
4744 19
4752 21
4760 24
4768 23
4776 17
4784 15
4792 20
4800 23
4808 23
4816 22
4824 20
4832 21
4840 18
4848 22
4856 23
4864 29
4872 15
4880 28
4888 37
4896 25
4904 28
4912 31
4920 21
4928 25
4936 27
4944 40
4952 24
4960 31
4968 33
4976 25
4984 25
4992 22
5000 22
5008 30
5016 26
5024 28
5032 24
5040 32
5048 28
5056 27
5064 29
5072 19
5080 19
5088 30
5096 24
5104 31
5112 35
5120 21
5128 26
5136 25
5144 22
5152 26
5160 37
5168 34
5176 20
5184 32
5192 27
5200 30
5208 30
5216 30
5224 21
5232 24
5240 29
5248 33
5256 41
5264 34
5272 32
5280 36
5288 30
5296 40
5304 27
5312 29
5320 38
5328 30
5336 27
5344 30
5352 35
5360 32
5368 38
5376 32
5384 24
5392 38
5400 21
5408 33
5416 36
5424 41
5432 34
5440 28
5448 46
5456 37
5464 39
5472 37
5480 34
5488 39
5496 34
5504 39
5512 37
5520 29
5528 53
5536 53
5544 43
5552 48
5560 35
5568 43
5576 40
5584 55
5592 52
5600 50
5608 53
5616 55
5624 62
5632 70
5640 64
5648 66
5656 64
5664 71
5672 67
5680 75
5688 83
5696 97
5704 92
5712 99
5720 95
5728 81
5736 104
5744 127
5752 116
5760 114
5768 109
5776 107
5784 127
5792 143
5800 161
5808 181
5816 169
5824 175
5832 195
5840 182
5848 187
5856 186
5864 189
5872 236
5880 204
5888 244
5896 264
5904 231
5912 215
5920 267
5928 273
5936 279
5944 231
5952 259
5960 258
5968 309
5976 286
5984 289
5992 311
6000 270
6008 292
6016 319
6024 291
6032 305
6040 275
6048 310
6056 316
6064 335
6072 315
6080 266
6088 339
6096 329
6104 310
6112 355
6120 324
6128 311
6136 355
6144 310
6152 343
6160 344
6168 377
6176 341
6184 341
6192 337
6200 332
6208 337
6216 351
6224 356
6232 333
6240 342
6248 345
6256 379
6264 341
6272 344
6280 327
6288 346
6296 340
6304 365
6312 319
6320 380
6328 345
6336 371
6344 355
6352 343
6360 356
6368 375
6376 399
6384 372
6392 335
6400 324
6408 354
6416 332
6424 362
6432 370
6440 362
6448 380
6456 351
6464 333
6472 366
6480 378
6488 350
6496 343
6504 353
6512 345
6520 339
6528 352
6536 376
6544 373
6552 327
6560 333
6568 329
6576 388
6584 345
6592 362
6600 347
6608 359
6616 348
6624 347
6632 349
6640 336
6648 308
6656 359
6664 345
6672 312
6680 351
6688 356
6696 330
6704 329
6712 306
6720 306
6728 270
6736 337
6744 289
6752 298
6760 303
6768 297
6776 320
6784 317
6792 278
6800 268
6808 299
6816 287
6824 272
6832 283
6840 271
6848 267
6856 265
6864 291
6872 265
6880 249
6888 260
6896 245
6904 258
6912 249
6920 253
6928 270
6936 239
6944 281
6952 251
6960 256
6968 258
6976 265
6984 237
6992 238
7000 251
7008 271
7016 236
7024 248
7032 234
7040 248
7048 236
7056 252
7064 223
7072 228
7080 233
7088 254
7096 198
7104 231
7112 262
7120 184
7128 204
7136 228
7144 241
7152 228
7160 218
7168 218
7176 235
7184 240
7192 211
7200 226
7208 202
7216 198
7224 243
7232 229
7240 222
7248 211
7256 211
7264 217
7272 195
7280 215
7288 202
7296 204
7304 222
7312 181
7320 217
7328 207
7336 215
7344 218
7352 196
7360 187
7368 202
7376 208
7384 217
7392 199
7400 164
7408 181
7416 210
7424 205
7432 201
7440 210
7448 210
7456 202
7464 161
7472 211
7480 190
7488 198
7496 202
7504 192
7512 234
7520 167
7528 199
7536 188
7544 178
7552 192
7560 198
7568 191
7576 189
7584 170
7592 172
7600 194
7608 195
7616 197
7624 181
7632 193
7640 187
7648 177
7656 175
7664 160
7672 175
7680 172
7688 204
7696 175
7704 190
7712 151
7720 148
7728 167
7736 195
7744 156
7752 184
7760 172
7768 151
7776 163
7784 142
7792 153
7800 144
7808 132
7816 169
7824 143
7832 153
7840 139
7848 149
7856 134
7864 123
7872 173
7880 133
7888 134
7896 143
7904 128
7912 125
7920 110
7928 128
7936 160
7944 135
7952 145
7960 136
7968 128
7976 151
7984 135
7992 131
8000 143
8008 166
8016 135
8024 144
8032 144
8040 116
8048 123
8056 135
8064 137
8072 145
8080 160
8088 144
8096 137
8104 142
8112 143
8120 146
8128 156
8136 145
8144 133
8152 161
8160 145
8168 145
8176 138
8184 135
8192 120
8200 134
8208 159
8216 126
8224 120
8232 124
8240 129
8248 127
8256 130
8264 137
8272 97
8280 112
8288 108
8296 90
8304 104
8312 82
8320 100
8328 95
8336 93
8344 76
8352 95
8360 78
8368 82
8376 74
8384 87
8392 64
8400 78
8408 69
8416 71
8424 61
8432 60
8440 74
8448 62
8456 66
8464 55
8472 65
8480 55
8488 54
8496 59
8504 62
8512 60
8520 64
8528 56
8536 58
8544 52
8552 58
8560 50
8568 61
8576 62
8584 61
8592 56
8600 52
8608 55
8616 59
8624 43
8632 46
8640 48
8648 46
8656 44
8664 41
8672 42
8680 48
8688 36
8696 48
8704 39
8712 48
8720 31
8728 40
8736 31
8744 34
8752 40
8760 39
8768 32
8776 26
8784 28
8792 30
8800 31
8808 23
8816 23
8824 22
8832 19
8840 14
8848 12
8856 8
8864 3
8872 8
8880 4
8888 12
8896 5
8904 5
8912 3
8920 2
8928 1
8936 2
8944 2
8952 0
8960 1
8968 2
8976 1
