0 567
2026 339
4052 36
6078 22
8104 12
10130 10
12156 11
14182 7
16208 7
18234 10
20260 11
22286 13
24312 8
26338 18
28364 7
30390 8
32416 9
34442 18
36468 12
38494 22
40520 26
42546 37
44572 30
46598 48
48624 42
50650 69
52676 78
54702 82
56728 105
58754 124
60780 118
62806 136
64832 176
66858 194
68884 232
70910 234
72936 282
74962 311
76988 323
79014 371
81040 426
83066 472
85092 524
87118 537
89144 653
91170 695
93196 709
95222 745
97248 835
99274 896
101300 1012
103326 1054
105352 1063
107378 1218
109404 1233
111430 1353
113456 1429
115482 1406
117508 1567
119534 1593
121560 1692
123586 1721
125612 1822
127638 1969
129664 1916
131690 2061
133716 2054
135742 2133
137768 2262
139794 2356
141820 2458
143846 2501
145872 2604
147898 2609
149924 2598
151950 2754
153976 2728
156002 2848
158028 2877
160054 2796
162080 2919
164106 2955
166132 2986
168158 3007
170184 3078
172210 3006
174236 3007
176262 3090
178288 3126
180314 3061
182340 3062
184366 3124
186392 3039
188418 3058
190444 3235
192470 3081
194496 2995
196522 3050
198548 3017
200574 3050
202600 3068
204626 2960
206652 2839
208678 2840
210704 2964
212730 2860
214756 2711
216782 2834
218808 2643
220834 2635
222860 2666
224886 2610
226912 2592
228938 2562
230964 2555
232990 2431
235016 2359
237042 2255
239068 2335
241094 2317
243120 2150
245146 2134
247172 2143
249198 1986
251224 2064
253250 1981
255276 1868
257302 1863
259328 1818
261354 1804
263380 1743
265406 1718
267432 1706
269458 1682
271484 1576
273510 1495
275536 1521
277562 1454
279588 1448
281614 1366
283640 1413
285666 1277
287692 1311
289718 1204
291744 1164
293770 1130
295796 1134
297822 1086
299848 994
301874 981
303900 965
305926 943
307952 872
309978 891
312004 847
314030 826
316056 746
318082 802
320108 779
322134 768
324160 688
326186 687
328212 666
330238 612
332264 594
334290 559
336316 599
338342 515
340368 524
342394 505
344420 488
346446 468
348472 447
350498 488
352524 382
354550 379
356576 360
358602 350
360628 359
362654 326
364680 334
366706 331
368732 339
370758 302
372784 266
374810 271
376836 292
378862 272
380888 269
382914 216
384940 227
386966 209
388992 209
391018 179
393044 197
395070 182
397096 166
399122 154
401148 160
403174 174
405200 150
407226 144
409252 137
411278 132
413304 131
415330 100
417356 126
419382 108
421408 99
423434 125
425460 95
427486 111
429512 93
431538 76
433564 100
435590 99
437616 84
439642 69
441668 77
443694 78
445720 71
447746 64
449772 70
451798 64
453824 71
455850 69
457876 51
459902 66
461928 49
463954 62
465980 63
468006 60
470032 51
472058 53
474084 49
476110 52
478136 52
480162 43
482188 42
484214 40
486240 34
488266 30
490292 44
492318 36
494344 49
496370 32
498396 25
500422 35
502448 42
504474 30
506500 26
508526 37
510552 43
512578 38
514604 26
516630 31
518656 42
520682 29
522708 35
524734 33
526760 32
528786 35
530812 36
532838 18
534864 14
536890 27
538916 31
540942 27
542968 22
544994 23
547020 30
549046 41
551072 34
553098 23
555124 28
557150 25
559176 28
561202 34
563228 23
565254 17
567280 25
569306 22
571332 27
573358 21
575384 21
577410 32
579436 19
581462 11
583488 32
585514 18
587540 35
589566 19
591592 24
593618 28
595644 36
597670 24
599696 22
601722 16
603748 19
605774 17
607800 21
609826 22
611852 17
613878 31
615904 21
617930 21
619956 24
621982 23
624008 18
626034 19
628060 26
630086 21
632112 27
634138 16
636164 24
638190 28
640216 19
642242 23
644268 14
646294 24
648320 16
650346 25
652372 18
654398 14
656424 16
658450 29
660476 22
662502 16
664528 15
666554 21
668580 19
670606 24
672632 15
674658 22
676684 16
678710 20
680736 15
682762 24
684788 16
686814 25
688840 26
690866 14
692892 15
694918 11
696944 13
698970 17
700996 19
703022 20
705048 23
707074 18
709100 18
711126 13
713152 13
715178 18
717204 25
719230 25
721256 16
723282 11
725308 6
727334 22
729360 15
731386 12
733412 13
735438 10
737464 19
739490 22
741516 11
743542 16
745568 11
747594 18
749620 20
751646 23
753672 12
755698 16
757724 13
759750 14
761776 17
763802 13
765828 18
767854 10
769880 7
771906 15
773932 13
775958 10
777984 11
780010 12
782036 17
784062 12
786088 6
788114 4
790140 15
792166 16
794192 14
796218 11
798244 12
800270 15
802296 14
804322 13
806348 11
808374 13
810400 9
812426 11
814452 14
816478 16
818504 7
820530 6
822556 9
824582 5
826608 5
828634 10
830660 6
832686 8
834712 5
836738 5
838764 7
840790 10
842816 11
844842 7
846868 10
848894 10
850920 7
852946 7
854972 7
856998 12
859024 11
861050 8
863076 9
865102 7
867128 7
869154 9
871180 3
873206 13
875232 9
877258 6
879284 4
881310 11
883336 5
885362 7
887388 3
889414 3
891440 7
893466 6
895492 8
897518 12
899544 5
901570 4
903596 6
905622 5
907648 5
909674 11
911700 3
913726 9
915752 3
917778 4
919804 4
921830 4
923856 2
925882 3
927908 8
929934 6
931960 3
933986 3
936012 4
938038 10
940064 8
942090 3
944116 2
946142 4
948168 4
950194 6
952220 2
954246 2
956272 7
958298 6
960324 4
962350 0
964376 4
966402 3
968428 2
970454 3
972480 1
974506 5
976532 6
978558 1
980584 5
982610 2
984636 5
986662 2
988688 2
990714 2
992740 2
994766 3
996792 1
998818 2
1000844 2
1002870 0
1004896 1
1006922 7
1008948 3
1010974 2
1013000 2
1015026 1
1017052 0
1019078 3
1021104 3
1023130 0
1025156 3
1027182 2
1029208 4
1031234 1
1033260 3
1035286 2
1037312 1
1039338 1
1041364 2
1043390 0
1045416 2
1047442 0
1049468 3
1051494 2
1053520 2
1055546 3
1057572 2
1059598 2
1061624 3
1063650 1
1065676 0
1067702 1
1069728 3
1071754 3
1073780 1
1075806 2
1077832 0
1079858 0
1081884 0
1083910 2
1085936 0
1087962 1
1089988 3
1092014 1
1094040 2
1096066 0
1098092 1
1100118 0
1102144 1
1104170 2
1106196 0
1108222 1
1110248 0
1112274 0
1114300 0
1116326 1
1118352 1
1120378 1
1122404 1
1124430 2
1126456 0
1128482 1
1130508 2
1132534 1
1134560 1
1136586 1
1138612 1
1140638 1
1142664 2
1144690 0
1146716 0
1148742 1
1150768 1
1152794 0
1154820 0
1156846 1
1158872 0
1160898 0
1162924 2
1164950 0
1166976 1
1169002 1
1171028 0
1173054 1
1175080 0
1177106 2
1179132 0
1181158 0
1183184 0
1185210 0
1187236 0
1189262 0
1191288 0
1193314 0
1195340 1
1197366 0
1199392 0
1201418 0
1203444 1
1205470 0
1207496 1
1209522 0
1211548 1
1213574 1
1215600 1
1217626 0
1219652 0
1221678 0
1223704 0
1225730 1
1227756 2
1229782 0
1231808 0
1233834 1
1235860 0
1237886 1
1239912 0
1241938 0
1243964 1
1245990 0
1248016 0
1250042 0
1252068 0
1254094 0
1256120 1
1258146 0
1260172 0
1262198 0
1264224 0
1266250 0
1268276 0
1270302 0
1272328 0
1274354 0
1276380 0
1278406 0
1280432 1
1282458 0
1284484 0
1286510 0
1288536 0
1290562 1
1292588 1
1294614 0
1296640 0
1298666 0
1300692 0
1302718 0
1304744 0
1306770 1
1308796 0
1310822 0
1312848 0
1314874 0
1316900 0
1318926 0
1320952 0
1322978 0
1325004 0
1327030 0
1329056 0
1331082 0
1333108 0
1335134 0
1337160 0
1339186 0
1341212 0
1343238 0
1345264 0
1347290 0
1349316 0
1351342 0
1353368 0
1355394 0
1357420 0
1359446 1
1361472 0
1363498 0
1365524 0
1367550 0
1369576 0
1371602 0
1373628 0
1375654 0
1377680 1
1379706 0
1381732 1
1383758 0
1385784 0
1387810 1
1389836 0
1391862 0
1393888 0
1395914 0
1397940 0
1399966 0
1401992 0
1404018 0
1406044 0
1408070 0
1410096 0
1412122 1
1414148 0
1416174 0
1418200 0
1420226 0
1422252 1
1424278 0
1426304 1
1428330 0
1430356 0
1432382 0
1434408 0
1436434 0
1438460 0
1440486 0
1442512 0
1444538 0
1446564 0
1448590 0
1450616 0
1452642 0
1454668 0
1456694 0
1458720 0
1460746 0
1462772 0
1464798 1
1466824 0
1468850 0
1470876 0
1472902 0
1474928 0
1476954 0
1478980 0
1481006 1
1483032 0
1485058 0
1487084 0
1489110 0
1491136 0
1493162 0
1495188 0
1497214 0
1499240 0
1501266 0
1503292 1
1505318 0
1507344 0
1509370 0
1511396 1
1513422 0
1515448 1
1517474 0
1519500 0
1521526 0
1523552 1
1525578 0
1527604 0
1529630 0
1531656 0
1533682 0
1535708 0
1537734 0
1539760 0
1541786 1
1543812 0
1545838 0
1547864 1
1549890 0
1551916 0
1553942 0
1555968 1
1557994 0
1560020 0
1562046 0
1564072 0
1566098 0
1568124 0
1570150 0
1572176 0
1574202 0
1576228 0
1578254 0
1580280 0
1582306 0
1584332 0
1586358 0
1588384 0
1590410 0
1592436 1
1594462 0
1596488 0
1598514 0
1600540 0
1602566 0
1604592 0
1606618 0
1608644 0
1610670 0
1612696 0
1614722 0
1616748 0
1618774 0
1620800 0
1622826 0
1624852 1
1626878 0
1628904 0
1630930 0
1632956 0
1634982 0
1637008 0
1639034 0
1641060 0
1643086 0
1645112 1
1647138 0
1649164 0
1651190 0
1653216 0
1655242 0
1657268 0
1659294 0
1661320 0
1663346 0
1665372 0
1667398 0
1669424 0
1671450 0
1673476 0
1675502 0
1677528 0
1679554 0
1681580 0
1683606 0
1685632 0
1687658 0
1689684 0
1691710 0
1693736 1
1695762 1
1697788 0
1699814 0
1701840 0
1703866 0
1705892 0
1707918 0
1709944 0
1711970 0
1713996 0
1716022 0
1718048 0
1720074 0
1722100 0
1724126 0
1726152 0
1728178 1
1730204 0
1732230 0
1734256 0
1736282 0
1738308 0
1740334 0
1742360 0
1744386 0
1746412 0
1748438 0
1750464 0
1752490 1
1754516 0
1756542 0
1758568 0
1760594 0
1762620 0
1764646 0
1766672 0
1768698 0
1770724 0
1772750 0
1774776 0
1776802 0
1778828 0
1780854 0
1782880 0
1784906 0
1786932 0
1788958 0
1790984 1
1793010 0
1795036 0
1797062 1
1799088 0
1801114 1
1803140 0
1805166 0
1807192 0
1809218 0
1811244 0
1813270 0
1815296 0
1817322 0
1819348 0
1821374 0
1823400 0
1825426 0
1827452 0
1829478 0
1831504 0
1833530 0
1835556 0
1837582 0
1839608 0
1841634 0
1843660 0
1845686 1
1847712 0
1849738 0
1851764 0
1853790 0
1855816 0
1857842 0
1859868 0
1861894 0
1863920 0
1865946 0
1867972 1
1869998 0
1872024 0
1874050 0
1876076 0
1878102 0
1880128 0
1882154 0
1884180 0
1886206 0
1888232 0
1890258 0
1892284 0
1894310 1
1896336 0
1898362 0
1900388 0
1902414 0
1904440 0
1906466 0
1908492 0
1910518 1
1912544 0
1914570 0
1916596 0
1918622 0
1920648 0
1922674 0
1924700 0
1926726 0
1928752 0
1930778 0
1932804 0
1934830 1
1936856 0
1938882 0
1940908 0
1942934 0
1944960 0
1946986 0
1949012 0
1951038 0
1953064 0
1955090 0
1957116 0
1959142 0
1961168 0
1963194 0
1965220 0
1967246 0
1969272 0
1971298 0
1973324 0
1975350 0
1977376 0
1979402 0
1981428 0
1983454 0
1985480 0
1987506 0
1989532 0
1991558 0
1993584 0
1995610 0
1997636 0
1999662 0
2001688 0
2003714 1
2005740 0
2007766 0
2009792 0
2011818 0
2013844 0
2015870 0
2017896 1
2019922 0
2021948 0
2023974 0
2026000 1
