-1 34
37461 1
74923 0
112385 17
149847 816
187309 18917
224771 6249
262233 882
299695 411
337157 300
374619 268
412081 343
449543 771
487005 1519
524467 1520
561929 776
599391 281
636853 130
674315 104
711777 66
749239 48
786701 63
824163 45
861625 50
899087 32
936549 48
974011 36
1011473 41
1048935 28
1086397 31
1123859 30
1161321 28
1198783 40
1236245 24
1273707 26
1311169 42
1348631 35
1386093 36
1423555 28
1461017 29
1498479 33
1535941 30
1573403 26
1610865 26
1648327 28
1685789 35
1723251 33
1760713 36
1798175 38
1835637 26
1873099 37
1910561 33
1948023 40
1985485 36
2022947 44
2060409 50
2097871 56
2135333 77
2172795 102
2210257 140
2247719 194
2285181 269
2322643 340
2360105 452
2397567 537
2435029 663
2472491 845
2509953 995
2547415 1224
2584877 1331
2622339 1524
2659801 1641
2697263 1873
2734725 1912
2772187 1959
2809649 1986
2847111 1839
2884573 1775
2922035 1751
2959497 1702
2996959 1481
3034421 1212
3071883 1003
3109345 713
3146807 486
3184269 347
3221731 184
3259193 109
3296655 58
3334117 22
3371579 20
3409041 6
3446503 7
3483965 4
3521427 1
3558889 0
3596351 0
3633813 0
3671275 0
3708737 0
3746199 0
3783661 0
3821123 0
3858585 0
3896047 0
3933509 0
3970971 0
4008433 0
4045895 0
4083357 0
4120819 0
4158281 0
4195743 0
4233205 0
4270667 0
4308129 0
4345591 0
4383053 0
4420515 0
4457977 0
4495439 0
4532901 0
4570363 0
4607825 0
4645287 0
4682749 0
4720211 0
4757673 0
4795135 0
4832597 0
4870059 0
4907521 0
4944983 0
4982445 0
5019907 0
5057369 0
5094831 0
5132293 0
5169755 0
5207217 0
5244679 0
5282141 0
5319603 0
5357065 0
5394527 0
5431989 0
5469451 0
5506913 0
5544375 0
5581837 0
5619299 0
5656761 0
5694223 0
5731685 0
5769147 0
5806609 0
5844071 0
5881533 0
5918995 0
5956457 0
5993919 0
6031381 0
6068843 0
6106305 0
6143767 0
6181229 0
6218691 0
6256153 0
6293615 0
6331077 0
6368539 0
6406001 0
6443463 0
6480925 0
6518387 0
6555849 0
6593311 0
6630773 0
6668235 0
6705697 0
6743159 0
6780621 0
6818083 0
6855545 0
6893007 0
6930469 0
6967931 0
7005393 0
7042855 0
7080317 0
7117779 0
7155241 0
7192703 0
7230165 0
7267627 0
7305089 0
7342551 0
7380013 0
7417475 0
7454937 0
7492399 0
7529861 0
7567323 0
7604785 0
7642247 0
7679709 0
7717171 0
7754633 0
7792095 0
7829557 0
7867019 0
7904481 0
7941943 0
7979405 0
8016867 0
8054329 0
8091791 0
8129253 0
8166715 0
8204177 0
8241639 0
8279101 0
8316563 0
8354025 0
8391487 0
8428949 0
8466411 0
8503873 0
8541335 0
8578797 0
8616259 0
8653721 0
8691183 0
8728645 0
8766107 0
8803569 0
8841031 0
8878493 0
8915955 0
8953417 0
8990879 0
9028341 0
9065803 0
9103265 0
9140727 0
9178189 0
9215651 0
9253113 0
9290575 0
9328037 0
9365499 0
9402961 0
9440423 0
9477885 0
9515347 0
9552809 0
9590271 0
9627733 0
9665195 0
9702657 0
9740119 0
9777581 0
9815043 0
9852505 0
9889967 0
9927429 0
9964891 0
10002353 0
10039815 0
10077277 0
10114739 0
10152201 0
10189663 0
10227125 0
10264587 0
10302049 0
10339511 0
10376973 0
10414435 0
10451897 0
10489359 0
10526821 0
10564283 0
10601745 0
10639207 0
10676669 0
10714131 0
10751593 0
10789055 0
10826517 0
10863979 0
10901441 0
10938903 0
10976365 0
11013827 0
11051289 0
11088751 0
11126213 0
11163675 0
11201137 0
11238599 0
11276061 0
11313523 0
11350985 0
11388447 0
11425909 0
11463371 0
11500833 0
11538295 0
11575757 0
11613219 0
11650681 0
11688143 0
11725605 0
11763067 0
11800529 0
11837991 0
11875453 0
11912915 0
11950377 0
11987839 0
12025301 0
12062763 0
12100225 0
12137687 0
12175149 0
12212611 0
12250073 0
12287535 0
12324997 0
12362459 0
12399921 0
12437383 0
12474845 0
12512307 0
12549769 0
12587231 0
12624693 0
12662155 0
12699617 0
12737079 0
12774541 0
12812003 0
12849465 0
12886927 0
12924389 0
12961851 0
12999313 0
13036775 0
13074237 0
13111699 0
13149161 0
13186623 0
13224085 0
13261547 0
13299009 0
13336471 0
13373933 0
13411395 0
13448857 0
13486319 0
13523781 0
13561243 0
13598705 0
13636167 0
13673629 0
13711091 0
13748553 0
13786015 0
13823477 0
13860939 0
13898401 0
13935863 0
13973325 0
14010787 0
14048249 0
14085711 0
14123173 0
14160635 0
14198097 0
14235559 0
14273021 0
14310483 0
14347945 0
14385407 0
14422869 0
14460331 0
14497793 0
14535255 0
14572717 0
14610179 0
14647641 0
14685103 0
14722565 0
14760027 0
14797489 0
14834951 0
14872413 0
14909875 0
14947337 0
14984799 0
15022261 0
15059723 0
15097185 0
15134647 0
15172109 0
15209571 0
15247033 0
15284495 0
15321957 0
15359419 0
15396881 0
15434343 0
15471805 0
15509267 0
15546729 0
15584191 0
15621653 0
15659115 0
15696577 0
15734039 0
15771501 0
15808963 0
15846425 0
15883887 0
15921349 0
15958811 0
15996273 0
16033735 0
16071197 0
16108659 0
16146121 0
16183583 0
16221045 0
16258507 0
16295969 0
16333431 0
16370893 0
16408355 0
16445817 0
16483279 0
16520741 0
16558203 0
16595665 0
16633127 0
16670589 0
16708051 0
16745513 0
16782975 0
16820437 0
16857899 0
16895361 0
16932823 0
16970285 0
17007747 0
17045209 0
17082671 0
17120133 0
17157595 0
17195057 0
17232519 0
17269981 0
17307443 0
17344905 0
17382367 0
17419829 0
17457291 0
17494753 0
17532215 0
17569677 0
17607139 0
17644601 0
17682063 0
17719525 0
17756987 0
17794449 0
17831911 0
17869373 0
17906835 0
17944297 0
17981759 0
18019221 0
18056683 0
18094145 0
18131607 0
18169069 0
18206531 0
18243993 0
18281455 0
18318917 0
18356379 0
18393841 0
18431303 0
18468765 0
18506227 0
18543689 0
18581151 0
18618613 0
18656075 0
18693537 0
18730999 0
18768461 0
18805923 0
18843385 0
18880847 0
18918309 0
18955771 0
18993233 0
19030695 0
19068157 0
19105619 0
19143081 0
19180543 0
19218005 0
19255467 0
19292929 0
19330391 0
19367853 0
19405315 0
19442777 0
19480239 0
19517701 0
19555163 0
19592625 0
19630087 0
19667549 0
19705011 0
19742473 0
19779935 0
19817397 0
19854859 0
19892321 0
19929783 0
19967245 0
20004707 0
20042169 0
20079631 0
20117093 0
20154555 0
20192017 0
20229479 0
20266941 0
20304403 0
20341865 0
20379327 0
20416789 0
20454251 0
20491713 0
20529175 0
20566637 0
20604099 0
20641561 0
20679023 0
20716485 0
20753947 0
20791409 0
20828871 0
20866333 0
20903795 0
20941257 0
20978719 0
21016181 0
21053643 0
21091105 0
21128567 0
21166029 0
21203491 0
21240953 0
21278415 0
21315877 0
21353339 0
21390801 0
21428263 0
21465725 0
21503187 0
21540649 0
21578111 0
21615573 0
21653035 0
21690497 0
21727959 0
21765421 0
21802883 0
21840345 0
21877807 0
21915269 0
21952731 0
21990193 0
22027655 0
22065117 0
22102579 0
22140041 0
22177503 0
22214965 0
22252427 0
22289889 0
22327351 0
22364813 0
22402275 0
22439737 0
22477199 0
22514661 0
22552123 0
22589585 0
22627047 0
22664509 0
22701971 0
22739433 0
22776895 0
22814357 0
22851819 0
22889281 0
22926743 0
22964205 0
23001667 0
23039129 0
23076591 0
23114053 0
23151515 0
23188977 0
23226439 0
23263901 0
23301363 0
23338825 0
23376287 0
23413749 0
23451211 0
23488673 0
23526135 0
23563597 0
23601059 0
23638521 0
23675983 0
23713445 0
23750907 0
23788369 0
23825831 0
23863293 0
23900755 0
23938217 0
23975679 0
24013141 0
24050603 0
24088065 0
24125527 0
24162989 0
24200451 0
24237913 0
24275375 0
24312837 0
24350299 0
24387761 0
24425223 0
24462685 0
24500147 0
24537609 0
24575071 0
24612533 0
24649995 0
24687457 0
24724919 0
24762381 0
24799843 0
24837305 0
24874767 0
24912229 0
24949691 0
24987153 0
25024615 0
25062077 0
25099539 0
25137001 0
25174463 0
25211925 0
25249387 0
25286849 0
25324311 0
25361773 0
25399235 0
25436697 0
25474159 0
25511621 0
25549083 0
25586545 0
25624007 0
25661469 0
25698931 0
25736393 0
25773855 0
25811317 0
25848779 0
25886241 0
25923703 0
25961165 0
25998627 0
26036089 0
26073551 0
26111013 0
26148475 0
26185937 0
26223399 0
26260861 0
26298323 0
26335785 0
26373247 0
26410709 0
26448171 0
26485633 0
26523095 0
26560557 0
26598019 0
26635481 0
26672943 0
26710405 0
26747867 0
26785329 0
26822791 0
26860253 0
26897715 0
26935177 0
26972639 0
27010101 0
27047563 0
27085025 0
27122487 0
27159949 0
27197411 0
27234873 0
27272335 0
27309797 0
27347259 0
27384721 0
27422183 0
27459645 0
27497107 0
27534569 0
27572031 0
27609493 0
27646955 0
27684417 0
27721879 0
27759341 0
27796803 0
27834265 0
27871727 0
27909189 0
27946651 0
27984113 0
28021575 0
28059037 0
28096499 0
28133961 0
28171423 0
28208885 0
28246347 0
28283809 0
28321271 0
28358733 0
28396195 0
28433657 0
28471119 0
28508581 0
28546043 0
28583505 0
28620967 0
28658429 0
28695891 0
28733353 0
28770815 0
28808277 0
28845739 0
28883201 0
28920663 0
28958125 0
28995587 0
29033049 0
29070511 0
29107973 0
29145435 0
29182897 0
29220359 0
29257821 0
29295283 0
29332745 0
29370207 0
29407669 0
29445131 0
29482593 0
29520055 0
29557517 0
29594979 0
29632441 0
29669903 0
29707365 0
29744827 0
29782289 0
29819751 0
29857213 0
29894675 0
29932137 0
29969599 0
30007061 0
30044523 0
30081985 0
30119447 0
30156909 0
30194371 0
30231833 0
30269295 0
30306757 0
30344219 0
30381681 0
30419143 0
30456605 0
30494067 0
30531529 0
30568991 0
30606453 0
30643915 0
30681377 0
30718839 0
30756301 0
30793763 0
30831225 0
30868687 0
30906149 0
30943611 0
30981073 0
31018535 0
31055997 0
31093459 0
31130921 0
31168383 0
31205845 0
31243307 0
31280769 0
31318231 0
31355693 0
31393155 0
31430617 0
31468079 0
31505541 0
31543003 0
31580465 0
31617927 0
31655389 0
31692851 0
31730313 0
31767775 0
31805237 0
31842699 0
31880161 0
31917623 0
31955085 0
31992547 0
32030009 0
32067471 0
32104933 0
32142395 0
32179857 0
32217319 0
32254781 0
32292243 0
32329705 0
32367167 0
32404629 0
32442091 0
32479553 0
32517015 0
32554477 0
32591939 0
32629401 0
32666863 0
32704325 0
32741787 0
32779249 0
32816711 0
32854173 0
32891635 0
32929097 0
32966559 0
33004021 0
33041483 0
33078945 0
33116407 0
33153869 0
33191331 0
33228793 0
33266255 0
33303717 0
33341179 0
33378641 0
33416103 0
33453565 0
33491027 0
33528489 0
33565951 0
33603413 0
33640875 0
33678337 0
33715799 0
33753261 0
33790723 0
33828185 0
33865647 0
33903109 0
33940571 0
33978033 0
34015495 0
34052957 0
34090419 0
34127881 0
34165343 0
34202805 0
34240267 0
34277729 0
34315191 0
34352653 0
34390115 0
34427577 0
34465039 0
34502501 0
34539963 0
34577425 0
34614887 0
34652349 0
34689811 0
34727273 0
34764735 0
34802197 0
34839659 0
34877121 0
34914583 0
34952045 0
34989507 0
35026969 0
35064431 0
35101893 0
35139355 0
35176817 0
35214279 0
35251741 0
35289203 0
35326665 0
35364127 0
35401589 0
35439051 0
35476513 0
35513975 0
35551437 0
35588899 0
35626361 0
35663823 0
35701285 0
35738747 0
35776209 0
35813671 0
35851133 0
35888595 0
35926057 0
35963519 0
36000981 0
36038443 0
36075905 0
36113367 0
36150829 0
36188291 0
36225753 0
36263215 0
36300677 0
36338139 0
36375601 0
36413063 0
36450525 0
36487987 0
36525449 0
36562911 0
36600373 0
36637835 0
36675297 0
36712759 0
36750221 0
36787683 0
36825145 0
36862607 0
36900069 0
36937531 0
36974993 0
37012455 0
37049917 0
37087379 0
37124841 0
37162303 0
37199765 0
37237227 0
37274689 0
37312151 0
37349613 0
37387075 0
37424537 0
37461999 0
