0 578
1787 288
3574 78
5361 29
7148 9
8935 19
10722 9
12509 4
14296 7
16083 11
17870 10
19657 9
21444 5
23231 13
25018 8
26805 22
28592 10
30379 15
32166 22
33953 24
35740 23
37527 38
39314 47
41101 47
42888 72
44675 85
46462 94
48249 100
50036 126
51823 129
53610 161
55397 189
57184 219
58971 275
60758 272
62545 292
64332 354
66119 397
67906 441
69693 509
71480 544
73267 586
75054 673
76841 729
78628 768
80415 830
82202 888
83989 1039
85776 1101
87563 1141
89350 1243
91137 1261
92924 1431
94711 1484
96498 1538
98285 1601
100072 1732
101859 1805
103646 1825
105433 1996
107220 1987
109007 2103
110794 2113
112581 2265
114368 2285
116155 2367
117942 2647
119729 2605
121516 2630
123303 2734
125090 2859
126877 2895
128664 2943
130451 2884
132238 2981
134025 3051
135812 3099
137599 3070
139386 3095
141173 3121
142960 3193
144747 3204
146534 3217
148321 3240
150108 3286
151895 3255
153682 3267
155469 3220
157256 3187
159043 3299
160830 3218
162617 3143
164404 3234
166191 3193
167978 3181
169765 3100
171552 3092
173339 2991
175126 3015
176913 3016
178700 2988
180487 2997
182274 2765
184061 2817
185848 2788
187635 2788
189422 2648
191209 2651
192996 2588
194783 2566
196570 2526
198357 2457
200144 2419
201931 2309
203718 2315
205505 2327
207292 2183
209079 2135
210866 2057
212653 2074
214440 2087
216227 1900
218014 1912
219801 1776
221588 1834
223375 1807
225162 1734
226949 1694
228736 1628
230523 1606
232310 1502
234097 1485
235884 1475
237671 1412
239458 1392
241245 1357
243032 1353
244819 1202
246606 1177
248393 1191
250180 1158
251967 1068
253754 1051
255541 958
257328 964
259115 908
260902 922
262689 842
264476 850
266263 791
268050 874
269837 729
271624 758
273411 699
275198 737
276985 659
278772 640
280559 612
282346 574
284133 580
285920 547
287707 519
289494 521
291281 498
293068 465
294855 418
296642 428
298429 392
300216 391
302003 375
303790 377
305577 348
307364 347
309151 345
310938 331
312725 311
314512 291
316299 299
318086 305
319873 256
321660 252
323447 233
325234 211
327021 229
328808 190
330595 220
332382 178
334169 158
335956 164
337743 176
339530 171
341317 169
343104 152
344891 145
346678 135
348465 123
350252 135
352039 101
353826 102
355613 105
357400 104
359187 112
360974 120
362761 96
364548 84
366335 95
368122 86
369909 101
371696 80
373483 71
375270 75
377057 68
378844 69
380631 59
382418 78
384205 79
385992 54
387779 74
389566 65
391353 49
393140 62
394927 68
396714 52
398501 58
400288 48
402075 52
403862 54
405649 47
407436 48
409223 34
411010 39
412797 35
414584 36
416371 33
418158 32
419945 40
421732 34
423519 40
425306 51
427093 42
428880 32
430667 32
432454 29
434241 38
436028 41
437815 33
439602 31
441389 32
443176 37
444963 28
446750 36
448537 29
450324 24
452111 32
453898 21
455685 26
457472 30
459259 33
461046 38
462833 20
464620 25
466407 34
468194 29
469981 31
471768 26
473555 21
475342 22
477129 29
478916 32
480703 23
482490 29
484277 11
486064 26
487851 30
489638 21
491425 28
493212 27
494999 24
496786 25
498573 36
500360 24
502147 21
503934 24
505721 22
507508 25
509295 21
511082 26
512869 21
514656 29
516443 22
518230 22
520017 15
521804 28
523591 23
525378 17
527165 29
528952 26
530739 20
532526 23
534313 16
536100 20
537887 23
539674 19
541461 16
543248 18
545035 21
546822 23
548609 12
550396 26
552183 25
553970 31
555757 21
557544 18
559331 25
561118 21
562905 22
564692 19
566479 19
568266 17
570053 11
571840 21
573627 13
575414 21
577201 16
578988 17
580775 25
582562 19
584349 16
586136 24
587923 16
589710 24
591497 26
593284 24
595071 13
596858 12
598645 14
600432 11
602219 20
604006 17
605793 22
607580 15
609367 15
611154 28
612941 19
614728 14
616515 12
618302 12
620089 11
621876 17
623663 12
625450 20
627237 16
629024 15
630811 18
632598 17
634385 14
636172 16
637959 10
639746 20
641533 19
643320 8
645107 16
646894 15
648681 9
650468 13
652255 11
654042 7
655829 10
657616 18
659403 11
661190 10
662977 16
664764 16
666551 17
668338 16
670125 14
671912 20
673699 12
675486 9
677273 14
679060 3
680847 13
682634 12
684421 9
686208 5
687995 4
689782 11
691569 7
693356 7
695143 8
696930 2
698717 4
700504 15
702291 6
704078 10
705865 9
707652 9
709439 14
711226 17
713013 12
714800 8
716587 10
718374 11
720161 7
721948 6
723735 11
725522 9
727309 10
729096 7
730883 2
732670 8
734457 6
736244 6
738031 9
739818 7
741605 4
743392 9
745179 6
746966 8
748753 3
750540 5
752327 6
754114 9
755901 8
757688 5
759475 11
761262 9
763049 2
764836 7
766623 5
768410 5
770197 2
771984 4
773771 7
775558 6
777345 4
779132 0
780919 2
782706 3
784493 6
786280 4
788067 11
789854 5
791641 6
793428 2
795215 5
797002 3
798789 6
800576 7
802363 4
804150 6
805937 1
807724 4
809511 6
811298 3
813085 3
814872 1
816659 2
818446 3
820233 2
822020 4
823807 1
825594 6
827381 1
829168 4
830955 3
832742 2
834529 2
836316 4
838103 1
839890 5
841677 2
843464 2
845251 2
847038 1
848825 2
850612 2
852399 3
854186 0
855973 2
857760 1
859547 3
861334 3
863121 1
864908 2
866695 2
868482 2
870269 2
872056 1
873843 3
875630 2
877417 2
879204 0
880991 4
882778 2
884565 1
886352 4
888139 1
889926 2
891713 1
893500 1
895287 0
897074 3
898861 1
900648 0
902435 2
904222 1
906009 1
907796 2
909583 0
911370 0
913157 2
914944 0
916731 0
918518 2
920305 0
922092 1
923879 0
925666 2
927453 2
929240 1
931027 4
932814 1
934601 0
936388 1
938175 1
939962 1
941749 1
943536 1
945323 0
947110 1
948897 3
950684 4
952471 0
954258 1
956045 1
957832 1
959619 0
961406 1
963193 0
964980 0
966767 0
968554 0
970341 0
972128 0
973915 0
975702 1
977489 2
979276 0
981063 1
982850 0
984637 0
986424 1
988211 1
989998 2
991785 0
993572 0
995359 0
997146 1
998933 0
1000720 1
1002507 0
1004294 1
1006081 0
1007868 0
1009655 0
1011442 0
1013229 0
1015016 0
1016803 0
1018590 1
1020377 0
1022164 1
1023951 1
1025738 0
1027525 1
1029312 0
1031099 0
1032886 0
1034673 0
1036460 0
1038247 0
1040034 1
1041821 0
1043608 1
1045395 0
1047182 0
1048969 0
1050756 0
1052543 1
1054330 0
1056117 0
1057904 1
1059691 0
1061478 1
1063265 0
1065052 0
1066839 0
1068626 1
1070413 0
1072200 0
1073987 1
1075774 0
1077561 0
1079348 0
1081135 0
1082922 0
1084709 0
1086496 0
1088283 0
1090070 0
1091857 0
1093644 0
1095431 0
1097218 0
1099005 0
1100792 0
1102579 1
1104366 0
1106153 0
1107940 0
1109727 0
1111514 0
1113301 0
1115088 0
1116875 0
1118662 0
1120449 0
1122236 0
1124023 0
1125810 0
1127597 0
1129384 1
1131171 0
1132958 0
1134745 0
1136532 0
1138319 1
1140106 0
1141893 0
1143680 0
1145467 0
1147254 0
1149041 0
1150828 0
1152615 0
1154402 1
1156189 0
1157976 0
1159763 0
1161550 0
1163337 1
1165124 1
1166911 0
1168698 0
1170485 0
1172272 0
1174059 0
1175846 0
1177633 0
1179420 1
1181207 0
1182994 0
1184781 0
1186568 0
1188355 0
1190142 0
1191929 0
1193716 0
1195503 0
1197290 0
1199077 0
1200864 0
1202651 0
1204438 1
1206225 0
1208012 0
1209799 0
1211586 0
1213373 0
1215160 0
1216947 0
1218734 0
1220521 0
1222308 0
1224095 0
1225882 0
1227669 0
1229456 1
1231243 0
1233030 0
1234817 1
1236604 0
1238391 1
1240178 0
1241965 0
1243752 0
1245539 0
1247326 0
1249113 1
1250900 0
1252687 0
1254474 0
1256261 0
1258048 0
1259835 0
1261622 0
1263409 0
1265196 0
1266983 0
1268770 0
1270557 1
1272344 0
1274131 0
1275918 0
1277705 0
1279492 0
1281279 1
1283066 1
1284853 0
1286640 0
1288427 0
1290214 0
1292001 0
1293788 0
1295575 0
1297362 0
1299149 0
1300936 0
1302723 0
1304510 0
1306297 0
1308084 0
1309871 0
1311658 0
1313445 1
1315232 0
1317019 0
1318806 0
1320593 1
1322380 0
1324167 3
1325954 0
1327741 1
1329528 0
1331315 0
1333102 0
1334889 0
1336676 0
1338463 0
1340250 1
1342037 0
1343824 0
1345611 0
1347398 0
1349185 0
1350972 0
1352759 0
1354546 0
1356333 0
1358120 0
1359907 0
1361694 0
1363481 0
1365268 1
1367055 0
1368842 0
1370629 1
1372416 0
1374203 0
1375990 0
1377777 0
1379564 0
1381351 1
1383138 0
1384925 0
1386712 1
1388499 0
1390286 1
1392073 0
1393860 0
1395647 0
1397434 0
1399221 0
1401008 0
1402795 0
1404582 1
1406369 1
1408156 0
1409943 0
1411730 0
1413517 0
1415304 0
1417091 0
1418878 1
1420665 0
1422452 0
1424239 0
1426026 0
1427813 0
1429600 0
1431387 0
1433174 0
1434961 0
1436748 0
1438535 0
1440322 0
1442109 0
1443896 0
1445683 0
1447470 0
1449257 0
1451044 0
1452831 0
1454618 0
1456405 0
1458192 0
1459979 0
1461766 0
1463553 0
1465340 0
1467127 0
1468914 0
1470701 0
1472488 0
1474275 0
1476062 0
1477849 0
1479636 0
1481423 0
1483210 0
1484997 0
1486784 0
1488571 0
1490358 1
1492145 0
1493932 0
1495719 0
1497506 0
1499293 0
1501080 0
1502867 0
1504654 0
1506441 0
1508228 0
1510015 0
1511802 0
1513589 0
1515376 1
1517163 0
1518950 0
1520737 0
1522524 0
1524311 0
1526098 0
1527885 0
1529672 0
1531459 0
1533246 0
1535033 0
1536820 0
1538607 0
1540394 0
1542181 0
1543968 0
1545755 0
1547542 0
1549329 0
1551116 0
1552903 0
1554690 1
1556477 0
1558264 0
1560051 0
1561838 0
1563625 0
1565412 1
1567199 0
1568986 0
1570773 1
1572560 0
1574347 0
1576134 0
1577921 0
1579708 0
1581495 0
1583282 0
1585069 0
1586856 0
1588643 0
1590430 1
1592217 0
1594004 0
1595791 0
1597578 0
1599365 0
1601152 1
1602939 0
1604726 0
1606513 0
1608300 0
1610087 0
1611874 0
1613661 0
1615448 0
1617235 0
1619022 0
1620809 0
1622596 0
1624383 0
1626170 0
1627957 0
1629744 0
1631531 0
1633318 0
1635105 0
1636892 1
1638679 0
1640466 0
1642253 0
1644040 0
1645827 0
1647614 0
1649401 0
1651188 0
1652975 0
1654762 0
1656549 0
1658336 0
1660123 0
1661910 0
1663697 0
1665484 0
1667271 0
1669058 0
1670845 0
1672632 0
1674419 0
1676206 0
1677993 0
1679780 0
1681567 0
1683354 0
1685141 0
1686928 0
1688715 0
1690502 0
1692289 0
1694076 0
1695863 0
1697650 0
1699437 0
1701224 0
1703011 0
1704798 0
1706585 0
1708372 0
1710159 0
1711946 0
1713733 0
1715520 0
1717307 0
1719094 0
1720881 0
1722668 0
1724455 0
1726242 0
1728029 0
1729816 0
1731603 0
1733390 0
1735177 0
1736964 0
1738751 0
1740538 0
1742325 0
1744112 0
1745899 0
1747686 0
1749473 0
1751260 0
1753047 0
1754834 0
1756621 0
1758408 0
1760195 0
1761982 0
1763769 0
1765556 0
1767343 0
1769130 0
1770917 0
1772704 0
1774491 0
1776278 0
1778065 0
1779852 0
1781639 0
1783426 0
1785213 0
1787000 1
