150150328 26
150160390 20
150170452 18
150180514 9
150190576 14
150200638 18
150210700 19
150220762 13
150230824 15
150240886 16
150250948 23
150261010 13
150271072 14
150281134 24
150291196 21
150301258 26
150311320 17
150321382 12
150331444 27
150341506 21
150351568 17
150361630 25
150371692 29
150381754 25
150391816 18
150401878 23
150411940 24
150422002 14
150432064 17
150442126 16
150452188 27
150462250 23
150472312 21
150482374 28
150492436 24
150502498 27
150512560 38
150522622 39
150532684 32
150542746 37
150552808 43
150562870 41
150572932 41
150582994 41
150593056 41
150603118 67
150613180 63
150623242 58
150633304 64
150643366 86
150653428 79
150663490 80
150673552 93
150683614 101
150693676 80
150703738 114
150713800 121
150723862 164
150733924 162
150743986 159
150754048 164
150764110 199
150774172 261
150784234 269
150794296 250
150804358 270
150814420 321
150824482 310
150834544 350
150844606 362
150854668 370
150864730 429
150874792 422
150884854 426
150894916 483
150904978 476
150915040 501
150925102 512
150935164 495
150945226 507
150955288 523
150965350 507
150975412 491
150985474 490
150995536 454
151005598 479
151015660 439
151025722 436
151035784 393
151045846 341
151055908 359
151065970 289
151076032 238
151086094 244
151096156 194
151106218 202
151116280 149
151126342 176
151136404 146
151146466 103
151156528 111
151166590 101
151176652 117
151186714 85
151196776 84
151206838 81
151216900 89
151226962 88
151237024 90
151247086 79
151257148 82
151267210 80
151277272 83
151287334 79
151297396 67
151307458 58
151317520 56
151327582 59
151337644 58
151347706 45
151357768 43
151367830 50
151377892 50
151387954 42
151398016 45
151408078 32
151418140 49
151428202 36
151438264 38
151448326 38
151458388 48
151468450 41
151478512 46
151488574 52
151498636 52
151508698 47
151518760 37
151528822 53
151538884 57
151548946 68
151559008 66
151569070 79
151579132 71
151589194 97
151599256 95
151609318 75
151619380 100
151629442 79
151639504 105
151649566 103
151659628 118
151669690 116
151679752 137
151689814 135
151699876 138
151709938 134
151720000 143
151730062 114
151740124 149
151750186 152
151760248 149
151770310 169
151780372 183
151790434 196
151800496 178
151810558 199
151820620 205
151830682 219
151840744 221
151850806 224
151860868 234
151870930 276
151880992 290
151891054 274
151901116 293
151911178 304
151921240 305
151931302 346
151941364 346
151951426 365
151961488 344
151971550 425
151981612 392
151991674 461
152001736 427
152011798 469
152021860 453
152031922 545
152041984 475
152052046 561
152062108 591
152072170 582
152082232 589
152092294 632
152102356 642
152112418 656
152122480 649
152132542 642
152142604 683
152152666 665
152162728 668
152172790 724
152182852 674
152192914 669
152202976 638
152213038 683
152223100 679
152233162 596
152243224 684
152253286 625
152263348 575
152273410 633
152283472 622
152293534 585
152303596 641
152313658 595
152323720 569
152333782 559
152343844 558
152353906 563
152363968 539
152374030 495
152384092 529
152394154 515
152404216 485
152414278 476
152424340 486
152434402 468
152444464 440
152454526 473
152464588 460
152474650 440
152484712 439
152494774 479
152504836 438
152514898 477
152524960 473
152535022 432
152545084 467
152555146 412
152565208 461
152575270 446
152585332 416
152595394 422
152605456 414
152615518 390
152625580 429
152635642 397
152645704 418
152655766 409
152665828 386
152675890 375
152685952 381
152696014 373
152706076 326
152716138 325
152726200 319
152736262 292
152746324 321
152756386 303
152766448 300
152776510 274
152786572 271
152796634 260
152806696 243
152816758 239
152826820 228
152836882 229
152846944 174
152857006 217
152867068 204
152877130 194
152887192 165
152897254 175
152907316 164
152917378 151
152927440 151
152937502 163
152947564 123
152957626 122
152967688 144
152977750 135
152987812 101
152997874 117
153007936 115
153017998 121
153028060 137
153038122 116
153048184 105
153058246 103
153068308 106
153078370 107
153088432 105
153098494 104
153108556 118
153118618 119
153128680 118
153138742 112
153148804 119
153158866 119
153168928 156
153178990 144
153189052 151
153199114 153
153209176 126
153219238 148
153229300 143
153239362 170
153249424 201
153259486 163
153269548 198
153279610 190
153289672 204
153299734 222
153309796 229
153319858 218
153329920 242
153339982 221
153350044 230
153360106 248
153370168 294
153380230 309
153390292 289
153400354 296
153410416 305
153420478 312
153430540 329
153440602 372
153450664 387
153460726 369
153470788 366
153480850 392
153490912 424
153500974 410
153511036 439
153521098 491
153531160 460
153541222 501
153551284 475
153561346 514
153571408 513
153581470 513
153591532 542
153601594 541
153611656 543
153621718 573
153631780 575
153641842 634
153651904 628
153661966 576
153672028 619
153682090 574
153692152 640
153702214 650
153712276 694
153722338 675
153732400 761
153742462 731
153752524 680
153762586 687
153772648 686
153782710 710
153792772 705
153802834 702
153812896 723
153822958 714
153833020 681
153843082 682
153853144 705
153863206 669
153873268 698
153883330 704
153893392 705
153903454 710
153913516 701
153923578 680
153933640 654
153943702 649
153953764 694
153963826 673
153973888 641
153983950 703
153994012 673
154004074 648
154014136 611
154024198 638
154034260 598
154044322 572
154054384 643
154064446 609
154074508 608
154084570 567
154094632 566
154104694 588
154114756 626
154124818 567
154134880 578
154144942 593
154155004 554
154165066 577
154175128 577
154185190 535
154195252 535
154205314 565
154215376 511
154225438 551
154235500 478
154245562 498
154255624 521
154265686 489
154275748 485
154285810 481
154295872 444
154305934 491
154315996 452
154326058 470
154336120 472
154346182 461
154356244 450
154366306 431
154376368 459
154386430 396
154396492 445
154406554 425
154416616 453
154426678 401
154436740 464
154446802 405
154456864 385
154466926 408
154476988 406
154487050 387
154497112 421
154507174 352
154517236 396
154527298 420
154537360 376
154547422 386
154557484 402
154567546 346
154577608 389
154587670 368
154597732 377
154607794 384
154617856 372
154627918 352
154637980 358
154648042 344
154658104 356
154668166 370
154678228 350
154688290 326
154698352 322
154708414 324
154718476 339
154728538 331
154738600 310
154748662 323
154758724 349
154768786 366
154778848 340
154788910 298
154798972 334
154809034 357
154819096 341
154829158 327
154839220 298
154849282 298
154859344 304
154869406 293
154879468 258
154889530 294
154899592 281
154909654 260
154919716 298
154929778 316
154939840 266
154949902 251
154959964 244
154970026 245
154980088 270
154990150 255
155000212 256
155010274 236
155020336 253
155030398 266
155040460 257
155050522 248
155060584 242
155070646 241
155080708 247
155090770 217
155100832 253
155110894 222
155120956 258
155131018 237
155141080 239
155151142 195
155161204 214
155171266 212
155181328 198
155191390 225
155201452 225
155211514 211
155221576 217
155231638 210
155241700 199
155251762 187
155261824 220
155271886 198
155281948 199
155292010 190
155302072 170
155312134 181
155322196 215
155332258 180
155342320 173
155352382 196
155362444 153
155372506 181
155382568 164
155392630 171
155402692 165
155412754 141
155422816 164
155432878 183
155442940 160
155453002 151
155463064 162
155473126 157
155483188 135
155493250 157
155503312 152
155513374 168
155523436 167
155533498 169
155543560 162
155553622 157
155563684 123
155573746 148
155583808 119
155593870 139
155603932 156
155613994 140
155624056 140
155634118 138
155644180 140
155654242 168
155664304 130
155674366 120
155684428 129
155694490 116
155704552 113
155714614 131
155724676 126
155734738 131
155744800 126
155754862 133
155764924 136
155774986 125
155785048 117
155795110 111
155805172 136
155815234 138
155825296 130
155835358 132
155845420 133
155855482 122
155865544 138
155875606 100
155885668 123
155895730 125
155905792 124
155915854 119
155925916 122
155935978 140
155946040 127
155956102 117
155966164 123
155976226 104
155986288 119
155996350 128
156006412 107
156016474 128
156026536 112
156036598 115
156046660 133
156056722 123
156066784 102
156076846 115
156086908 134
156096970 120
156107032 125
156117094 110
156127156 117
156137218 126
156147280 130
156157342 128
156167404 137
156177466 135
156187528 127
156197590 130
156207652 140
156217714 121
156227776 114
156237838 115
156247900 136
156257962 126
156268024 148
156278086 126
156288148 134
156298210 134
156308272 126
156318334 109
156328396 131
156338458 115
156348520 151
156358582 143
156368644 143
156378706 129
156388768 131
156398830 142
156408892 117
156418954 133
156429016 127
156439078 139
156449140 131
156459202 120
156469264 158
156479326 148
156489388 117
156499450 128
156509512 121
156519574 142
156529636 143
156539698 132
156549760 137
156559822 147
156569884 127
156579946 146
156590008 157
156600070 144
156610132 156
156620194 148
156630256 172
156640318 138
156650380 140
156660442 145
156670504 135
156680566 162
156690628 145
156700690 151
156710752 154
156720814 157
156730876 164
156740938 146
156751000 166
156761062 144
156771124 164
156781186 143
156791248 156
156801310 146
156811372 157
156821434 167
156831496 159
156841558 169
156851620 180
156861682 156
156871744 158
156881806 170
156891868 180
156901930 192
156911992 161
156922054 185
156932116 172
156942178 156
156952240 140
156962302 186
156972364 162
156982426 187
156992488 171
157002550 154
157012612 183
157022674 164
157032736 184
157042798 179
157052860 186
157062922 163
157072984 165
157083046 163
157093108 158
157103170 151
157113232 155
157123294 168
157133356 148
157143418 188
157153480 178
157163542 221
157173604 195
157183666 182
157193728 195
157203790 195
157213852 185
157223914 189
157233976 184
157244038 179
157254100 189
157264162 200
157274224 186
157284286 207
157294348 183
157304410 169
157314472 182
157324534 194
157334596 163
157344658 209
157354720 180
157364782 187
157374844 196
157384906 205
157394968 216
157405030 184
157415092 188
157425154 193
157435216 209
157445278 208
157455340 197
157465402 174
157475464 175
157485526 194
157495588 206
157505650 191
157515712 196
157525774 190
157535836 197
157545898 173
157555960 188
157566022 180
157576084 208
157586146 167
157596208 167
157606270 185
157616332 183
157626394 181
157636456 197
157646518 169
157656580 178
157666642 188
157676704 198
157686766 177
157696828 168
157706890 187
157716952 189
157727014 184
157737076 187
157747138 168
157757200 200
157767262 187
157777324 165
157787386 168
157797448 176
157807510 165
157817572 199
157827634 185
157837696 194
157847758 173
157857820 189
157867882 160
157877944 160
157888006 168
157898068 175
157908130 172
157918192 160
157928254 169
157938316 171
157948378 173
157958440 179
157968502 192
157978564 165
157988626 168
157998688 171
158008750 161
158018812 151
158028874 192
158038936 164
158048998 183
158059060 178
158069122 173
158079184 164
158089246 162
158099308 157
158109370 180
158119432 166
158129494 134
158139556 175
158149618 160
158159680 169
158169742 196
158179804 132
158189866 175
158199928 189
158209990 158
158220052 194
158230114 163
158240176 160
158250238 144
158260300 170
158270362 144
158280424 154
158290486 174
158300548 156
158310610 161
158320672 176
158330734 145
158340796 137
158350858 167
158360920 150
158370982 160
158381044 166
158391106 132
158401168 165
158411230 149
158421292 164
158431354 175
158441416 181
158451478 154
158461540 139
158471602 150
158481664 149
158491726 150
158501788 117
158511850 145
158521912 162
158531974 151
158542036 165
158552098 170
158562160 147
158572222 136
158582284 141
158592346 164
158602408 154
158612470 169
158622532 163
158632594 149
158642656 178
158652718 152
158662780 147
158672842 151
158682904 159
158692966 161
158703028 148
158713090 148
158723152 149
158733214 154
158743276 170
158753338 149
158763400 158
158773462 138
158783524 153
158793586 146
158803648 148
158813710 154
158823772 142
158833834 166
158843896 170
158853958 167
158864020 162
158874082 142
158884144 132
158894206 152
158904268 124
158914330 150
158924392 133
158934454 152
158944516 135
158954578 157
158964640 132
158974702 142
158984764 158
158994826 137
159004888 158
159014950 142
159025012 147
159035074 162
159045136 180
159055198 160
159065260 131
159075322 145
159085384 132
159095446 151
159105508 147
159115570 145
159125632 133
159135694 136
159145756 132
159155818 137
159165880 131
159175942 145
159186004 140
159196066 110
159206128 139
159216190 148
159226252 148
159236314 143
159246376 136
159256438 142
159266500 129
159276562 136
159286624 125
159296686 131
159306748 117
159316810 124
159326872 124
159336934 143
159346996 120
159357058 120
159367120 113
159377182 132
159387244 122
159397306 112
159407368 116
159417430 118
159427492 111
159437554 99
159447616 105
159457678 113
159467740 105
159477802 109
159487864 110
159497926 109
159507988 81
159518050 99
159528112 91
159538174 92
159548236 77
159558298 81
159568360 81
159578422 88
159588484 79
159598546 79
159608608 76
159618670 69
159628732 82
159638794 69
159648856 73
159658918 74
159668980 71
159679042 68
159689104 74
159699166 50
159709228 64
159719290 63
159729352 58
159739414 58
159749476 49
159759538 51
159769600 45
159779662 64
159789724 63
159799786 36
159809848 39
159819910 40
159829972 37
159840034 34
159850096 30
159860158 33
159870220 29
159880282 48
159890344 37
159900406 36
159910468 28
159920530 32
159930592 28
159940654 35
159950716 31
159960778 26
159970840 32
159980902 33
159990964 17
160001026 20
160011088 18
160021150 21
160031212 18
160041274 16
160051336 25
160061398 26
160071460 18
160081522 16
160091584 21
160101646 21
160111708 19
160121770 16
160131832 11
160141894 8
160151956 18
160162018 13
160172080 13
160182142 10
160192204 11
160202266 9
160212328 0
