1
2
14
18
21
25
26
45
66
70
73
77
78
81
90
101
109
113
114
121
122
126
137
146
150
165
166
179
182
197
201
202
206
214
221
229
233
234
238
242
249
250
266
271
273
278
279
285
287
289
290
293
297
302
309
314
321
322
332
333
334
345
351
353
356
362
370
373
389
399
401
406
410
413
426
427
429
430
434
435
438
440
442
445
446
455
459
465
466
470
471
473
475
486
489
493
502
507
509
514
517
518
529
537
546
549
550
553
554
559
570
593
627
633
634
642
646
658
669
670
673
678
685
689
694
697
702
705
721
722
745
746
749
750
753
754
758
761
762
770
774
781
782
785
790
791
805
814
817
818
819
822
825
830
837
838
839
857
858
865
881
894
906
917
926
929
930
937
941
949
953
958
962
965
969
974
993
998
1002
1003
1005
1006
1010
1014
1022
1026
1037
1039
1041
1042
1054
1057
1058
1065
1077
1086
1090
1093
1097
1121
1122
1130
1134
1137
1141
1142
1150
1153
1161
1165
1181
1197
1201
1210
1213
1214
1222
1229
1230
1233
1234
1237
1265
1266
1269
1270
1285
1289
1294
1303
1309
1323
1326
1330
1335
1342
1355
1362
1363
1366
1369
1377
1378
1385
1398
1414
1422
1423
1429
1430
1438
1441
1445
1450
1454
1460
1462
1477
1481
1482
1485
1490
1494
1498
1499
1501
1502
1507
1510
1513
1515
1517
1519
1521
1523
1529
1534
1538
1541
1546
1553
1561
1569
1578
1582
1594
1603
1606
1618
1625
1642
1650
1657
1661
1662
1686
1690
1698
1710
1711
1714
1717
1725
1726
1738
1746
1750
1762
1770
1774
1790
1793
1794
1797
1801
1806
1809
1810
1813
1817
1826
1829
1833
1834
1838
1841
1842
1853
1857
1862
1863
1873
1905
1910
1913
1922
1929
1933
1938
1949
1950
1953
1962
1965
1977
1978
1981
1985
1986
1989
1990
1993
2005
2006
2010
2013
2014
2021
2030
2037
2041
2042
2051
2053
2057
2065
2074
2077
2082
2085
2086
2093
2105
2106
2117
2161
2165
2170
2177
2185
2186
2189
2193
2194
2197
2205
2209
2210
2221
2222
2225
2226
2229
2237
2238
2241
2245
2253
2254
2259
2261
2282
2289
2293
2297
2301
2309
2314
2318
2321
2326
2329
2337
2338
2343
2347
2363
2366
2373
2374
2375
2387
2391
2394
2397
2401
2402
2403
2409
2413
2418
2425
2427
2431
2437
2445
2446
2469
2474
2475
2478
2482
2487
2490
2494
2506
2507
2511
2514
2515
2517
2519
2525
2527
2529
2538
2545
2551
2557
2562
2565
2570
2575
2581
2583
2585
2586
2590
2593
2594
2602
2603
2614
2618
2622
2633
2642
2645
2647
2649
2650
2661
2666
2670
2673
2678
2681
2689
2694
2709
2718
2721
2722
2725
2738
2742
2758
2765
2769
2774
2790
2798
2805
2814
2821
2830
2833
2834
2837
2850
2858
2862
2885
2890
2893
2894
2897
2909
2910
2913
2917
2922
2925
2926
2942
2949
2954
2958
2961
2965
2966
2985
2993
3001
3002
3005
3006
3025
3026
3030
3041
3042
3045
3046
3061
3062
3067
3073
3081
3090
3093
3094
3098
3101
3102
3106
3114
3121
3133
3153
3154
3158
3162
3170
3186
3189
3193
3198
3202
3206
3210
3213
3222
3229
3234
3253
3257
3265
3266
3269
3270
3274
3277
3278
3285
3294
3298
3306
3309
3313
3314
3317
3322
3326
3331
3333
3334
3335
3348
3349
3355
3363
3365
3367
3371
3377
3401
3406
3407
3411
3413
3414
3419
3421
3425
3426
3435
3441
3447
3466
3476
3477
3478
3489
3491
3498
3501
3506
3515
3533
3538
3539
3542
3543
3545
3549
3558
3563
3577
3581
3590
3597
3598
3602
3605
3611
3618
3622
3630
3638
3642
3649
3651
3654
3658
3669
3670
3673
3674
3677
3682
3686
3689
3690
3697
3703
3705
3713
3717
3718
3725
3733
3734
3738
3739
3741
3745
3749
3765
3769
3773
3778
3781
3786
3793
3794
3801
3810
3811
3813
3817
3829
3830
3835
3837
3842
3845
3846
3850
3853
3866
3874
3881
3882
3885
3893
3897
3899
3905
3906
3929
3946
3950
3961
3965
3969
3982
3986
3989
3998
4009
4022
4034
4038
4061
4062
4067
4069
4073
4081
4094
4105
4110
4118
4121
4125
4129
4153
4157
4158
4161
4189
4194
4201
4214
4217
4225
4226
4241
4242
4247
4253
4257
4258
4262
4265
4269
4270
4273
4277
4278
4290
4297
4298
4309
4310
4315
4318
4326
4341
4342
4345
4346
4353
4357
4361
4365
4379
4389
4395
4398
4399
4401
4402
4410
4413
4425
4441
4442
4443
4467
4470
4478
4479
4483
4486
4490
4497
4501
4503
4507
4510
4521
4522
4525
4527
4529
4533
4538
4550
4555
4557
4562
4571
4574
4577
4578
4585
4594
4602
4615
4617
4622
4626
4627
4629
4634
4637
4638
4642
4649
4662
4665
4666
4678
4681
4689
4698
4701
4710
4714
4725
4733
4738
4745
4761
4765
4782
4803
4806
4817
4825
4830
4834
4842
4845
4850
4853
4854
4857
4861
4869
4877
4882
4885
4889
4894
4898
4902
4917
4922
4926
4945
4949
4957
4958
4973
4977
4979
4986
4989
4998
5006
5009
5013
5017
5018
5022
5025
5035
5046
5053
5061
5066
5081
5085
5090
5091
5098
5105
5110
5114
5126
5137
5142
5146
5150
5161
5162
5186
5193
5202
5209
5210
5213
5218
5221
5229
5230
5241
5258
5261
5265
5270
5273
5274
5277
5285
5289
5298
5301
5306
5313
5325
5326
5341
5346
5349
5350
5360
5373
5378
5381
5386
5387
5395
5398
5402
5410
5411
5415
5423
5439
5446
5467
5471
5485
5487
5517
5522
5529
5530
5531
5541
5545
5550
5553
5554
5557
5562
5570
5578
5582
5587
5602
5610
5611
5614
5618
5625
5633
5634
5637
5638
5643
5653
5670
5678
5682
5698
5710
5714
5717
5721
5722
5725
5726
5737
5741
5745
5749
5754
5761
5762
5774
5777
5798
5807
5809
5813
5821
5822
5825
5826
5833
5842
5851
5857
5866
5869
5874
5877
5885
5886
5898
5910
5926
5930
5933
5934
5941
5946
5949
5954
5966
5970
5982
5989
5993
5994
5997
5998
6001
6003
6033
6035
6046
6049
6050
6054
6058
6061
6066
6074
6078
6082
6089
6090
6117
6126
6129
6137
6142
6157
6158
6166
6169
6182
6185
6193
6202
6205
6206
6222
6237
6242
6247
6249
6257
6261
6266
6273
6274
6277
6281
6293
6297
6298
6302
6305
6310
6317
6321
6329
6342
6365
6370
6389
6401
6405
6413
6414
6427
6431
6434
6435
6437
6443
6454
6455
6458
6459
6462
6466
6467
6470
6474
6475
6482
6485
6497
6502
6505
6507
6517
6521
6523
6526
6534
6538
6541
6542
6548
6549
6550
6554
6561
6565
6574
6589
6591
6593
6601
6603
6605
6618
6625
6629
6637
6650
6657
6662
6673
6674
6677
6678
6685
6716
6718
6722
6725
6729
6733
6746
6773
6775
6782
6802
6811
6813
6818
6821
6830
6833
6834
6842
6850
6853
6873
6874
6881
6882
6885
6893
6894
6902
6906
6910
6921
6926
6933
6934
6953
6954
6958
6965
6977
6978
6981
6986
6989
6998
7001
7013
7025
7057
7058
7065
7077
7079
7082
7085
7089
7094
7097
7105
7106
7113
7114
7118
7121
7126
7130
7133
7149
7158
7161
7162
7170
7178
7182
7185
7186
7193
7194
7197
7201
7202
7209
7217
7218
7226
7246
7249
7250
7253
7261
7265
7269
7274
7277
7282
7321
7334
7337
7338
7341
7349
7353
7358
7381
7382
7385
7393
7401
7402
7405
7406
7413
7414
7421
7422
7429
7430
7433
7434
7439
7445
7447
7455
7458
7459
7465
7471
7474
7475
7478
7489
7490
7494
7497
7501
7502
7507
7510
7513
7515
7517
7519
7523
7538
7543
7545
7546
7551
7559
7569
7579
7591
7593
7597
7601
7605
7607
7612
7613
7614
7626
7627
7641
7645
7653
7655
7658
7659
7662
7663
7670
7673
7678
7682
7686
7689
7690
7702
7706
7721
7725
7726
7729
7733
7737
7738
7747
7757
7761
7770
7774
7778
7783
7787
7794
7802
7806
7818
7821
7822
7825
7826
7841
7849
7850
7854
7869
7870
7889
7893
7898
7906
7926
7938
7942
7946
7949
7950
7953
7969
7973
7982
7989
7994
7998
8001
8006
8017
8018
8025
8029
8030
8037
8042
8050
8058
8074
8078
8085
8086
8097
8098
8102
8105
8106
8107
8129
8130
8134
8138
8146
8149
8150
8157
8158
8170
8190
8197
8201
8210
8225
8226
8229
8234
8250
8273
8282
8286
8289
8297
8306
8310
8318
8326
8329
8338
8350
8358
8366
8378
8381
8389
8390
8397
8398
8405
8410
8414
8422
8425
8430
8433
8441
8461
8465
8479
8490
8493
8502
8503
8510
8514
8517
8518
8521
8529
8534
8545
8553
8557
8559
8561
8569
8579
8582
8593
8597
8606
8609
8611
8619
8621
8622
8625
8633
8634
8638
8641
8654
8657
8659
8661
8671
8675
8677
8679
8683
8693
8703
8705
8706
8709
8729
8730
8737
8738
8745
8750
8753
8757
8761
8765
8769
8786
8789
8790
8794
8797
8798
8801
8802
8805
8818
8821
8823
8830
8833
8841
8853
8854
8865
8869
8874
8877
8878
8885
8886
8897
8909
8918
8930
8937
8942
8952
8953
8954
8961
8962
8970
8973
8974
8985
8993
8998
9005
9009
9014
9021
9029
9033
9041
9042
9053
9058
9062
9066
9067
9069
9070
9078
9086
9094
9098
9102
9109
9125
9130
9134
9135
9137
9149
9173
9189
9198
9201
9205
9209
9213
9214
9217
9221
9222
9226
9254
9257
9262
9265
9269
9270
9278
9281
9294
9309
9310
9313
9314
9329
9345
9346
9353
9365
9369
9373
9374
9383
9385
9397
9401
9409
9413
9414
9430
9433
9434
9437
9438
9466
9474
9475
9499
9505
9521
9525
9526
9527
9533
9537
9547
9550
9553
9554
9559
9562
9570
9575
9578
9583
9585
9590
9591
9597
9601
9607
9610
9614
9617
9621
9623
9626
9627
9634
9637
9638
9646
9647
9653
9654
9657
9662
9670
9671
9673
9675
9679
9685
9687
9691
9698
9702
9705
9709
9710
9711
9714
9722
9726
9733
9734
9749
9765
9766
9769
9774
9790
9791
9797
9798
9802
9809
9821
9822
9824
9827
9833
9837
9845
9846
9850
9853
9858
9862
9866
9874
9878
9883
9906
9909
9913
9914
9925
9933
9941
9942
9946
9949
9953
9969
9978
9989
9990
9993
9994
10002
10005
10017
10029
10033
10034
10058
10061
10074
10078
10081
10083
10085
10086
10090
10093
10097
10098
10110
10113
10125
10134
10138
10141
10142
10146
10155
10161
10165
10170
10179
10182
10185
10186
10194
10197
10198
10210
10214
10217
10229
10237
10246
10249
10251
10253
10263
10265
10270
10273
10277
10289
10290
10294
10301
10309
10310
10321
10326
10329
10341
10342
10346
10349
10362
10369
10373
10382
10389
10398
10401
10418
10422
10434
10435
10442
10446
10454
10462
10474
10477
10482
10490
10502
10517
10522
10523
10525
10526
10529
10530
10531
10537
10539
10541
10543
10547
10557
10558
10565
10566
10567
10570
10574
10583
10591
10597
10598
10602
10614
10615
10622
10629
10633
10637
10639
10641
10642
10645
10646
10647
10649
10650
10659
10666
10673
10674
10677
10678
10693
10698
10702
10703
10713
10723
10725
10727
10730
10739
10750
10755
10757
10762
10766
10773
10774
10777
10781
10782
10809
10825
10830
10838
10843
10845
10853
10865
10869
10874
10885
10889
10890
10893
10898
10901
10905
10910
10913
10914
10918
10921
10922
10934
10945
10949
10953
10957
10966
10969
10997
11002
11006
11009
11013
11022
11025
11029
11038
11041
11047
11058
11061
11070
11078
11082
11090
11094
11098
11101
11105
11107
11113
11117
11122
11125
11129
11133
11142
11150
11151
11165
11178
11185
11197
11201
11209
11214
11218
11221
11225
11229
11230
11233
11234
11237
11241
11242
11246
11261
11262
11274
11277
11282
11297
11298
11302
11321
11322
11325
11326
11333
11334
11338
11345
11350
11361
11369
11374
11382
11406
11413
11422
11426
11429
11438
11441
11442
11445
11457
11458
11461
11462
11465
11474
11478
11493
11498
11501
11502
11525
11526
11527
11537
11541
11542
11543
11545
11547
11551
11555
11558
11562
11565
11573
11576
11581
11589
11593
11594
11599
11602
11606
11609
11613
11615
11617
11621
11622
11638
11643
11665
11673
11675
11679
11681
11685
11691
11707
11713
11722
11726
11731
11743
11745
11746
11750
11755
11762
11769
11770
11774
11775
11777
11782
11786
11793
11806
11813
11817
11821
11826
11829
11837
11841
11842
11850
11854
11858
11862
11865
11873
11877
11882
11885
11895
11897
11902
11911
11942
11949
11950
11961
11985
11990
11993
11997
12006
12009
12010
12018
12021
12022
12025
12029
12041
12042
12046
12049
12051
12057
12061
12074
12078
12086
12089
12093
12102
12105
12107
12118
12121
12126
12127
12129
12138
12141
12146
12150
12153
12158
12162
12165
12166
12169
12170
12182
12189
12197
12201
12214
12217
12221
12230
12233
12234
12238
12249
12257
12261
12262
12267
12273
12278
12281
12302
12306
12326
12333
12334
12349
12357
12361
12365
12366
12374
12378
12386
12394
12397
12405
12406
12410
12413
12418
12421
12425
12442
12446
12453
12458
12465
12466
12469
12470
12477
12485
12486
12498
12502
12505
12521
12522
12534
12542
12545
12547
12550
12557
12558
12561
12565
12570
12571
12577
12578
12581
12583
12586
12589
12593
12594
12598
12599
12601
12616
12618
12627
12630
12638
12646
12650
12663
12667
12675
12681
12682
12694
12695
12699
12721
12727
12731
12734
12737
12746
12750
12755
12762
12774
12778
12782
12785
12789
12794
12818
12829
12830
12838
12841
12842
12845
12850
12857
12861
12862
12865
12882
12891
12893
12901
12902
12905
12910
12918
12929
12938
12941
12942
12950
12954
12961
12962
12969
12974
12981
12993
12997
13006
13013
13017
13033
13038
13042
13043
13045
13050
13053
13057
13062
13065
13067
13069
13070
13074
13089
13098
13102
13106
13114
13118
13122
13125
13145
13161
13169
13170
13174
13181
13186
13190
13197
13198
13209
13210
13222
13233
13237
13249
13262
13270
13281
13285
13290
13294
13298
13307
13313
13322
13330
13338
13341
13346
13353
13354
13357
13361
13366
13373
13374
13377
13378
13381
13389
13401
13406
13413
13421
13430
13433
13437
13442
13457
13458
13461
13481
13501
13509
13510
13533
13537
13542
13545
13550
13554
13558
13571
13577
13578
13582
13589
13599
13601
13605
13609
13613
13615
13625
13629
13634
13635
13643
13655
13658
13661
13669
13673
13674
13678
13682
13683
13689
13690
13705
13707
13709
13710
13714
13717
13733
13737
13743
13746
13751
13753
13761
13765
13778
13779
13781
13782
13783
13785
13787
13791
13793
13794
13801
13802
13807
13810
13813
13819
13824
13825
13827
13837
13841
13845
13849
13858
13865
13866
13869
13877
13885
13889
13894
13902
13916
13922
13934
13937
13938
13941
13946
13953
13958
13977
13982
13986
13989
13993
14001
14009
14013
14018
14021
14022
14038
14039
14042
14049
14058
14062
14065
14090
14098
14102
14113
14114
14117
14121
14122
14129
14130
14137
14138
14141
14145
14146
14150
14157
14166
14170
14193
14197
14198
14206
14210
14218
14233
14235
14238
14250
14253
14254
14257
14262
14266
14269
14273
14285
14286
14290
14298
14302
14310
14318
14325
14334
14337
14345
14351
14353
14365
14373
14382
14386
14394
14397
14401
14413
14422
14426
14429
14430
14438
14441
14442
14446
14458
14462
14482
14490
14494
14506
14521
14522
14526
14541
14549
14558
14569
14570
14578
14581
14589
14598
14601
14603
14605
14606
14610
14613
14617
14621
14622
14623
14626
14630
14631
14642
14643
14645
14647
14649
14654
14655
14661
14665
14667
14682
14686
14687
14691
14697
14699
14709
14714
14715
14717
14721
14729
14730
14731
14738
14739
14741
14742
14745
14747
14750
14751
14765
14774
14778
14783
14791
14795
14799
14802
14813
14833
14835
14842
14845
14853
14854
14857
14858
14866
14869
14874
14877
14881
14882
14886
14893
14898
14902
14921
14926
14934
14938
14939
14941
14942
14945
14953
14957
14958
14970
14973
14978
14983
14985
14989
14994
15006
15010
15013
15015
15021
15026
15038
15041
15042
15045
15047
15063
15070
15086
15093
15102
15105
15129
15130
15134
15137
15145
15165
15170
15177
15201
15210
15214
15218
15222
15226
15230
15238
15250
15262
15266
15273
15274
15285
15286
15309
15310
15313
15322
15325
15334
15337
15341
15346
15349
15353
15361
15369
15370
15377
15389
15393
15398
15406
15410
15414
15417
15422
15430
15434
15437
15441
15450
15453
15458
15469
15486
15489
15491
15501
15502
15509
15510
15521
15529
15533
15542
15545
15546
15554
15559
15561
15565
15574
15578
15585
15594
15602
15605
15613
15617
15622
15623
15630
15633
15637
15638
15639
15642
15646
15647
15649
15651
15661
15666
15667
15671
15674
15678
15682
15683
15685
15693
15694
15695
15698
15703
15713
15715
15717
15719
15722
15725
15726
15738
15739
15751
15753
15757
15758
15773
15777
15781
15791
15793
15794
15803
15810
15811
15815
15818
15820
15828
15829
15837
15843
15849
15850
15851
15857
15859
15861
15862
15863
15869
15874
15877
15878
15882
15886
15902
15905
15914
15917
15923
15929
15938
15941
15945
15954
15957
15958
15962
15973
15975
15981
15982
15985
15998
16006
16025
16030
16033
16034
16038
16046
16049
16057
16065
16069
16075
16077
16082
16086
16090
16093
16097
16101
16106
16108
16109
16113
16114
16125
16126
16129
16134
16137
16138
16150
16153
16154
16162
16169
16174
16178
16181
16185
16189
16197
16209
16229
16238
16241
16242
16250
16254
16258
16261
16265
16270
16290
16294
16302
16309
16314
16321
16341
16349
16357
16361
16366
16369
16378
16385
16393
16402
16405
16418
16429
16430
16438
16449
16453
16457
16462
16470
16474
16486
16489
16490
16494
16505
16519
16522
16526
16546
16553
16557
16562
16569
16573
16581
16582
16585
16598
16601
16602
16610
16618
16630
16633
16651
16653
16663
16680
16689
16699
16701
16702
16718
16722
16726
16727
16733
16734
16737
16743
16755
16775
16777
16782
16789
16791
16800
16805
16810
16813
16818
16831
16835
16841
16843
16849
16851
16858
16859
16865
16881
16882
16889
16890
16893
16902
16910
16911
16913
16922
16934
16937
16938
16939
16954
16957
16958
16966
16973
16974
16982
16984
16989
16999
17007
17009
17013
17021
17022
17033
17045
17083
17102
17105
17117
17125
17126
17138
17142
17154
17157
17158
17161
17166
17181
17205
17206
17209
17210
17218
17229
17230
17234
17242
17245
17249
17253
17262
17270
17286
17293
17301
17302
17306
17317
17322
17325
17330
17349
17358
17385
17390
17394
17395
17397
17398
17401
17402
17413
17421
17425
17441
17450
17453
17454
17462
17469
17470
17471
17477
17481
17485
17489
17498
17505
17517
17534
17542
17554
17566
17569
17573
17581
17582
17585
17593
17598
17609
17613
17621
17625
17634
17645
17649
17650
17653
17654
17670
17674
17675
17679
17683
17691
17695
17699
17701
17702
17703
17706
17718
17719
17726
17731
17738
17751
17757
17759
17766
17778
17783
17785
17797
17799
17813
17817
17822
17823
17830
17833
17834
17835
17838
17841
17845
17849
17850
17867
17874
17878
17886
17889
17903
17906
17909
17910
17918
17921
17922
17934
17941
17942
17945
17946
17947
17949
17950
17953
17957
17961
17963
17974
17981
17986
17993
17994
17997
17998
18002
18009
18010
18014
18017
18030
18038
18041
18046
18061
18062
18070
18074
18078
18085
18097
18118
18121
18122
18129
18133
18134
18136
18141
18142
18145
18151
18153
18154
18157
18170
18177
18179
18182
18190
18201
18210
18213
18214
18242
18250
18253
18257
18270
18273
18281
18289
18297
18309
18310
18314
18326
18333
18337
18346
18367
18374
18385
18386
18389
18397
18398
18405
18418
18425
18429
18433
18441
18442
18446
18450
18458
18462
18473
18482
18498
18501
18505
18506
18513
18537
18538
18542
18545
18550
18585
18602
18609
18610
18613
18614
18621
18622
18625
18630
18642
18650
18653
18658
18670
18690
18695
18701
18707
18709
18713
18717
18727
18729
18733
18737
18742
18749
18750
18754
18755
18762
18766
18767
18770
18773
18774
18781
18791
18811
18829
18830
18834
18842
18845
18847
18850
18859
18865
18867
18873
18877
18879
18886
18890
18894
18897
18898
18902
18918
18925
18930
18941
18949
18953
18954
18957
18966
18970
18977
18978
18990
18998
19001
19005
19013
19014
19018
19021
19025
19033
19037
19042
19045
19049
19050
19073
19081
19082
19086
19087
19089
19090
19094
19102
19118
19122
19125
19130
19141
19142
19146
19153
19158
19165
19169
19173
19188
19194
19197
19201
19206
19217
19225
19226
19229
19238
19254
19266
19269
19274
19277
19281
19282
19285
19289
19293
19294
19298
19309
19310
19322
19325
19329
19330
19345
19346
19357
19370
19374
19378
19386
19393
19394
19401
19405
19413
19417
19421
19422
19426
19433
19438
19442
19446
19450
19457
19458
19462
19465
19469
19473
19486
19489
19498
19501
19526
19534
19542
19546
19550
19554
19558
19562
19565
19575
19577
19594
19597
19598
19602
19606
19609
19617
19621
19626
19629
19641
19650
19657
19673
19686
19689
19697
19710
19718
19721
19722
19725
19726
19733
19734
19738
19745
19746
19748
19758
19761
19765
19766
19777
19779
19781
19794
19798
19801
19805
19811
19814
19821
19822
19829
19835
19838
19855
19857
19859
19863
19866
19873
19880
19881
19882
19883
19889
19897
19901
19903
19907
19914
19921
19926
19927
19933
19934
19942
19951
19955
19969
19977
19982
19985
19990
19998
20001
20010
20018
20025
20045
20050
20054
20057
20062
20067
20081
20082
20085
20093
20107
20114
20118
20141
20142
20145
20151
20158
20161
20166
20174
20185
20193
20194
20210
20217
20218
20222
20227
20233
20234
20237
20241
20249
20257
20258
20261
20269
20274
20278
20281
20282
20286
20301
20306
20309
20310
20322
20333
20337
20341
20345
20346
20357
20365
20370
20378
20382
20385
20393
20399
20401
20410
20413
20414
20418
20421
20427
20429
20433
20437
20438
20446
20454
20461
20469
20482
20497
20522
20529
20530
20533
20545
20546
20550
20553
20558
20561
20562
20573
20590
20594
20618
20621
20622
20641
20646
20654
20657
20658
20669
20690
20697
20701
20705
20713
20717
20730
20738
20746
20754
20757
20758
20773
20781
20783
20786
20790
20791
20793
20801
20802
20807
20809
20819
20826
20834
20850
20857
20858
20862
20877
20882
20883
20890
20898
20902
20905
20906
20910
20914
20927
20933
20945
20953
20957
20966
20969
20970
20977
20979
21005
21017
21025
21029
21037
21041
21042
21045
21050
21053
21057
21085
21087
21090
21093
21101
21106
21113
21117
21121
21130
21133
21146
21161
21162
21165
21167
21170
21173
21178
21189
21193
21202
21209
21214
21225
21229
21234
21237
21242
21245
21277
21281
21282
21298
21302
21305
21314
21318
21326
21329
21330
21346
21349
21354
21358
21362
21366
21370
21385
21394
21397
21403
21406
21417
21418
21430
21437
21438
21441
21445
21449
21457
21482
21490
21491
21497
21498
21501
21502
21505
21514
21521
21522
21526
21542
21550
21557
21561
21566
21570
21574
21593
21613
21621
21622
21629
21630
21646
21650
21654
21661
21662
21665
21669
21670
21674
21682
21685
21689
21693
21698
21710
21725
21734
21737
21753
21754
21762
21766
21767
21773
21777
21783
21789
21790
21794
21801
21807
21810
21817
21821
21827
21830
21833
21838
21840
21845
21846
21847
21849
21865
21871
21875
21893
21898
21905
21906
21915
21917
21935
21936
21941
21943
21945
21951
21953
21956
21957
21959
21965
21967
21975
21977
21994
22002
22005
22009
22014
22018
22023
22025
22033
22034
22038
22050
22051
22054
22062
22069
22078
22081
22089
22099
22105
22117
22130
22138
22144
22145
22149
22150
22153
22161
22165
22173
22174
22198
22202
22206
22213
22214
22217
22231
22235
22242
22250
22254
22257
22265
22266
22274
22285
22293
22305
22313
22318
22322
22326
22342
22345
22353
22361
22362
22370
22381
22386
22389
22401
22413
22418
22422
22430
22433
22434
22437
22445
22450
22454
22458
22459
22461
22465
22466
22473
22477
22479
22486
22497
22506
22509
22510
22523
22542
22551
22553
22566
22573
22574
22578
22586
22601
22602
22614
22622
22625
22626
22629
22630
22633
22634
22650
22654
22662
22665
22669
22678
22694
22697
22698
22701
22709
22713
22721
22729
22730
22734
22737
22741
22742
22745
22750
22754
22757
22761
22769
22770
22773
22791
22795
22809
22813
22814
22817
22818
22829
22833
22834
22841
22843
22851
22854
22855
22857
22858
22863
22867
22874
22877
22879
22885
22890
22898
22899
22901
22909
22915
22923
22927
22930
22935
22941
22950
22951
22961
22962
22967
22977
22979
22993
22997
23002
23003
23005
23010
23013
23014
23019
23022
23034
23042
23046
23050
23057
23061
23082
23102
23113
23117
23118
23121
23130
23133
23146
23150
23153
23154
23165
23166
23181
23185
23186
23189
23190
23209
23217
23218
23238
23241
23245
23246
23261
23262
23263
23265
23269
23274
23285
23290
23293
23301
23310
23313
23333
23338
23341
23362
23366
23381
23389
23394
23397
23401
23402
23409
23414
23430
23434
23438
23439
23441
23445
23446
23454
23469
23473
23478
23482
23490
23506
23509
23510
23525
23529
23537
23541
23542
23545
23546
23550
23558
23570
23581
23605
23606
23618
23625
23638
23661
23662
23666
23673
23674
23686
23693
23698
23702
23706
23714
23721
23722
23729
23730
23734
23738
23746
23750
23751
23762
23771
23773
23774
23777
23781
23786
23790
23793
23797
23801
23802
23809
23817
23818
23825
23826
23829
23834
23835
23837
23846
23847
23849
23853
23873
23874
23877
23879
23883
23885
23889
23895
23906
23909
23918
23925
23933
23938
23941
23946
23958
23965
23970
23973
23975
23986
23990
23997
23998
24001
24002
24003
24005
24006
24011
24014
24017
24018
24025
24029
24037
24041
24045
24046
24057
24058
24062
24070
24077
24082
24083
24089
24093
24097
24102
24105
24109
24114
24117
24121
24125
24126
24129
24130
24131
24134
24138
24147
24155
24157
24158
24162
24165
24166
24169
24173
24174
24177
24189
24193
24198
24200
24202
24205
24210
24226
24230
24233
24234
24237
24245
24250
24254
24257
24262
24269
24270
24297
24298
24310
24311
24326
24345
24349
24351
24357
24358
24369
24391
24393
24397
24401
24405
24409
24410
24413
24422
24425
24434
24437
24447
24453
24458
24461
24465
24473
24474
24478
24485
24491
24494
24499
24509
24513
24518
24521
24525
24539
24541
24545
24551
24553
24559
24562
24569
24573
24581
24586
24594
24598
24602
24607
24618
24630
24641
24642
24654
24662
24689
24690
24693
24697
24702
24705
24717
24718
24721
24722
24745
24746
24750
24778
24782
24797
24798
24801
24805
24817
24821
24826
24837
24846
24850
24851
24854
24857
24862
24869
24877
24879
24882
24883
24886
24898
24899
24901
24902
24905
24907
24914
24915
24917
24921
24925
24929
24941
24949
24951
24961
24965
24969
24970
24973
24975
24979
24982
24983
24986
24987
24990
24991
24994
25001
25005
25011
25013
25024
25025
25027
25031
25033
25041
25043
25046
25053
25054
25055
25057
25059
25071
25075
25077
25078
25082
25101
25105
25113
25114
25117
25122
25129
25130
25134
25138
25146
25161
25167
25169
25170
25173
25177
25182
25190
25193
25198
25209
25217
25225
25234
25249
25250
25253
25254
25257
25258
25267
25273
25275
25278
25283
25285
25289
25294
25311
25321
25329
25337
25349
25353
25366
25369
25373
25377
25385
25393
25398
25410
25422
25425
25429
25430
25434
25437
25442
25454
25457
25466
25482
25490
25509
25513
25529
25535
25538
25545
25549
25553
25557
25562
25573
25574
25581
25594
25597
25598
25606
25625
25626
25630
25634
25650
25659
25670
25678
25691
25693
25705
25750
25757
25769
25782
25785
25793
25797
25801
25809
25810
25813
25829
25842
25857
25861
25869
25877
25883
25886
25889
25895
25897
25898
25901
25903
25906
25909
25910
25914
25917
25926
25931
25933
25955
25966
25973
25977
25983
25986
25998
26002
26005
26010
26013
26030
26037
26038
26039
26041
26042
26053
26054
26058
26059
26061
26063
26067
26069
26070
26071
26077
26078
26079
26094
26098
26109
26114
26118
26130
26157
26162
26177
26197
26198
26201
26215
26218
26221
26245
26253
26254
26257
26258
26274
26277
26278
26282
26285
26298
26301
26319
26322
26325
26329
26333
26345
26354
26362
26366
26374
26375
26378
26381
26386
26389
26393
26394
26401
26406
26411
26430
26438
26453
26462
26465
26474
26477
26481
26486
26497
26498
26502
26506
26510
26514
26517
26518
26519
26525
26529
26542
26546
26558
26569
26570
26573
26577
26581
26582
26591
26609
26614
26618
26629
26630
26634
26638
26641
26649
26650
26658
26666
26670
26674
26681
26710
26713
26714
26721
26722
26723
26734
26737
26738
26742
26749
26765
26769
26771
26774
26782
26785
26797
26798
26809
26818
26825
26834
26841
26845
26853
26866
26882
26885
26887
26893
26894
26906
26913
26914
26927
26930
26939
26945
26947
26950
26959
26962
26969
26970
26973
26975
26986
26987
26988
26994
26998
26999
27007
27011
27018
27023
27027
27030
27033
27054
27055
27059
27061
27066
27078
27079
27083
27087
27098
27101
27106
27114
27117
27130
27131
27134
27141
27146
27147
27153
27157
27165
27169
27173
27174
27178
27209
27219
27222
27226
27234
27235
27237
27241
27245
27250
27251
27253
27254
27257
27262
27265
27273
27274
27278
27298
27305
27309
27317
27318
27322
27326
27333
27337
27341
27343
27345
27346
27358
27365
27373
27378
27389
27397
27409
27417
27423
27429
27435
27437
27442
27445
27453
27465
27469
27470
27474
27485
27489
27491
27494
27501
27505
27510
27515
27529
27537
27542
27562
27574
27586
27590
27594
27609
27613
27625
27626
27629
27630
27661
27669
27682
27685
27686
27701
27709
27710
27717
27729
27738
27758
27766
27771
27774
27781
27786
27789
27797
27798
27801
27802
27806
27818
27830
27834
27838
27850
27853
27854
27862
27865
27878
27881
27890
27893
27894
27898
27902
27905
27909
27910
27913
27923
27930
27937
27946
27952
27957
27958
27962
27965
27981
27983
27991
27995
27999
28002
28007
28015
28018
28021
28026
28033
28037
28039
28041
28049
28053
28058
28059
28065
28077
28078
28081
28087
28094
28095
28109
28115
28117
28130
28133
28134
28155
28158
28170
28181
28183
28193
28197
28230
28237
28241
28242
28254
28262
28267
28269
28278
28285
28294
28302
28314
28317
28318
28322
28326
28334
28341
28357
28366
28369
28377
28382
28385
28397
28398
28401
28403
28406
28409
28413
28414
28433
28442
28446
28447
28449
28462
28470
28474
28481
28489
28490
28497
28498
28505
28518
28533
28538
28546
28549
28551
28554
28561
28586
28593
28598
28601
28609
28613
28621
28629
28642
28646
28650
28658
28662
28669
28670
28685
28689
28694
28702
28709
28713
28717
28718
28721
28737
28749
28757
28761
28762
28770
28773
28778
28781
28782
28785
28790
28797
28798
28802
28806
28809
28817
28818
28825
28826
28838
28845
28862
28866
28869
28877
28878
28886
28887
28898
28902
28906
28910
28913
28929
28930
28933
28934
28938
28939
28945
28947
28957
28965
28973
28974
28981
28983
28987
28994
28995
29003
29005
29006
29009
29013
29017
29026
29030
29031
29038
29042
29043
29045
29047
29049
29062
29071
29074
29087
29096
29117
29118
29129
29133
29137
29143
29151
29153
29157
29159
29173
29175
29177
29178
29189
29194
29198
29217
29219
29233
29234
29237
29238
29245
29252
29253
29254
29273
29274
29277
29282
29284
29285
29286
29289
29290
29297
29298
29306
29318
29331
29333
29338
29341
29342
29358
29369
29370
29373
29377
29378
29389
29394
29410
29421
29430
29438
29445
29449
29453
29465
29466
29469
29481
29482
29485
29490
29497
29501
29505
29518
29525
29542
29545
29546
29554
29557
29562
29565
29566
29569
29581
29586
29590
29597
29598
29609
29625
29634
29637
29638
29642
29645
29653
29654
29665
29674
29677
29682
29683
29685
29686
29701
29709
29722
29733
29734
29737
29742
29746
29766
29789
29790
29793
29794
29795
29801
29802
29810
29818
29821
29822
29837
29838
29845
29846
29849
29866
29870
29873
29877
29881
29886
29893
29894
29898
29901
29905
29906
29910
29917
29921
29922
29926
29930
29937
29945
29950
29970
29971
29973
29979
29981
29983
29985
29989
29990
29993
29995
29997
29998
30002
30007
30015
30018
30022
30030
30035
30037
30041
30042
30051
30061
30065
30066
30073
30074
30075
30077
30086
30089
30094
30096
30098
30107
30108
30121
30134
30142
30147
30149
30153
30160
30161
30169
30170
30186
30195
30198
30201
30205
30209
30210
30214
30234
30241
30242
30245
30250
30259
30265
30269
30270
30277
30290
30307
30309
30311
30314
30321
30322
30326
30330
30341
30354
30358
30360
30361
30369
30370
30377
30386
30397
30413
30422
30430
30434
30442
30445
30446
30453
30477
30481
30482
30493
30494
30505
30509
30521
30525
30530
30537
30545
30546
30550
30553
30554
30558
30577
30578
30585
30586
30602
30605
30613
30614
30626
30641
30642
30646
30650
30653
30662
30666
30670
30674
30681
30682
30689
30697
30698
30709
30717
30718
30725
30726
30729
30733
30734
30741
30761
30765
30773
30777
30782
30786
30787
30790
30801
30802
30813
30814
30818
30821
30825
30829
30846
30853
30862
30882
30889
30905
30926
30929
30933
30942
30946
30949
30953
30957
30958
30962
30966
30969
30970
30977
30986
30991
30997
30999
31023
31030
31046
31047
31053
31054
31055
31057
31062
31065
31066
31077
31086
31091
31094
31099
31102
31106
31110
31116
31117
31125
31135
31142
31147
31162
31163
31166
31177
31179
31181
31183
31186
31197
31206
31214
31221
31225
31226
31231
31232
31237
31238
31246
31256
31258
31265
31271
31281
31282
31285
31298
31302
31311
31315
31323
31337
31341
31342
31345
31353
31359
31365
31378
31385
31389
31401
31405
31406
31417
31422
31434
31441
31445
31453
31454
31455
31458
31461
31462
31469
31470
31474
31486
31490
31494
31498
31507
31510
31521
31529
31542
31550
31566
31570
31577
31586
31594
31609
31613
31614
31617
31618
31629
31633
31642
31649
31653
31657
31673
31674
31681
31685
31686
31698
31713
31714
31717
31725
31726
31729
31730
31733
31738
31741
31754
31777
31778
31794
31802
31814
31817
31818
31821
31825
31826
31833
31850
31854
31857
31858
31870
31873
31878
31890
31910
31914
31917
31918
31922
31933
31941
31942
31945
31950
31965
31982
32001
32006
32014
32015
32021
32029
32049
32057
32067
32075
32082
32085
32090
32097
32099
32105
32106
32111
32117
32126
32127
32130
32137
32142
32143
32161
32162
32169
32183
32185
32193
32206
32209
32213
32217
32221
32233
32242
32246
32249
32253
32258
32263
32281
32282
32286
32293
32297
32301
32305
32310
32318
32322
32329
32333
32335
32339
32341
32346
32349
32353
32358
32361
32370
32374
32382
32386
32393
32401
32405
32418
32421
32430
32434
32439
32441
32450
32453
32454
32462
32470
32473
32486
32489
32493
32497
32501
32503
32506
32509
32513
32518
32527
32529
32530
32538
32551
32557
32558
32566
32577
32598
32601
32603
32609
32617
32618
32622
32625
32626
32629
32630
32641
32649
32653
32655
32658
32669
32670
32673
32681
32685
32702
32710
32718
32725
32726
32729
32730
32735
32741
32750
32754
32777
32790
32793
32794
32797
32798
32805
32806
32822
32826
32829
32834
32845
32867
32869
32870
32877
32878
32882
32886
32893
32899
32902
32913
32917
32921
32925
32926
32933
32935
32937
32941
32942
32946
32957
32973
32990
33002
33006
33014
33017
33018
33026
33030
33041
33043
33062
33063
33065
33067
33070
33075
33078
33079
33087
33089
33101
33102
33107
33118
33125
33130
33147
33149
33151
33155
33163
33166
33171
33174
33179
33181
33183
33202
33205
33207
33210
33214
33215
33217
33222
33226
33229
33234
33235
33241
33242
33245
33250
33259
33262
33270
33272
33277
33279
33285
33289
33301
33322
33341
33342
33355
33366
33369
33373
33381
33382
33389
33393
33397
33398
33402
33403
33405
33406
33409
33421
33422
33425
33442
33454
33459
33462
33466
33469
33470
33475
33477
33481
33495
33502
33525
33533
33558
33574
33581
33590
33598
33605
33610
33619
33621
33622
33629
33633
33638
33639
33642
33665
33677
33685
33687
33690
33697
33702
33730
33734
33737
33746
33754
33758
33761
33769
33773
33777
33778
33782
33798
33806
33813
33817
33830
33833
33838
33849
33853
33854
33858
33861
33862
33874
33877
33882
33885
33893
33894
33922
33925
33930
33942
33949
33958
33970
33978
33981
33982
33986
33989
34005
34014
34018
34019
34029
34030
34033
34037
34042
34043
34046
34049
34058
34061
34066
34067
34070
34077
34081
34105
34109
34121
34132
34137
34138
34141
34154
34157
34162
34165
34170
34181
34187
34189
34191
34194
34201
34202
34206
34215
34231
34239
34242
34254
34262
34267
34269
34271
34281
34291
34293
34297
34298
34309
34322
34346
34349
34362
34366
34369
34370
34374
34377
34378
34385
34386
34393
34394
34402
34405
34406
34409
34411
34413
34421
34422
34425
34426
34435
34442
34450
34454
34467
34473
34497
34507
34510
34518
34521
34524
34525
34526
34533
34534
34543
34549
34550
34561
34565
34586
34593
34598
34601
34617
34634
34637
34645
34646
34650
34657
34661
34665
34673
34682
34686
34693
34697
34718
34725
34734
34749
34750
34757
34766
34775
34794
34797
34801
34805
34813
34818
34822
34830
34838
34841
34846
34849
34857
34861
34863
34866
34877
34882
34886
34889
34909
34914
34917
34918
34921
34922
34930
34937
34938
34945
34950
34957
34962
34966
34974
34994
34997
35001
35003
35010
35018
35021
35030
35041
35053
35054
35057
35065
35066
35074
35083
35085
35087
35090
35093
35095
35101
35109
35121
35122
35133
35146
35149
35150
35163
35179
35185
35186
35198
35203
35206
35211
35215
35217
35222
35229
35233
35242
35253
35255
35263
35267
35289
35291
35293
35318
35325
35330
35335
35337
35341
35345
35349
35350
35353
35362
35365
35366
35369
35370
35371
35373
35374
35389
35393
35394
35409
35419
35437
35441
35446
35449
35453
35461
35462
35470
35475
35481
35482
35489
35490
35493
35495
35503
35517
35521
35522
35541
35542
35545
35548
35550
35557
35562
35563
35566
35577
35582
35590
35599
35602
35613
35614
35618
35621
35629
35633
35646
35665
35673
35689
35713
35718
35725
35734
35738
35745
35753
35755
35758
35762
35774
35782
35794
35813
35817
35818
35838
35846
35850
35862
35873
35885
35886
35889
35897
35901
35910
35925
35945
35946
35950
35953
35962
35981
35990
36002
36005
36009
36017
36021
36026
36030
36034
36049
36058
36062
36073
36077
36078
36090
36093
36095
36109
36122
36126
36130
36131
36134
36137
36143
36145
36146
36151
36157
36167
36168
36178
36189
36217
36221
36222
36225
36233
36234
36238
36251
36253
36254
36255
36258
36267
36270
36274
36278
36293
36299
36302
36303
36306
36313
36316
36318
36319
36325
36337
36343
36353
36357
36361
36366
36370
36374
36381
36382
36397
36398
36402
36425
36429
36434
36435
36441
36443
36445
36447
36450
36458
36462
36467
36477
36478
36497
36501
36505
36509
36514
36526
36533
36537
36541
36542
36545
36546
36554
36558
36562
36565
36566
36597
36602
36605
36621
36646
36649
36657
36670
36682
36693
36694
36698
36706
36713
36714
36718
36729
36738
36747
36749
36753
36757
36769
36781
36797
36802
36805
36813
36826
36829
36833
36849
36854
36857
36866
36881
36882
36885
36894
36897
36902
36906
36909
36969
36973
36977
36982
36994
36999
37002
37009
37018
37022
37033
37041
37053
37054
37057
37058
37065
37069
37082
37085
37098
37101
37106
37109
37110
37113
37114
37117
37118
37127
37133
37135
37137
37145
37150
37157
37158
37161
37165
37166
37175
37179
37182
37191
37201
37203
37205
37207
37210
37214
37215
37225
37230
37231
37238
37249
37254
37255
37261
37262
37263
37266
37281
37282
37291
37294
37297
37301
37302
37310
37314
37318
37330
37334
37338
37341
37342
37343
37346
37357
37362
37366
37369
37377
37393
37399
37401
37402
37409
37410
37418
37426
37430
37435
37442
37445
37447
37458
37474
37494
37498
37518
37526
37533
37546
37547
37550
37557
37563
37565
37566
37573
37574
37581
37591
37594
37595
37598
37601
37605
37606
37618
37621
37629
37630
37634
37637
37638
37653
37658
37662
37677
37678
37681
37683
37686
37689
37691
37701
37702
37710
37713
37722
37725
37729
37749
37754
37761
37765
37797
37801
37802
37803
37806
37809
37822
37834
37837
37841
37850
37853
37861
37862
37871
37886
37898
37901
37907
37913
37921
37925
37931
37945
37946
37949
37958
37966
37970
37973
37978
37989
37993
37997
37998
38002
38005
38013
38017
38026
38030
38037
38039
38042
38046
38066
38069
38070
38073
38089
38097
38098
38106
38109
38113
38125
38129
38134
38141
38145
38163
38165
38166
38173
38175
38177
38179
38183
38186
38197
38206
38213
38222
38223
38243
38249
38251
38253
38258
38270
38281
38285
38295
38299
38302
38314
38317
38318
38330
38331
38334
38341
38349
38353
38357
38359
38367
38369
38371
38374
38378
38390
38393
38401
38405
38414
38422
38430
38433
38457
38462
38466
38469
38490
38502
38513
38526
38533
38537
38538
38541
38542
38544
38545
38546
38547
38549
38558
38567
38590
38601
38605
38606
38618
38639
38641
38646
38654
38657
38658
38662
38666
38673
38674
38686
38694
38701
38709
38717
38718
38721
38722
38726
38733
38734
38738
38742
38754
38758
38778
38782
38805
38806
38810
38814
38821
38825
38826
38837
38841
38845
38850
38853
38854
38862
38873
38881
38885
38889
38890
38897
38906
38909
38910
38918
38933
38934
38946
38947
38957
38961
38966
38978
38985
38989
38993
39002
39005
39006
39025
39026
39038
39045
39046
39049
39053
39062
39073
39093
39097
39101
39109
39117
39118
39121
39125
39137
39138
39141
39149
39153
39169
39173
39177
39183
39185
39190
39191
39198
39203
39207
39219
39227
39231
39238
39241
39242
39245
39262
39265
39266
39267
39290
39293
39306
39316
39317
39322
39329
39330
39341
39342
39343
39349
39361
39366
39369
39373
39382
39385
39389
39390
39406
39421
39422
39430
39434
39439
39449
39450
39461
39462
39466
39469
39482
39485
39486
39489
39493
39502
39513
39514
39534
39536
39538
39539
39549
39550
39566
39570
39575
39578
39581
39582
39609
39617
39625
39626
39646
39649
39651
39657
39658
39661
39665
39675
39677
39678
39690
39697
39698
39718
39722
39730
39734
39742
39749
39761
39770
39777
39783
39786
39799
39801
39802
39806
39841
39845
39858
39862
39873
39877
39885
39889
39894
39906
39910
39921
39929
39942
39957
39965
39973
39977
39982
39989
39993
39994
39998
40026
40030
40042
40054
40058
40066
40073
40074
40077
40078
40082
40091
40093
40097
40098
40109
40113
40118
40130
40142
40145
40150
40154
40161
40165
40169
40186
40189
40190
40194
40195
40197
40206
40213
40221
40229
40231
40238
40251
40254
40259
40269
40273
40275
40282
40294
40307
40311
40313
40318
40337
40346
40349
40350
40353
40358
40373
40379
40385
40386
40387
40389
40393
40394
40397
40406
40414
40415
40418
40419
40423
40433
40438
40445
40450
40454
40465
40473
40477
40482
40489
40494
40507
40509
40513
40515
40522
40529
40533
40534
40557
40558
40565
40566
40569
40578
40585
40589
40609
40629
40638
40645
40646
40651
40657
40665
40674
40683
40689
40694
40697
40706
40713
40714
40717
40718
40733
40742
40758
40770
40789
40797
40802
40805
40809
40813
40829
40830
40834
40853
40861
40870
40882
40885
40898
40905
40921
40922
40926
40934
40937
40946
40953
40954
40957
40970
40973
40978
40981
40993
41001
41009
41013
41018
41022
41026
41030
41033
41042
41045
41046
41049
41058
41070
41077
41078
41081
41082
41089
41098
41109
41121
41126
41129
41133
41137
41138
41154
41173
41174
41193
41194
41198
41206
41218
41222
41226
41230
41233
41234
41241
41246
41249
41254
41261
41262
41266
41285
41290
41293
41309
41313
41314
41317
41322
41325
41333
41341
41350
41351
41354
41355
41365
41366
41367
41373
41387
41390
41401
41403
41415
41425
41429
41430
41433
41439
41445
41461
41462
41469
41470
41473
41481
41485
41486
41493
41502
41509
41521
41525
41541
41558
41565
41582
41589
41590
41593
41605
41606
41609
41611
41621
41626
41627
41641
41642
41645
41650
41666
41668
41673
41674
41679
41681
41682
41689
41693
41702
41707
41718
41722
41725
41734
41742
41749
41750
41757
41762
41773
41777
41781
41782
41786
41793
41797
41801
41805
41806
41809
41813
41814
41825
41833
41838
41841
41842
41854
41874
41882
41891
41894
41902
41905
41913
41917
41922
41929
41946
41953
41958
41962
41989
41993
41997
42006
42010
42013
42014
42025
42045
42069
42070
42074
42085
42090
42094
42098
42101
42102
42105
42114
42122
42142
42146
42154
42165
42169
42170
42173
42174
42178
42182
42186
42189
42194
42197
42201
42213
42221
42225
42226
42229
42234
42237
42238
42243
42246
42251
42253
42254
42257
42259
42274
42281
42283
42285
42286
42287
42289
42301
42302
42305
42309
42317
42321
42329
42335
42338
42342
42345
42346
42350
42351
42361
42365
42378
42381
42382
42387
42389
42393
42397
42406
42409
42414
42426
42437
42438
42441
42445
42447
42449
42453
42457
42462
42467
42469
42482
42483
42486
42490
42493
42495
42498
42510
42513
42514
42518
42521
42533
42538
42543
42557
42558
42562
42569
42578
42582
42598
42601
42614
42615
42618
42620
42626
42629
42630
42631
42633
42637
42645
42646
42650
42653
42657
42661
42674
42681
42691
42692
42694
42706
42709
42710
42721
42725
42730
42733
42735
42746
42749
42753
42757
42758
42761
42769
42786
42789
42805
42810
42813
42814
42821
42829
42841
42842
42846
42850
42858
42865
42878
42883
42890
42893
42901
42910
42918
42922
42925
42937
42945
42950
42954
42961
42962
42966
42969
42973
42978
43001
43013
43021
43025
43029
43034
43037
43041
43061
43062
43070
43074
43081
43085
43090
43109
43113
43122
43125
43133
43134
43137
43145
43149
43155
43158
43165
43177
43178
43189
43198
43201
43217
43229
43234
43237
43239
43241
43242
43243
43257
43261
43271
43273
43277
43278
43281
43289
43293
43305
43306
43317
43319
43321
43325
43327
43350
43361
43363
43365
43367
43374
43381
43385
43390
43398
43410
43411
43413
43417
43418
43425
43427
43429
43433
43438
43439
43442
43443
43446
43449
43455
43462
43469
43489
43493
43500
43501
43502
43506
43514
43517
43522
43530
43533
43534
43542
43554
43565
43566
43570
43573
43577
43583
43587
43590
43593
43625
43633
43653
43654
43661
43662
43663
43665
43669
43670
43679
43681
43685
43693
43694
43701
43706
43719
43722
43725
43729
43733
43737
43741
43745
43746
43769
43770
43785
43793
43794
43806
43809
43817
43821
43823
43830
43837
43838
43846
43858
43874
43894
43901
43902
43905
43906
43909
43914
43917
43929
43945
43946
43953
43957
43962
43977
43982
43986
43987
43994
44001
44003
44005
44006
44014
44019
44021
44022
44025
44037
44041
44049
44050
44057
44061
44070
44073
44074
44078
44083
44094
44106
44133
44137
44139
44145
44157
44167
44169
44178
44211
44213
44217
44218
44225
44229
44230
44233
44238
44246
44247
44253
44254
44262
44274
44278
44283
44286
44294
44297
44301
44307
44310
44318
44319
44321
44323
44325
44326
44339
44342
44345
44347
44349
44371
44373
44374
44386
44390
44393
44395
44397
44414
44422
44429
44437
44441
44443
44445
44446
44457
44459
44461
44466
44482
44483
44490
44491
44493
44495
44498
44499
44506
44513
44514
44517
44518
44522
44523
44530
44533
44542
44546
44550
44553
44558
44561
44562
44566
44581
44582
44583
44586
44597
44613
44633
44638
44641
44642
44645
44653
44669
44673
44680
44689
44690
44698
44713
44729
44734
44737
44741
44745
44746
44749
44753
44754
44761
44773
44781
44790
44797
44806
44810
44817
44842
44846
44857
44861
44869
44873
44878
44882
44885
44889
44898
44906
44909
44913
44915
44918
44921
44929
44930
44938
44950
44954
44965
44967
44973
44981
44994
45001
45005
45006
45009
45014
45022
45041
45042
45043
45045
45054
45061
45073
45074
45086
45093
45101
45106
45113
45114
45126
45129
45130
45137
45138
45139
45146
45149
45150
45153
45178
45181
45182
45193
45221
45234
45242
45250
45258
45262
45270
45273
45290
45297
45301
45306
45317
45321
45330
45331
45338
45339
45346
45355
45358
45367
45378
45379
45385
45401
45402
45403
45406
45410
45415
45423
45426
45429
45430
45433
45438
45441
45442
45451
45455
45461
45469
45481
45483
45497
45506
45509
45513
45515
45517
45522
45526
45529
45533
45534
45537
45569
45582
45585
45586
45590
45622
45633
45634
45638
45645
45646
45649
45657
45669
45673
45681
45686
45689
45693
45694
45702
45717
45719
45723
45733
45749
45751
45753
45757
45758
45778
45785
45789
45798
45801
45805
45807
45813
45817
45821
45834
45845
45849
45861
45862
45865
45870
45882
45885
45894
45897
45909
45913
45914
45918
45921
45925
45929
45930
45933
45938
45943
45965
45974
45978
45990
45998
46014
46018
46025
46029
46049
46077
46078
46090
46097
46102
46105
46133
46138
46146
46149
46158
46165
46170
46174
46182
46189
46197
46198
46217
46222
46226
46234
46238
46242
46250
46254
46257
46261
46262
46270
46297
46298
46321
46330
46333
46347
46350
46353
46358
46362
46371
46377
46378
46383
46387
46398
46409
46418
46423
46429
46431
46434
46441
46446
46450
46453
46462
46463
46465
46469
46470
46473
46474
46477
46478
46483
46489
46494
46496
46498
46499
46501
46513
46521
46531
46535
46546
46549
46550
46565
46566
46577
46609
46610
46617
46618
46629
46633
46637
46641
46642
46646
46647
46650
46653
46662
46666
46690
46694
46706
46707
46729
46730
46734
46737
46738
46741
46754
46761
46763
46765
46781
46790
46805
46817
46822
46829
46833
46845
46858
46866
46873
46874
46882
46885
46890
46891
46893
46897
46913
46917
46926
46929
46937
46946
46962
46970
46982
46986
46989
46998
47002
47009
47021
47022
47029
47034
47042
47045
47046
47049
47050
47057
47065
47074
47077
47078
47082
47097
47105
47106
47109
47110
47114
47121
47125
47134
47141
47157
47161
47170
47177
47190
47194
47210
47217
47221
47233
47234
47242
47245
47249
47250
47265
47266
47278
47286
47290
47293
47302
47309
47310
47318
47321
47333
47334
47339
47354
47362
47363
47365
47366
47367
47370
47378
47381
47389
47391
47409
47411
47415
47421
47422
47427
47430
47431
47433
47434
47435
47438
47445
47449
47451
47454
47455
47462
47466
47470
47471
47481
47482
47486
47493
47506
47509
47514
47518
47525
47526
47533
47556
47563
47565
47574
47577
47578
47581
47585
47595
47598
47602
47610
47615
47621
47626
47630
47633
47637
47645
47646
47647
47650
47657
47665
47670
47677
47678
47685
47691
47693
47701
47702
47707
47720
47721
47722
47726
47734
47738
47750
47753
47761
47777
47781
47782
47790
47797
47798
47805
47814
47817
47829
47834
47839
47841
47842
47845
47849
47854
47862
47865
47866
47869
47877
47901
47909
47910
47919
47933
47942
47945
47970
47978
47986
47993
47994
47997
48009
48014
48017
48022
48025
48030
48051
48054
48069
48077
48078
48082
48094
48121
48126
48130
48135
48142
48146
48149
48161
48162
48166
48174
48177
48181
48182
48193
48202
48206
48213
48214
48218
48226
48230
48246
48249
48250
48254
48257
48258
48270
48277
48286
48290
48293
48302
48306
48310
48317
48322
48325
48341
48345
48346
48350
48353
48354
48357
48359
48365
48377
48386
48398
48401
48402
48415
48417
48429
48431
48433
48434
48437
48439
48442
48447
48451
48453
48455
48463
48465
48467
48468
48475
48485
48490
48493
48495
48498
48513
48530
48533
48537
48545
48546
48551
48553
48554
48558
48570
48574
48575
48579
48589
48590
48591
48595
48602
48603
48607
48617
48622
48625
48626
48627
48629
48633
48635
48637
48665
48666
48673
48675
48690
48691
48693
48698
48710
48713
48714
48717
48722
48734
48735
48737
48738
48749
48753
48756
48761
48770
48773
48785
48786
48788
48793
48801
48802
48809
48810
48818
48826
48841
48845
48846
48849
48853
48854
48857
48859
48861
48866
48869
48882
48886
48889
48901
48902
48905
48906
48909
48921
48925
48929
48930
48933
48934
48938
48957
48958
48966
48969
48974
48977
48981
48985
48993
49009
49019
49030
49033
49034
49038
49039
49041
49045
49046
49054
49061
49062
49069
49079
49089
49094
49110
49114
49117
49118
49121
49133
49134
49137
49145
49150
49153
49158
49161
49163
49165
49166
49182
49189
49194
49205
49209
49214
49217
49222
49238
49241
49245
49250
49251
49258
49265
49266
49270
49273
49274
49277
49281
49286
49289
49294
49306
49318
49321
49330
49338
49342
49346
49353
49357
49361
49369
49382
49385
49389
49390
49394
49401
49406
49409
49410
49421
49423
49433
49435
49438
49441
49446
49447
49450
49454
49462
49463
49465
49466
49473
49474
49479
49481
49482
49483
49489
49494
49503
49509
49511
49518
49525
49530
49534
49541
49546
49547
49560
49570
49571
49576
49585
49594
49597
49598
49599
49611
49615
49619
49626
49627
49634
49645
49646
49651
49652
49659
49663
49670
49674
49677
49702
49713
49720
49721
49726
49729
49731
49741
49745
49749
49750
49753
49754
49777
49787
49798
49801
49802
49809
49818
49819
49829
49838
49841
49850
49853
49857
49862
49865
49870
49873
49874
49878
49881
49893
49906
49910
49918
49921
49929
49934
49942
49945
49946
49949
49950
49953
49966
49970
49973
49990
50005
50009
50029
50033
50034
50045
50046
50073
50086
50098
50114
50121
50138
50141
50142
50154
50157
50161
50170
50173
50177
50198
50205
50210
50211
50217
50221
50226
50237
50238
50249
50250
50262
50270
50277
50278
50301
50310
50317
50325
50326
50330
50333
50346
50350
50373
50378
50390
50393
50394
50406
50410
50418
50426
50429
50433
50441
50445
50446
50450
50451
50458
50469
50470
50473
50479
50481
50486
50497
50498
50507
50513
50518
50523
50525
50531
50538
50542
50546
50549
50550
50551
50553
50558
50559
50562
50570
50575
50581
50589
50590
50595
50597
50601
50602
50607
50610
50626
50638
50646
50653
50654
50662
50665
50667
50679
50681
50682
50685
50694
50697
50698
50710
50713
50718
50726
50734
50741
50746
50747
50748
50749
50757
50774
50778
50781
50782
50783
50786
50797
50813
50814
50821
50827
50829
50833
50837
50842
50846
50850
50857
50861
50873
50874
50878
50881
50898
50901
50905
50906
50909
50913
50921
50922
50926
50932
50934
50937
50938
50941
50950
50953
50954
50961
50965
50966
50973
50974
50981
50985
50989
50998
50999
51001
51002
51006
51010
51015
51017
51037
51041
51045
51050
51054
51057
51086
51094
51098
51110
51121
51122
51130
51133
51137
51149
51157
51161
51166
51178
51182
51187
51191
51207
51209
51217
51221
51222
51225
51229
51230
51242
51246
51249
51258
51261
51264
51266
51285
51297
51301
51306
51317
51322
51329
51330
51345
51349
51362
51365
51366
51370
51389
51397
51409
51410
51414
51421
51425
51429
51437
51441
51449
51450
51453
51457
51459
51469
51471
51474
51485
51486
51499
51513
51515
51518
51519
51525
51541
51542
51543
51546
51549
51551
51554
51557
51563
51566
51569
51577
51582
51583
51589
51590
51597
51598
51600
51602
51605
51606
51607
51631
51638
51641
51654
51657
51658
51659
51681
51686
51687
51690
51696
51699
51702
51703
51715
51717
51725
51738
51746
51749
51750
51757
51766
51770
51781
51789
51797
51807
51810
51813
51814
51822
51825
51826
51830
51831
51841
51849
51850
51851
51854
51862
51865
51866
51867
51870
51873
51893
51894
51901
51905
51906
51917
51922
51933
51938
51941
51949
51961
51962
51965
51969
51991
51993
51997
52009
52010
52013
52014
52021
52022
52029
52046
52050
52057
52058
52062
52077
52085
52090
52094
52098
52117
52125
52130
52133
52134
52149
52153
52157
52161
52165
52170
52174
52177
52209
52210
52213
52218
52225
52242
52245
52266
52269
52270
52274
52277
52294
52305
52310
52325
52338
52341
52349
52353
52354
52370
52389
52393
52394
52397
52402
52417
52433
52442
52445
52446
52454
52457
52459
52461
52465
52466
52470
52473
52482
52483
52497
52501
52502
52515
52518
52522
52526
52527
52528
52529
52534
52542
52549
52558
52563
52566
52577
52578
52582
52585
52586
52597
52601
52605
52607
52609
52617
52619
52627
52631
52638
52639
52642
52643
52653
52658
52662
52666
52670
52674
52678
52687
52695
52701
52706
52711
52715
52730
52738
52741
52745
52750
52758
52761
52765
52771
52777
52782
52787
52795
52805
52809
52818
52825
52829
52833
52834
52838
52841
52842
52854
52859
52870
52877
52880
52881
52882
52889
52893
52894
52910
52921
52922
52925
52929
52931
52933
52941
52946
52949
52950
52958
52969
52973
52990
53013
53022
53026
53029
53030
53034
53042
53054
53061
53086
53087
53090
53093
53094
53102
53114
53125
53134
53154
53155
53170
53171
53182
53193
53201
53202
53217
53230
53233
53234
53241
53242
53245
53250
53254
53265
53269
53273
53277
53293
53314
53315
53318
53321
53330
53349
53351
53354
53357
53365
53382
53389
53398
53403
53406
53407
53414
53417
53418
53430
53438
53449
53462
53465
53474
53486
53489
53490
53502
53509
53510
53521
53522
53523
53525
53531
53537
53538
53545
53553
53557
53558
53565
53569
53574
53577
53589
53590
53593
53594
53597
53601
53605
53610
53617
53621
53630
53637
53639
53669
53670
53677
53679
53683
53685
53686
53689
53690
53697
53721
53722
53726
53727
53730
53733
53737
53741
53742
53754
53762
53766
53782
53789
53798
53810
53813
53818
53822
53839
53851
53857
53869
53873
53877
53901
53910
53913
53917
53925
53939
53946
53955
53957
53961
53966
53973
53974
53975
53977
53978
53981
53982
53983
53998
54002
54010
54014
54017
54025
54037
54045
54054
54066
54069
54070
54085
54102
54105
54109
54111
54113
54114
54126
54137
54150
54157
54162
54166
54169
54173
54186
54194
54197
54201
54203
54221
54225
54230
54234
54241
54245
54254
54258
54266
54273
54278
54281
54289
54297
54313
54330
54333
54334
54341
54346
54350
54353
54354
54357
54361
54365
54370
54371
54374
54377
54378
54385
54393
54401
54405
54406
54421
54422
54434
54438
54441
54449
54462
54465
54469
54477
54485
54489
54494
54502
54506
54511
54513
54518
54521
54529
54537
54538
54541
54545
54553
54559
54561
54562
54565
54566
54570
54573
54583
54585
54586
54594
54598
54601
54607
54610
54611
54613
54614
54618
54621
54633
54639
54641
54647
54661
54666
54669
54674
54679
54681
54683
54689
54691
54693
54694
54702
54705
54717
54718
54733
54753
54754
54763
54767
54769
54786
54790
54806
54809
54817
54826
54830
54833
54834
54842
54849
54854
54858
54862
54865
54866
54877
54878
54883
54885
54886
54889
54907
54909
54914
54917
54925
54929
54930
54937
54938
54957
54965
54977
54985
54986
55006
55013
55023
55025
55029
55031
55049
55050
55057
55058
55065
55074
55081
55086
55089
55113
55114
55118
55126
55129
55130
55150
55154
55157
55165
55173
55177
55178
55181
55186
55199
55210
55215
55237
55238
55250
55253
55262
55273
55277
55278
55285
55286
55294
55301
55313
55326
55329
55337
55341
55345
55349
55361
55362
55366
55369
55373
55374
55377
55381
55397
55399
55409
55414
55418
55422
55429
55430
55442
55446
55449
55453
55461
55474
55491
55497
55501
55502
55505
55509
55522
55525
55534
55538
55549
55553
55555
55557
55558
55560
55565
55566
55567
55571
55574
55575
55578
55581
55589
55590
55595
55597
55598
55609
55610
55614
55623
55625
55627
55634
55638
55642
55654
55659
55674
55677
55682
55693
55695
55697
55722
55723
55726
55737
55742
55749
55754
55757
55758
55759
55761
55765
55767
55771
55773
55774
55777
55787
55797
55798
55802
55809
55814
55817
55826
55829
55830
55838
55843
55849
55850
55852
55853
55854
55857
55865
55878
55885
55893
55894
55909
55921
55929
55930
55938
55942
55953
55954
55958
55961
55962
55965
55974
55982
55986
55990
55993
55998
56001
56006
56014
56017
56018
56021
56031
56033
56046
56049
56058
56062
56069
56086
56094
56106
56109
56118
56141
56142
56149
56153
56157
56158
56174
56175
56182
56205
56206
56214
56217
56246
56254
56269
56281
56286
56305
56310
56322
56329
56333
56337
56357
56361
56362
56373
56378
56386
56398
56410
56413
56418
56422
56426
56429
56457
56461
56462
56470
56478
56502
56506
56546
56549
56562
56569
56570
56579
56598
56612
56613
56621
56637
56642
56645
56646
56657
56666
56667
56677
56681
56685
56686
56694
56699
56701
56706
56718
56719
56723
56735
56746
56750
56752
56766
56774
56775
56777
56779
56781
56791
56802
56805
56809
56810
56813
56814
56815
56819
56827
56829
56830
56834
56837
56845
56846
56858
56870
56881
56882
56886
56890
56894
56901
56917
56925
56926
56927
56929
56949
56950
56956
56962
56965
56967
56969
56970
56974
56975
56980
56981
56986
56994
56998
57014
57026
57029
57037
57045
57062
57069
57077
57081
57089
57090
57110
57114
57118
57122
57126
57129
57130
57149
57157
57161
57165
57177
57178
57185
57189
57198
57201
57202
57205
57206
57209
57210
57211
57214
57221
57225
57229
57230
57242
57245
57246
57262
57265
57266
57269
57275
57285
57294
57295
57297
57321
57323
57329
57334
57345
57346
57350
57353
57354
57357
57370
57373
57390
57391
57394
57398
57401
57417
57418
57422
57434
57437
57442
57445
57454
57462
57473
57481
57493
57498
57505
57509
57514
57518
57526
57537
57538
57541
57547
57549
57550
57569
57573
57581
57597
57599
57605
57610
57611
57614
57615
57617
57624
57631
57634
57639
57645
57651
57653
57655
57657
57662
57669
57677
57681
57682
57683
57693
57699
57701
57703
57705
57706
57710
57714
57720
57733
57735
57739
57741
57750
57753
57757
57758
57761
57762
57765
57769
57773
57777
57778
57779
57786
57794
57797
57813
57814
57818
57825
57826
57827
57833
57841
57843
57846
57847
57854
57873
57901
57917
57923
57934
57937
57942
57945
57958
57959
57961
57965
57973
57977
57978
57981
57985
57987
57998
58001
58009
58017
58018
58030
58038
58041
58042
58046
58058
58062
58081
58089
58097
58098
58119
58130
58133
58134
58138
58150
58154
58157
58169
58173
58174
58189
58197
58198
58213
58217
58221
58225
58229
58230
58234
58254
58262
58265
58277
58278
58281
58302
58310
58311
58321
58341
58345
58349
58353
58354
58366
58373
58382
58385
58394
58398
58405
58421
58429
58442
58450
58461
58462
58465
58469
58470
58473
58485
58506
58513
58514
58517
58521
58522
58525
58529
58566
58574
58581
58593
58597
58606
58609
58618
58622
58634
58643
58645
58650
58655
58661
58667
58671
58674
58675
58679
58691
58693
58694
58701
58706
58709
58717
58737
58739
58749
58751
58754
58758
58759
58761
58786
58788
58789
58797
58798
58799
58803
58806
58818
58826
58831
58838
58839
58845
58847
58850
58858
58859
58862
58863
58865
58866
58867
58871
58873
58877
58897
58898
58901
58917
58922
58925
58926
58937
58941
58942
58949
58953
58958
58962
58973
58977
58981
58982
58989
58994
59002
59005
59007
59009
59010
59017
59021
59034
59045
59050
59058
59059
59074
59085
59086
59090
59098
59101
59102
59105
59110
59125
59126
59130
59138
59146
59154
59157
59165
59166
59174
59177
59178
59179
59181
59189
59195
59198
59209
59217
59229
59245
59250
59253
59257
59265
59266
59274
59278
59281
59294
59309
59310
59322
59329
59341
59345
59355
59357
59359
59366
59369
59374
59377
59389
59390
59406
59414
59417
59429
59430
59457
59458
59462
59470
59473
59477
59481
59485
59503
59506
59514
59522
59525
59526
59530
59534
59541
59549
59550
59554
59569
59574
59594
59605
59610
59613
59617
59621
59629
59630
59634
59637
59649
59650
59661
59665
59673
59674
59679
59681
59686
59689
59690
59697
59701
59711
59717
59726
59727
59737
59738
59745
59759
59761
59769
59772
59777
59778
59783
59786
59790
59797
59798
59807
59809
59815
59817
59821
59825
59834
59835
59837
59842
59846
59849
59854
59861
59865
59869
59870
59878
59879
59882
59894
59898
59899
59901
59913
59917
59918
59929
59934
59942
59945
59949
59950
59961
59965
59969
59970
59973
59978
59981
59990
59998
60002
60005
60009
60010
60013
60017
60018
60030
60041
60045
60057
60058
60061
60062
60070
60073
60074
60082
60102
60105
60114
60133
60141
60158
60169
60170
60174
60194
60205
60209
60221
60253
60259
60270
60285
60289
60290
60298
60314
60322
60329
60330
60334
60337
60345
60349
60361
60362
60370
60374
60377
60394
60409
60410
60425
60430
60434
60437
60450
60458
60470
60473
60485
60486
60490
60494
60502
60510
60517
60518
60522
60530
60533
60549
60550
60557
60562
60566
60569
60582
60610
60630
60634
60638
60642
60645
60658
60667
60669
60673
60675
60679
60683
60689
60694
60698
60701
60705
60707
60709
60726
60729
60735
60746
60749
60759
60761
60771
60777
60778
60779
60782
60786
60787
60813
60815
60822
60823
60825
60827
60835
60845
60861
60865
60866
60869
60870
60873
60877
60879
60882
60886
60890
60891
60893
60895
60899
60901
60902
60905
60919
60921
60930
60934
60935
60957
60961
60965
60966
60970
60993
60998
61006
61010
61021
61025
61030
61045
61046
61053
61054
61065
61079
61081
61082
61085
61101
61110
61113
61114
61118
61125
61127
61130
61133
61141
61166
61169
61178
61181
61185
61190
61193
61198
61202
61209
61214
61217
61225
61233
61242
61261
61266
61270
61281
61285
61289
61290
61302
61305
61317
61321
61325
61326
61334
61341
61349
61353
61362
61366
61377
61381
61382
61394
61398
61425
61438
61441
61442
61450
61453
61457
61458
61461
61469
61473
61474
61475
61477
61493
61498
61501
61509
61517
61521
61522
61525
61526
61529
61530
61534
61537
61538
61558
61562
61569
61577
61578
61585
61590
61599
61601
61602
61605
61606
61622
61625
61633
61634
61637
61650
61655
61657
61677
61678
61682
61689
61698
61702
61715
61725
61727
61739
61743
61747
61749
61750
61757
61759
61761
61765
61769
61771
61778
61798
61810
61813
61822
61829
61835
61839
61845
61849
61866
61874
61878
61882
61890
61893
61894
61897
61898
61903
61907
61917
61922
61934
61941
61945
61957
61965
61966
61974
61978
61998
62002
62009
62013
62021
62041
62045
62046
62058
62061
62065
62066
62069
62077
62085
62086
62094
62105
62110
62126
62141
62146
62158
62162
62174
62177
62178
62186
62201
62206
62207
62209
62213
62218
62226
62233
62238
62241
62270
62282
62285
62298
62301
62302
62305
62317
62333
62334
62337
62341
62354
62357
62366
62374
62377
62382
62385
62398
62405
62429
62430
62437
62446
62450
62453
62454
62458
62462
62466
62473
62490
62493
62494
62501
62502
62505
62509
62517
62522
62531
62541
62542
62549
62554
62561
62562
62569
62573
62586
62589
62590
62594
62597
62610
62613
62617
62618
62622
62629
62633
62638
62641
62646
62662
62665
62666
62669
62674
62679
62681
62690
62694
62697
62701
62706
62713
62721
62725
62734
62737
62740
62753
62762
62771
62778
62782
62783
62787
62791
62794
62801
62802
62807
62811
62823
62829
62831
62838
62841
62846
62854
62858
62859
62861
62866
62888
62889
62890
62895
62898
62905
62907
62911
62912
62917
62930
62931
62935
62947
62949
62953
62954
62958
62962
62974
62977
62978
62997
63001
63002
63009
63014
63029
63034
63046
63057
63065
63066
63081
63098
63102
63114
63118
63121
63127
63131
63137
63149
63150
63153
63157
63158
63161
63174
63193
63194
63205
63209
63214
63218
63221
63234
63253
63261
63262
63265
63269
63275
63282
63285
63286
63298
63302
63306
63309
63314
63322
63326
63328
63330
63341
63350
63361
63366
63381
63386
63389
63390
63393
63402
63405
63410
63411
63418
63421
63425
63430
63442
63461
63466
63469
63477
63498
63502
63511
63521
63522
63526
63533
63537
63542
63550
63553
63557
63562
63565
63570
63574
63578
63582
63602
63614
63642
63654
63666
63675
63678
63681
63685
63701
63705
63709
63718
63721
63738
63742
63746
63749
63751
63754
63757
63761
63767
63769
63770
63777
63778
63781
63788
63795
63815
63821
63826
63828
63837
63838
63839
63841
63843
63846
63847
63850
63853
63854
63855
63861
63863
63869
63875
63886
63890
63894
63907
63909
63917
63918
63922
63925
63930
63937
63939
63943
63949
63954
63962
63963
63966
63970
63975
63978
63984
63993
63997
64001
64010
64021
64025
64026
64037
64038
64049
64054
64057
64058
64077
64086
64116
64117
64121
64129
64150
64154
64162
64173
64181
64186
64190
64194
64198
64201
64229
64237
64241
64242
64249
64250
64253
64254
64258
64261
64265
64294
64310
64317
64318
64321
64322
64329
64330
64341
64358
64362
64373
64375
64378
64393
64398
64406
64413
64414
64417
64429
64445
64450
64454
64457
64461
64466
64474
64482
64489
64490
64498
64499
64501
64502
64505
64509
64521
64526
64538
64545
64553
64554
64561
64563
64569
64573
64578
64585
64591
64593
64605
64610
64613
64621
64622
64638
64654
64666
64670
64682
64685
64690
64702
64706
64710
64717
64722
64726
64730
64753
64761
64766
64771
64775
64776
64778
64781
64782
64790
64797
64799
64803
64805
64806
64807
64817
64818
64821
64829
64830
64834
64839
64841
64853
64854
64862
64867
64870
64872
64883
64885
64895
64899
64910
64913
64915
64921
64922
64926
64930
64955
64959
64969
64970
64979
64989
64994
64997
64998
65007
65009
65014
65021
65023
65041
65046
65057
65066
65073
65077
65082
65085
65093
65101
65110
65114
65118
65122
65125
65127
65130
65134
65146
65153
65154
65157
65166
65173
65177
65201
65205
65217
65222
65226
65229
65230
65234
65241
65245
65257
65274
65281
65282
65285
65294
65298
65313
65322
65325
65338
65358
65363
65366
65370
65377
65381
65385
65394
65397
65406
65409
65410
65413
65441
65442
65446
65457
65465
65466
65478
65486
65489
65506
65513
65514
65521
65522
65533
