9
10
18
22
26
34
37
38
46
49
54
65
66
93
97
101
129
141
142
154
161
170
178
182
193
197
219
230
238
241
245
249
253
254
259
262
263
266
267
271
275
277
289
299
307
309
311
313
314
315
321
323
329
330
334
335
340
345
353
357
362
366
367
371
375
381
383
384
385
390
399
402
405
411
413
415
417
418
423
426
427
429
431
437
441
453
455
471
477
482
483
501
502
506
513
517
518
522
523
530
534
538
546
547
550
551
553
554
567
571
573
575
579
582
583
587
590
594
601
605
611
614
615
621
623
625
627
630
633
637
639
641
646
653
654
657
658
661
667
677
678
681
682
690
701
707
710
717
719
722
723
727
742
750
753
758
765
778
783
790
793
798
799
801
813
819
821
822
825
827
837
843
857
859
861
863
866
867
875
877
882
883
889
893
894
895
898
899
901
911
930
938
945
949
955
962
966
969
970
979
987
995
998
1001
1002
1017
1021
1038
1046
1049
1054
1059
1061
1065
1078
1082
1089
1097
1101
1106
1119
1138
1145
1147
1153
1165
1166
1182
1185
1186
1206
1210
1217
1218
1231
1243
1245
1254
1258
1271
1273
1274
1277
1278
1281
1282
1290
1297
1309
1310
1323
1326
1327
1335
1341
1343
1345
1347
1349
1353
1354
1355
1359
1361
1365
1369
1371
1377
1382
1387
1391
1395
1396
1397
1401
1405
1413
1415
1418
1421
1422
1426
1433
1439
1442
1450
1455
1458
1467
1471
1479
1483
1487
1494
1505
1513
1518
1519
1522
1523
1526
1531
1541
1546
1549
1551
1553
1561
1565
1570
1577
1586
1587
1590
1593
1595
1598
1599
1602
1605
1613
1621
1623
1627
1630
1631
1633
1634
1641
1642
1647
1649
1657
1661
1665
1667
1674
1678
1681
1682
1687
1695
1697
1698
1702
1706
1717
1722
1723
1725
1728
1729
1733
1738
1745
1749
1750
1754
1755
1766
1769
1771
1775
1786
1787
1798
1807
1809
1810
1813
1818
1821
1823
1830
1831
1838
1842
1847
1849
1850
1855
1857
1863
1865
1870
1871
1878
1879
1883
1887
1890
1901
1914
1918
1923
1926
1946
1949
1953
1962
1963
1965
1966
1970
1971
1973
1978
1983
1990
1994
2001
2002
2003
2018
2027
2031
2034
2038
2043
2045
2058
2061
2065
2070
2082
2087
2089
2094
2098
2099
2105
2117
2121
2154
2157
2166
2173
2181
2182
2197
2206
2207
2213
2226
2233
2237
2241
2246
2254
2273
2274
2282
2286
2298
2302
2305
2306
2309
2314
2317
2319
2322
2325
2330
2333
2334
2335
2341
2345
2349
2351
2354
2359
2365
2370
2374
2379
2385
2390
2393
2395
2397
2398
2401
2406
2409
2417
2419
2422
2423
2425
2426
2429
2437
2443
2447
2454
2455
2463
2469
2482
2493
2501
2505
2507
2517
2518
2521
2525
2533
2539
2545
2559
2567
2582
2585
2589
2590
2591
2594
2601
2603
2606
2609
2611
2621
2635
2646
2649
2650
2658
2659
2666
2667
2669
2670
2675
2677
2679
2705
2706
2709
2710
2711
2717
2718
2722
2723
2726
2733
2734
2737
2739
2743
2750
2753
2755
2759
2781
2783
2786
2787
2810
2811
2819
2825
2826
2829
2831
2834
2839
2845
2846
2853
2854
2855
2857
2866
2877
2878
2881
2885
2891
2893
2898
2902
2906
2913
2915
2919
2923
2929
2935
2941
2942
2946
2947
2954
2958
2959
2963
2967
2969
2981
2999
3010
3014
3017
3022
3023
3025
3033
3038
3042
3046
3051
3059
3062
3066
3074
3077
3078
3082
3098
3101
3102
3113
3114
3121
3122
3138
3142
3150
3165
3166
3169
3170
3174
3181
3190
3193
3205
3213
3221
3227
3229
3234
3238
3242
3261
3262
3265
3266
3269
3278
3282
3285
3311
3313
3317
3326
3329
3335
3338
3343
3346
3349
3353
3355
3363
3365
3367
3370
3374
3375
3378
3379
3389
3390
3403
3405
3417
3425
3431
3443
3445
3446
3454
3455
3461
3462
3466
3470
3475
3483
3487
3489
3490
3493
3494
3498
3511
3515
3517
3523
3526
3531
3533
3537
3538
3539
3550
3551
3554
3565
3571
3577
3578
3579
3583
3593
3594
3601
3607
3609
3614
3615
3621
3630
3651
3653
3654
3659
3662
3666
3667
3677
3679
3690
3691
3693
3695
3698
3709
3713
3715
3718
3726
3729
3734
3737
3739
3742
3746
3750
3752
3758
3765
3766
3770
3776
3779
3783
3790
3791
3793
3807
3818
3819
3825
3826
3829
3830
3835
3845
3849
3854
3855
3857
3859
3862
3870
3874
3878
3882
3885
3890
3898
3899
3903
3906
3910
3922
3930
3933
3935
3938
3950
3957
3961
3963
3987
3995
3998
4010
4017
4021
4023
4029
4031
4037
4041
4051
4055
4057
4061
4073
4081
4086
4087
4094
4098
4105
4110
4118
4121
4125
4129
4134
4146
4158
4161
4174
4186
4197
4201
4202
4205
4213
4229
4233
4237
4238
4249
4250
4254
4262
4282
4293
4294
4309
4321
4326
4346
4355
4358
4367
4371
4381
4382
4387
4390
4391
4394
4397
4402
4405
4410
4413
4419
4421
4422
4423
4430
4441
4442
4445
4447
4450
4458
4459
4465
4466
4474
4475
4479
4482
4483
4485
4486
4494
4495
4505
4506
4507
4510
4517
4518
4521
4522
4523
4527
4529
4531
4537
4538
4539
4541
4543
4547
4550
4559
4562
4566
4567
4571
4575
4577
4579
4585
4586
4590
4594
4606
4617
4619
4623
4625
4630
4631
4634
4635
4643
4650
4655
4665
4666
4673
4683
4694
4697
4702
4703
4707
4711
4718
4719
4721
4723
4725
4731
4733
4734
4739
4761
4767
4774
4777
4790
4793
4794
4795
4803
4814
4831
4833
4845
4846
4853
4863
4869
4871
4881
4882
4883
4887
4890
4902
4905
4907
4919
4927
4934
4935
4938
4945
4949
4950
4959
4973
4977
4978
4997
5009
5023
5025
5026
5041
5043
5053
5054
5055
5058
5065
5066
5081
5083
5085
5086
5091
5101
5106
5114
5122
5129
5130
5131
5135
5142
5145
5151
5154
5186
5189
5193
5202
5203
5209
5213
5217
5226
5241
5249
5254
5261
5269
5270
5277
5281
5282
5311
5313
5317
5330
5333
5335
5342
5349
5353
5378
5379
5387
5389
5390
5391
5393
5394
5395
5398
5406
5414
5417
5423
5425
5430
5431
5437
5439
5441
5442
5445
5451
5477
5481
5483
5485
5489
5490
5494
5497
5499
5501
5509
5517
5519
5527
5534
5543
5545
5546
5547
5549
5557
5562
5563
5578
5581
5585
5590
5594
5602
5603
5607
5610
5611
5617
5619
5621
5622
5625
5629
5631
5634
5635
5638
5641
5643
5649
5654
5661
5662
5667
5670
5674
5683
5686
5690
5691
5695
5703
5711
5712
5713
5715
5718
5722
5723
5731
5734
5737
5738
5742
5751
5755
5758
5762
5765
5771
5774
5775
5793
5794
5810
5815
5821
5822
5827
5831
5835
5837
5839
5845
5854
5858
5865
5867
5869
5870
5874
5885
5886
5890
5894
5897
5899
5903
5909
5914
5923
5925
5926
5927
5930
5931
5934
5935
5938
5943
5951
5969
5977
5978
5982
5983
5985
5986
5990
5995
6017
6023
6046
6051
6066
6071
6073
6075
6082
6085
6086
6090
6094
6101
6115
6119
6123
6137
6141
6147
6155
6162
6165
6170
6181
6186
6197
6201
6202
6205
6209
6210
6213
6214
6218
6222
6225
6233
6241
6242
6253
6261
6263
6266
6267
6270
6277
6289
6293
6306
6326
6341
6349
6354
6357
6358
6373
6382
6385
6406
6407
6417
6425
6426
6430
6431
6445
6450
6453
6454
6457
6458
6459
6462
6465
6478
6481
6485
6486
6494
6497
6501
6510
6514
6523
6525
6526
6534
6539
6541
6546
6549
6554
6566
6571
6573
6589
6591
6599
6600
6606
6610
6613
6615
6618
6621
6639
6646
6657
6666
6671
6679
6682
6690
6692
6697
6701
6705
6711
6722
6726
6727
6733
6739
6741
6742
6747
6758
6761
6766
6771
6775
6777
6778
6785
6786
6787
6789
6790
6794
6799
6810
6814
6829
6835
6838
6842
6843
6845
6847
6849
6854
6855
6858
6863
6865
6869
6879
6885
6905
6911
6922
6938
6941
6945
6946
6947
6950
6962
6963
6966
6969
6971
6973
6974
6978
6979
6981
6990
6997
6998
7003
7005
7006
7009
7013
7017
7018
7037
7043
7046
7053
7055
7058
7063
7066
7069
7073
7075
7078
7079
7082
7086
7093
7097
7101
7102
7106
7107
7113
7114
7118
7126
7131
7134
7142
7143
7151
7157
7162
7165
7166
7167
7169
7173
7174
7178
7182
7194
7198
7202
7206
7218
7219
7225
7233
7245
7246
7249
7250
7258
7262
7265
7273
7278
7282
7293
7294
7298
7305
7309
7310
7317
7326
7337
7346
7366
7369
7385
7387
7406
7426
7428
7430
7437
7439
7443
7446
7451
7453
7457
7463
7473
7479
7481
7486
7489
7491
7493
7499
7502
7505
7506
7510
7511
7515
7518
7523
7525
7526
7527
7529
7534
7543
7547
7549
7550
7551
7554
7557
7559
7563
7565
7573
7574
7577
7578
7582
7583
7589
7594
7595
7605
7607
7610
7614
7615
7618
7621
7622
7637
7645
7647
7658
7662
7673
7674
7675
7677
7686
7690
7693
7699
7710
7715
7717
7719
7721
7727
7738
7739
7741
7743
7745
7750
7758
7762
7766
7767
7769
7775
7778
7779
7789
7794
7797
7799
7803
7806
7807
7817
7819
7822
7823
7825
7829
7843
7845
7847
7857
7866
7867
7875
7882
7883
7885
7890
7891
7905
7908
7913
7918
7923
7924
7925
7933
7934
7938
7941
7945
7950
7954
7966
7967
7973
7974
7975
7977
7982
7986
7989
7993
8003
8015
8027
8033
8034
8038
8055
8061
8062
8067
8085
8093
8102
8109
8117
8121
8126
8127
8130
8131
8133
8141
8146
8149
8159
8169
8171
8175
8183
8187
8197
8198
8205
8210
8229
8230
8233
8241
8246
8253
8258
8261
8265
8277
8293
8294
8302
8309
8317
8322
8326
8330
8333
8339
8342
8358
8365
8369
8398
8399
8410
8417
8419
8422
8425
8426
8434
8447
8449
8451
8454
8458
8459
8462
8467
8469
8472
8479
8482
8485
8493
8497
8503
8506
8507
8519
8525
8529
8531
8534
8542
8543
8551
8553
8557
8562
8563
8566
8567
8579
8581
8582
8589
8590
8591
8595
8602
8605
8607
8614
8619
8639
8641
8646
8651
8654
8663
8667
8670
8677
8683
8686
8687
8690
8697
8699
8706
8709
8710
8713
8715
8718
8722
8726
8729
8731
8734
8738
8739
8745
8753
8754
8755
8757
8759
8762
8765
8766
8770
8774
8781
8787
8789
8793
8794
8795
8798
8799
8806
8809
8813
8823
8830
8833
8834
8839
8847
8853
8855
8858
8859
8867
8871
8874
8875
8879
8886
8889
8890
8898
8902
8907
8910
8914
8919
8923
8925
8931
8933
8945
8946
8950
8953
8955
8967
8970
8973
8975
8977
8989
8990
8997
9001
9002
9003
9007
9014
9015
9021
9022
9038
9039
9043
9046
9047
9053
9054
9055
9062
9065
9069
9071
9075
9078
9079
9085
9086
9095
9097
9098
9101
9103
9105
9107
9109
9111
9115
9122
9123
9129
9133
9138
9146
9149
9159
9166
9167
9175
9182
9197
9211
9213
9214
9221
9226
9229
9234
9249
9258
9266
9278
9281
9290
9298
9301
9302
9305
9306
9309
9315
9322
9342
9365
9369
9374
9377
9382
9385
9386
9406
9410
9413
9414
9417
9421
9429
9434
9437
9441
9442
9453
9458
9466
9474
9477
9479
9485
9486
9490
9491
9498
9499
9501
9503
9506
9509
9510
9517
9518
9519
9526
9529
9530
9531
9543
9545
9546
9547
9551
9557
9559
9561
9562
9569
9575
9581
9582
9586
9602
9609
9611
9621
9625
9629
9633
9645
9646
9651
9657
9658
9661
9663
9666
9667
9670
9673
9674
9677
9685
9686
9698
9714
9723
9727
9734
9737
9738
9739
9754
9755
9757
9766
9773
9774
9778
9779
9781
9783
9785
9787
9790
9791
9793
9801
9809
9811
9815
9818
9821
9825
9837
9839
9845
9846
9851
9855
9859
9861
9863
9865
9871
9874
9878
9882
9886
9887
9889
9890
9897
9898
9902
9906
9915
9922
9930
9935
9938
9942
9943
9947
9950
9953
9961
9963
9966
9969
9983
9985
9990
9991
9998
10001
10003
10006
10009
10013
10015
10022
10027
10031
10035
10055
10062
10069
10071
10075
10077
10081
10083
10086
10087
10094
10098
10103
10105
10109
10113
10122
10126
10131
10133
10141
10143
10146
10157
10161
10165
10169
10183
10193
10194
10195
10198
10203
10210
10211
10215
10225
10230
10277
10281
10294
10297
10302
10309
10322
10330
10337
10338
10341
10346
10350
10366
10377
10385
10389
10397
10410
10417
10421
10423
10425
10433
10434
10446
10450
10453
10458
10465
10474
10477
10481
10494
10498
10501
10502
10503
10514
10529
10534
10558
10561
10566
10575
10577
10579
10599
10601
10603
10606
10611
10615
10619
10623
10625
10626
10629
10642
10645
10647
10649
10653
10655
10657
10662
10664
10675
10678
10679
10689
10694
10695
10698
10702
10703
10709
10717
10718
10723
10726
10738
10741
10742
10745
10750
10751
10755
10767
10769
10778
10791
10793
10797
10798
10807
10809
10811
10813
10823
10826
10829
10833
10841
10842
10845
10850
10853
10854
10855
10861
10862
10863
10865
10870
10871
10874
10886
10889
10890
10895
10906
10909
10914
10918
10919
10922
10923
10926
10931
10933
10938
10945
10947
10958
10959
10961
10963
10977
10981
10987
10990
10993
10996
11005
11009
11015
11021
11023
11025
11053
11057
11063
11067
11073
11077
11079
11082
11085
11095
11103
11110
11113
11118
11119
11123
11138
11145
11147
11157
11158
11163
11165
11170
11174
11178
11181
11183
11189
11191
11193
11195
11198
11201
11202
11210
11214
11222
11225
11231
11235
11245
11247
11253
11258
11261
11263
11266
11273
11279
11289
11294
11305
11310
11313
11315
11325
11337
11338
11353
11362
11369
11378
11379
11381
11382
11393
11417
11418
11422
11426
11437
11453
11457
11465
11470
11489
11490
11497
11498
11509
11510
11518
11523
11526
11529
11538
11539
11547
11551
11554
11555
11562
11567
11569
11570
11579
11591
11597
11602
11606
11609
11617
11618
11622
11623
11626
11629
11630
11631
11645
11649
11654
11662
11663
11670
11675
11677
11678
11683
11685
11689
11693
11695
11697
11705
11707
11717
11719
11726
11730
11733
11735
11737
11742
11745
11749
11762
11765
11771
11773
11774
11777
11778
11786
11790
11798
11799
11802
11803
11813
11822
11825
11830
11834
11835
11839
11846
11849
11854
11858
11859
11861
11863
11865
11866
11873
11881
11883
11891
11909
11910
11911
11913
11915
11918
11922
11927
11929
11933
11937
11938
11946
11949
11950
11965
11967
11969
11971
11978
11979
11985
11987
12001
12006
12007
12010
12011
12014
12019
12025
12029
12030
12038
12051
12054
12058
12059
12070
12077
12078
12081
12083
12086
12090
12093
12097
12102
12105
12110
12113
12114
12115
12123
12125
12131
12133
12134
12135
12137
12146
12155
12159
12181
12183
12186
12190
12195
12205
12206
12207
12209
12210
12211
12223
12225
12226
12229
12231
12233
12234
12243
12249
12251
12255
12261
12262
12263
12267
12269
12275
12278
12281
12285
12286
12289
12290
12293
12305
12306
12313
12314
12318
12326
12342
12350
12353
12354
12361
12362
12367
12373
12382
12385
12394
12402
12405
12406
12413
12418
12421
12427
12433
12438
12457
12461
12470
12473
12501
12513
12517
12518
12522
12525
12533
12534
12541
12542
12553
12563
12583
12584
12585
12598
12603
12607
12610
12613
12615
12618
12619
12623
12635
12651
12653
12655
12661
12662
12663
12667
12669
12673
12677
12682
12685
12686
12690
12697
12705
12706
12715
12717
12722
12723
12746
12770
12775
12777
12781
12786
12789
12798
12801
12806
12818
12823
12831
12833
12835
12837
12838
12843
12846
12849
12850
12854
12855
12859
12863
12865
12866
12869
12870
12871
12882
12883
12890
12898
12901
12902
12903
12905
12911
12913
12922
12926
12931
12933
12934
12935
12937
12939
12943
12947
12955
12957
12962
12963
12967
12973
12982
12993
12994
13011
13017
13037
13042
13043
13053
13058
13061
13062
13067
13070
13071
13082
13086
13087
13089
13097
13099
13102
13109
13114
13123
13131
13133
13138
13141
13146
13147
13165
13170
13181
13185
13187
13189
13194
13195
13198
13202
13206
13214
13237
13238
13241
13249
13250
13267
13271
13273
13274
13275
13278
13287
13291
13293
13295
13301
13302
13303
13305
13322
13326
13333
13338
13351
13354
13370
13382
13389
13390
13405
13409
13411
13417
13421
13422
13429
13433
13434
13439
13442
13445
13454
13461
13465
13466
13482
13497
13501
13502
13505
13529
13530
13534
13538
13541
13549
13550
13557
13566
13569
13570
13571
13574
13578
13581
13583
13585
13586
13591
13595
13597
13601
13602
13611
13613
13614
13618
13631
13633
13637
13639
13649
13655
13669
13670
13673
13677
13679
13689
13691
13694
13698
13699
13710
13717
13719
13722
13727
13731
13733
13734
13735
13745
13746
13750
13751
13753
13754
13755
13761
13770
13791
13794
13799
13809
13811
13815
13818
13819
13824
13835
13839
13842
13845
13846
13863
13869
13877
13878
13879
13881
13891
13893
13894
13898
13899
13901
13905
13909
13910
13919
13925
13926
13927
13930
13933
13937
13938
13939
13942
13950
13953
13954
13958
13961
13970
13987
13997
13999
14002
14005
14010
14011
14014
14021
14025
14030
14038
14041
14042
14045
14051
14053
14054
14055
14062
14073
14079
14081
14086
14090
14093
14098
14099
14102
14103
14107
14111
14113
14114
14118
14125
14163
14165
14166
14169
14170
14182
14186
14187
14191
14211
14219
14226
14230
14234
14238
14242
14250
14259
14271
14275
14278
14281
14282
14287
14301
14306
14309
14310
14319
14323
14325
14326
14327
14329
14335
14337
14349
14350
14353
14354
14361
14366
14369
14370
14374
14381
14382
14385
14390
14405
14406
14413
14414
14417
14418
14419
14422
14426
14433
14449
14458
14461
14466
14478
14497
14502
14505
14509
14510
14513
14517
14519
14538
14541
14561
14563
14566
14567
14573
14575
14578
14586
14595
14602
14606
14610
14613
14619
14625
14633
14634
14637
14638
14639
14647
14661
14662
14666
14669
14671
14689
14690
14694
14695
14707
14725
14727
14734
14741
14747
14750
14759
14761
14769
14770
14771
14778
14791
14801
14802
14803
14811
14813
14814
14815
14817
14818
14823
14829
14833
14834
14837
14838
14839
14842
14845
14847
14863
14875
14878
14893
14895
14910
14914
14917
14921
14925
14926
14929
14931
14933
14939
14950
14951
14957
14958
14959
14961
14966
14969
14971
14975
14989
14994
14997
15002
15009
15010
15021
15025
15033
15038
15041
15042
15047
15049
15051
15053
15059
15063
15066
15070
15071
15075
15077
15079
15085
15086
15089
15094
15098
15106
15107
15111
15114
15119
15125
15134
15135
15141
15142
15151
15154
15155
15159
15161
15163
15169
15170
15171
15173
15174
15181
15183
15186
15194
15199
15201
15202
15203
15205
15221
15231
15243
15247
15254
15258
15265
15267
15270
15271
15285
15286
15293
15295
15297
15298
15306
15311
15319
15322
15323
15326
15335
15337
15343
15346
15349
15350
15353
15357
15358
15362
15365
15369
15371
15377
15381
15390
15402
15406
15414
15418
15453
15454
15458
15462
15465
15478
15485
15489
15493
15503
15515
15517
15519
15521
15526
15534
15546
15554
15562
15581
15586
15590
15594
15605
15606
15613
15621
15623
15627
15633
15634
15635
15637
15639
15642
15643
15646
15654
15658
15659
15669
15674
15678
15685
15693
15699
15701
15702
15705
15706
15707
15709
15717
15734
15737
15738
15742
15743
15745
15753
15754
15757
15760
15771
15778
15783
15791
15793
15797
15798
15804
15809
15815
15819
15822
15827
15834
15838
15839
15843
15845
15862
15866
15867
15871
15874
15875
15886
15889
15891
15895
15899
15907
15909
15911
15914
15917
15926
15935
15938
15943
15946
15951
15953
15955
15958
15959
15962
15983
15997
16002
16005
16006
16007
16015
16017
16021
16031
16033
16034
16038
16043
16047
16049
16051
16061
16063
16066
16071
16078
16079
16083
16090
16093
16095
16097
16105
16107
16111
16121
16122
16133
16143
16147
16159
16163
16165
16166
16167
16169
16170
16173
16193
16201
16203
16206
16209
16219
16225
16227
16233
16241
16243
16251
16258
16259
16262
16274
16277
16281
16287
16301
16303
16311
16313
16314
16315
16318
16319
16329
16330
16347
16349
16351
16357
16358
16361
16363
16366
16371
16379
16413
16414
16418
16426
16429
16430
16441
16442
16447
16450
16453
16455
16457
16458
16469
16470
16473
16478
16490
16494
16502
16505
16521
16541
16542
16546
16550
16561
16562
16565
16566
16573
16577
16585
16587
16589
16590
16593
16594
16609
16617
16621
16622
16626
16629
16630
16637
16645
16646
16649
16669
16677
16685
16694
16695
16697
16698
16699
16705
16717
16723
16725
16726
16727
16730
16742
16752
16755
16761
16762
16765
16771
16775
16781
16785
16793
16795
16798
16811
16814
16817
16822
16823
16833
16841
16843
16851
16855
16858
16871
16877
16878
16879
16885
16893
16895
16899
16905
16915
16924
16926
16927
16929
16933
16937
16939
16941
16946
16949
16951
16953
16954
16961
16963
16965
16967
16969
16970
16973
16977
16983
16991
16993
16995
17003
17011
17015
17030
17031
17034
17035
17039
17059
17073
17075
17079
17083
17090
17091
17094
17102
17106
17117
17121
17134
17138
17145
17147
17149
17151
17157
17159
17166
17170
17171
17175
17177
17178
17179
17182
17183
17195
17197
17207
17213
17215
17221
17223
17230
17237
17249
17258
17259
17265
17266
17271
17278
17279
17283
17285
17287
17298
17301
17311
17321
17322
17326
17329
17331
17335
17338
17341
17346
17365
17373
17382
17399
17401
17403
17405
17406
17407
17413
17414
17421
17426
17433
17437
17438
17453
17454
17455
17477
17481
17482
17490
17497
17498
17505
17506
17518
17530
17537
17541
17545
17546
17553
17565
17571
17586
17601
17630
17642
17646
17666
17673
17674
17677
17682
17693
17698
17699
17701
17703
17711
17713
17715
17722
17727
17730
17734
17743
17751
17757
17761
17778
17782
17790
17803
17809
17811
17817
17823
17826
17830
17831
17838
17854
17855
17861
17862
17881
17887
17889
17890
17891
17893
17897
17901
17902
17906
17910
17913
17918
17935
17941
17943
17951
17954
17957
17969
17973
17974
17977
17987
17990
17993
17997
17999
18007
18011
18013
18014
18017
18022
18025
18027
18033
18035
18037
18038
18043
18045
18047
18050
18051
18055
18057
18061
18063
18065
18066
18077
18086
18087
18090
18091
18094
18095
18098
18116
18119
18129
18133
18137
18146
18147
18149
18155
18163
18165
18167
18190
18193
18203
18214
18219
18230
18233
18235
18237
18245
18251
18253
18255
18259
18261
18263
18273
18274
18278
18279
18287
18297
18301
18305
18318
18331
18334
18337
18345
18347
18349
18354
18355
18359
18365
18367
18378
18386
18389
18390
18395
18397
18399
18415
18419
18422
18429
18431
18433
18438
18441
18446
18449
18454
18457
18462
18473
18494
18497
18502
18518
18521
18526
18534
18543
18550
18554
18558
18565
18569
18570
18573
18589
18609
18611
18617
18618
18622
18626
18634
18638
18646
18649
18650
18653
18658
18662
18669
18677
18690
18706
18707
18711
18719
18721
18722
18727
18729
18731
18738
18741
18742
18743
18745
18749
18751
18754
18757
18758
18761
18762
18765
18766
18769
18770
18771
18774
18775
18786
18794
18809
18813
18814
18819
18823
18829
18835
18846
18857
18858
18862
18865
18870
18871
18873
18887
18889
18891
18902
18915
18918
18927
18931
18934
18947
18950
18951
18954
18958
18959
18975
18977
18982
18983
18985
18989
18990
18993
18999
19001
19002
19006
19009
19011
19013
19018
19019
19025
19027
19034
19035
19038
19039
19043
19053
19065
19067
19069
19075
19078
19079
19081
19086
19087
19090
19094
19097
19107
19113
19117
19127
19137
19141
19142
19149
19150
19158
19161
19165
19179
19183
19185
19189
19194
19199
19201
19203
19205
19210
19214
19221
19222
19223
19253
19257
19259
19267
19271
19275
19279
19281
19293
19295
19297
19298
19302
19309
19313
19314
19319
19330
19333
19337
19341
19342
19345
19350
19351
19353
19355
19366
19381
19391
19393
19399
19402
19405
19407
19417
19419
19425
19427
19429
19431
19434
19437
19439
19449
19450
19453
19454
19462
19466
19469
19481
19482
19485
19489
19501
19505
19513
19525
19529
19530
19542
19546
19550
19557
19562
19585
19597
19601
19602
19613
19634
19637
19641
19642
19649
19654
19658
19661
19662
19673
19677
19678
19681
19689
19694
19695
19697
19698
19705
19709
19719
19730
19731
19738
19743
19745
19747
19749
19750
19753
19758
19763
19764
19777
19779
19785
19787
19803
19811
19821
19826
19831
19835
19841
19842
19850
19854
19861
19862
19871
19874
19875
19878
19879
19882
19890
19895
19906
19919
19925
19931
19933
19934
19937
19938
19949
19955
19959
19961
19962
19967
19970
19971
19975
19977
19978
19979
19982
19985
19986
19993
19995
19998
20003
20005
20009
20010
20013
20023
20025
20027
20030
20037
20038
20039
20041
20043
20049
20050
20055
20057
20062
20066
20071
20077
20078
20081
20086
20089
20093
20097
20101
20111
20117
20118
20137
20139
20142
20145
20149
20158
20159
20173
20174
20175
20179
20186
20197
20198
20199
20201
20202
20209
20213
20214
20215
20218
20219
20225
20226
20227
20230
20250
20263
20266
20277
20278
20287
20290
20293
20294
20295
20298
20302
20307
20309
20317
20329
20330
20335
20341
20343
20349
20357
20361
20365
20377
20389
20395
20398
20406
20407
20410
20414
20426
20434
20447
20453
20458
20459
20461
20467
20469
20471
20474
20479
20485
20486
20489
20490
20493
20494
20502
20514
20518
20541
20546
20549
20550
20573
20579
20581
20586
20589
20595
20598
20602
20606
20621
20638
20646
20661
20662
20670
20677
20685
20686
20695
20701
20713
20738
20741
20742
20751
20761
20765
20770
20774
20777
20778
20779
20781
20787
20790
20793
20794
20797
20798
20799
20806
20811
20823
20825
20827
20830
20831
20838
20839
20842
20843
20849
20861
20862
20877
20878
20889
20891
20893
20897
20898
20899
20901
20905
20906
20911
20913
20914
20925
20930
20933
20935
20937
20949
20950
20955
20959
20966
20967
20970
20971
20990
20991
20999
21001
21003
21006
21007
21010
21011
21018
21025
21026
21027
21038
21039
21040
21041
21045
21047
21053
21061
21066
21067
21073
21075
21079
21081
21085
21095
21097
21103
21110
21115
21118
21127
21137
21145
21151
21155
21159
21161
21162
21171
21173
21174
21177
21179
21197
21198
21205
21213
21222
21226
21253
21257
21259
21261
21263
21267
21270
21273
21285
21290
21291
21294
21295
21299
21306
21307
21314
21317
21318
21334
21337
21338
21342
21349
21355
21357
21358
21359
21361
21363
21382
21385
21401
21406
21409
21414
21418
21427
21435
21438
21445
21446
21450
21455
21463
21470
21487
21497
21498
21501
21509
21529
21533
21542
21546
21549
21553
21557
21565
21566
21574
21578
21586
21602
21609
21626
21630
21634
21645
21646
21649
21650
21666
21670
21675
21685
21706
21709
21710
21718
21721
21733
21735
21737
21745
21753
21762
21775
21778
21779
21781
21789
21791
21795
21798
21807
21809
21810
21811
21815
21817
21822
21823
21829
21831
21833
21834
21844
21853
21860
21862
21868
21870
21875
21877
21879
21882
21885
21897
21898
21903
21907
21913
21915
21918
21919
21926
21927
21955
21958
21962
21966
21967
21978
21979
21981
21983
22003
22005
22011
22018
22025
22034
22037
22038
22043
22046
22051
22054
22057
22059
22063
22070
22083
22085
22094
22099
22103
22105
22109
22110
22114
22121
22123
22125
22126
22133
22137
22139
22150
22175
22179
22189
22190
22191
22194
22198
22202
22203
22206
22209
22214
22215
22218
22219
22223
22230
22242
22243
22253
22259
22265
22274
22281
22283
22286
22298
22299
22303
22313
22315
22321
22322
22326
22331
22334
22346
22349
22350
22353
22357
22361
22377
22378
22383
22386
22394
22395
22397
22401
22406
22410
22417
22418
22423
22441
22453
22455
22459
22461
22462
22467
22469
22475
22477
22478
22501
22505
22514
22517
22518
22519
22527
22529
22530
22533
22542
22551
22566
22570
22571
22574
22578
22609
22614
22625
22634
22655
22657
22681
22690
22693
22698
22702
22710
22715
22718
22721
22733
22741
22745
22746
22749
22753
22757
22758
22778
22789
22791
22793
22794
22797
22799
22803
22806
22807
22809
22810
22813
22827
22833
22834
22837
22842
22843
22846
22847
22854
22855
22857
22861
22862
22871
22873
22877
22879
22886
22897
22901
22907
22910
22911
22913
22914
22915
22917
22919
22921
22929
22931
22933
22935
22941
22946
22949
22951
22953
22957
22962
22969
22974
22977
22979
22982
22990
23002
23009
23011
23014
23029
23033
23034
23035
23038
23039
23042
23045
23059
23065
23067
23075
23089
23090
23098
23102
23103
23110
23125
23127
23131
23138
23143
23145
23151
23154
23159
23170
23175
23177
23178
23186
23187
23191
23194
23199
23201
23205
23206
23210
23211
23225
23227
23245
23251
23254
23255
23267
23282
23285
23287
23290
23297
23303
23306
23313
23317
23322
23331
23334
23339
23343
23346
23354
23365
23366
23369
23379
23383
23385
23386
23387
23391
23393
23394
23395
23397
23398
23403
23406
23407
23410
23418
23422
23427
23431
23439
23441
23443
23445
23447
23457
23458
23459
23463
23471
23473
23481
23483
23489
23490
23495
23499
23505
23506
23510
23518
23523
23537
23539
23541
23542
23570
23577
23593
23597
23598
23602
23606
23617
23625
23634
23637
23638
23665
23669
23674
23677
23679
23682
23689
23693
23697
23701
23706
23717
23721
23729
23737
23742
23746
23750
23754
23766
23773
23774
23778
23782
23789
23797
23801
23805
23806
23811
23817
23821
23823
23843
23846
23847
23854
23855
23863
23866
23868
23870
23871
23873
23875
23881
23886
23890
23891
23897
23907
23910
23911
23915
23917
23921
23922
23926
23931
23935
23937
23941
23945
23947
23957
23963
23975
23977
23978
23986
23994
24006
24009
24011
24017
24022
24023
24025
24026
24030
24031
24033
24034
24035
24037
24046
24049
24051
24055
24057
24062
24067
24075
24077
24078
24083
24093
24094
24095
24098
24103
24123
24127
24130
24145
24147
24149
24157
24159
24165
24171
24175
24178
24179
24182
24183
24189
24196
24198
24213
24225
24226
24230
24239
24242
24249
24251
24259
24263
24269
24270
24271
24278
24279
24281
24283
24302
24306
24309
24310
24314
24318
24319
24322
24323
24329
24330
24337
24345
24346
24354
24355
24358
24371
24387
24390
24394
24401
24402
24409
24410
24415
24419
24421
24423
24425
24431
24434
24438
24442
24445
24447
24450
24454
24455
24457
24461
24473
24479
24481
24485
24487
24489
24491
24495
24502
24509
24517
24518
24519
24521
24527
24530
24534
24537
24539
24551
24561
24571
24574
24578
24582
24586
24598
24602
24605
24606
24615
24617
24621
24630
24633
24634
24637
24638
24641
24647
24649
24650
24658
24666
24677
24695
24697
24701
24705
24718
24726
24737
24742
24749
24750
24754
24757
24762
24774
24777
24782
24786
24789
24790
24818
24822
24825
24845
24850
24854
24857
24865
24873
24878
24882
24884
24887
24891
24897
24899
24901
24906
24911
24913
24925
24933
24937
24945
24946
24947
24963
24971
24975
24978
24981
24982
24985
24990
24993
24999
25006
25011
25015
25021
25035
25041
25042
25049
25054
25063
25065
25067
25069
25073
25078
25079
25083
25087
25090
25094
25101
25103
25105
25107
25122
25125
25126
25130
25135
25142
25145
25161
25163
25165
25166
25167
25171
25173
25187
25189
25193
25218
25221
25222
25227
25229
25237
25238
25253
25255
25261
25262
25263
25266
25267
25274
25277
25286
25298
25302
25305
25307
25309
25311
25313
25317
25318
25319
25321
25323
25327
25329
25334
25335
25339
25351
25353
25354
25355
25361
25365
25374
25378
25379
25386
25387
25391
25393
25394
25398
25406
25415
25423
25427
25429
25431
25435
25442
25445
25449
25453
25454
25459
25461
25465
25471
25479
25483
25486
25493
25494
25505
25509
25514
25515
25517
25518
25521
25530
25534
25537
25541
25543
25546
25559
25562
25567
25578
25581
25582
25583
25586
25590
25593
25594
25598
25601
25606
25613
25615
25622
25638
25645
25646
25649
25658
25663
25665
25673
25678
25681
25689
25690
25694
25701
25709
25719
25726
25730
25734
25749
25763
25774
25787
25789
25797
25801
25802
25805
25810
25817
25818
25829
25834
25841
25845
25854
25857
25859
25860
25861
25867
25873
25882
25886
25887
25889
25890
25897
25902
25903
25905
25913
25917
25919
25920
25923
25926
25930
25931
25937
25939
25941
25943
25945
25949
25950
25955
25959
25967
25971
25973
25978
25983
25991
25994
26006
26007
26013
26027
26031
26034
26035
26050
26052
26058
26061
26065
26066
26067
26070
26083
26085
26093
26097
26098
26099
26107
26111
26113
26126
26131
26141
26142
26143
26145
26149
26153
26154
26167
26169
26170
26173
26174
26175
26177
26182
26191
26199
26207
26217
26218
26219
26226
26227
26233
26246
26250
26253
26254
26255
26261
26269
26270
26273
26278
26281
26285
26287
26290
26311
26313
26319
26321
26323
26325
26326
26331
26338
26353
26361
26382
26395
26398
26403
26406
26414
26418
26429
26430
26431
26433
26435
26438
26445
26454
26458
26461
26467
26470
26471
26477
26481
26482
26485
26491
26494
26501
26502
26507
26510
26511
26515
26517
26529
26539
26546
26554
26566
26567
26570
26579
26586
26590
26597
26599
26601
26603
26606
26609
26615
26619
26621
26622
26623
26635
26639
26642
26650
26662
26665
26678
26685
26698
26701
26705
26711
26717
26725
26737
26738
26742
26749
26765
26774
26778
26782
26790
26791
26802
26806
26810
26814
26817
26821
26825
26827
26829
26841
26853
26854
26857
26861
26866
26874
26878
26879
26883
26889
26894
26898
26901
26907
26910
26911
26914
26917
26918
26925
26933
26934
26949
26951
26963
26966
26969
26978
26979
26981
26991
26993
26997
27000
27014
27015
27026
27027
27030
27031
27033
27034
27038
27039
27041
27042
27045
27046
27047
27054
27070
27081
27083
27087
27091
27093
27094
27095
27099
27107
27117
27127
27137
27138
27141
27142
27146
27147
27150
27154
27155
27159
27163
27177
27185
27190
27195
27197
27199
27206
27207
27226
27229
27234
27235
27239
27242
27243
27249
27251
27257
27261
27262
27271
27275
27277
27285
27303
27319
27325
27327
27329
27338
27339
27341
27346
27349
27357
27359
27365
27366
27367
27369
27373
27374
27385
27393
27397
27398
27402
27406
27410
27421
27425
27427
27430
27431
27449
27451
27454
27461
27470
27473
27475
27477
27483
27485
27507
27515
27522
27523
27525
27538
27539
27541
27543
27545
27546
27547
27562
27565
27579
27581
27582
27601
27602
27606
27610
27611
27613
27617
27621
27625
27629
27630
27634
27635
27637
27643
27645
27647
27654
27666
27669
27673
27681
27682
27694
27705
27718
27722
27734
27745
27749
27758
27761
27766
27773
27777
27778
27781
27798
27805
27809
27813
27817
27818
27830
27837
27838
27845
27850
27858
27861
27866
27873
27878
27882
27889
27897
27905
27913
27915
27919
27926
27929
27931
27939
27951
27962
27977
27982
27983
27989
27990
27994
27995
27997
28001
28007
28015
28017
28022
28023
28031
28041
28049
28050
28055
28057
28063
28065
28070
28074
28077
28087
28094
28095
28098
28109
28111
28125
28133
28138
28149
28150
28154
28166
28171
28177
28189
28197
28199
28207
28213
28214
28215
28222
28225
28229
28242
28246
28247
28250
28251
28255
28261
28266
28274
28275
28277
28278
28283
28287
28293
28294
28301
28302
28306
28307
28318
28319
28323
28325
28326
28327
28351
28355
28367
28370
28383
28393
28401
28402
28403
28407
28411
28415
28418
28433
28434
28435
28437
28447
28451
28462
28478
28479
28483
28497
28498
28502
28505
28506
28509
28521
28542
28545
28546
28547
28549
28554
28555
28558
28559
28562
28565
28569
28573
28574
28577
28581
28586
28587
28589
28598
28601
28605
28610
28611
28617
28621
28625
28626
28629
28633
28637
28638
28642
28646
28647
28649
28650
28651
28654
28657
28661
28667
28671
28673
28677
28681
28685
28690
28693
28697
28702
28710
28713
28714
28722
28726
28741
28747
28753
28754
28762
28798
28825
28826
28834
28835
28849
28851
28862
28865
28873
28875
28893
28897
28901
28902
28906
28909
28921
28943
28947
28948
28955
28957
28961
28963
28965
28967
28987
28994
29001
29003
29011
29013
29014
29015
29018
29019
29022
29023
29027
29031
29043
29047
29049
29067
29073
29078
29079
29081
29086
29091
29093
29094
29098
29099
29109
29117
29125
29131
29135
29137
29138
29139
29150
29154
29159
29162
29167
29170
29173
29175
29187
29189
29190
29194
29197
29203
29209
29214
29222
29227
29229
29233
29238
29239
29242
29249
29255
29269
29278
29283
29302
29303
29313
29317
29323
29327
29329
29331
29338
29339
29343
29347
29351
29357
29361
29362
29363
29367
29374
29379
29382
29387
29389
29390
29403
29410
29411
29413
29415
29423
29426
29429
29431
29434
29445
29455
29458
29461
29462
29469
29470
29471
29473
29478
29481
29486
29487
29491
29494
29498
29503
29507
29515
29530
29531
29535
29537
29541
29553
29563
29567
29569
29570
29575
29579
29581
29583
29586
29589
29591
29603
29614
29637
29642
29645
29651
29653
29658
29679
29686
29693
29694
29695
29698
29705
29714
29721
29738
29746
29749
29757
29759
29769
29770
29783
29786
29793
29806
29809
29822
29825
29834
29837
29845
29846
29853
29858
29869
29870
29873
29882
29894
29897
29898
29901
29906
29913
29917
29925
29941
29942
29945
29950
29953
29958
29961
29967
29971
29973
29982
29990
29993
29994
29995
30001
30009
30011
30013
30022
30030
30034
30037
30039
30046
30054
30055
30058
30059
30066
30069
30075
30077
30078
30083
30095
30097
30099
30106
30110
30115
30117
30122
30125
30126
30129
30135
30137
30138
30139
30146
30150
30153
30166
30173
30175
30178
30180
30183
30187
30189
30191
30194
30197
30203
30205
30207
30210
30214
30217
30218
30223
30226
30234
30235
30238
30239
30241
30246
30249
30250
30257
30258
30263
30266
30269
30271
30285
30286
30291
30294
30297
30299
30303
30305
30306
30309
30310
30315
30317
30319
30322
30325
30329
30335
30342
30343
30345
30346
30349
30353
30358
30363
30366
30367
30371
30377
30382
30383
30387
30390
30391
30395
30401
30402
30403
30405
30406
30409
30410
30411
30413
30415
30433
30438
30445
30447
30450
30451
30455
30459
30473
30477
30478
30482
30485
30497
30502
30507
30511
30521
30531
30538
30539
30542
30545
30551
30553
30561
30566
30567
30571
30577
30579
30582
30583
30589
30590
30594
30598
30599
30601
30602
30605
30606
30607
30617
30618
30627
30629
30630
30633
30635
30637
30643
30649
30654
30662
30663
30667
30669
30671
30675
30686
30691
30695
30718
30722
30730
30746
30750
30753
30757
30762
30765
30769
30770
30773
30787
30789
30793
30798
30806
30813
30818
30821
30825
30834
30838
30854
30859
30862
30866
30869
30870
30890
30893
30914
30917
30921
30926
30937
30945
30949
30950
30961
30966
30969
30973
30974
30978
30982
30994
30995
30997
31006
31009
31010
31011
31014
31015
31021
31025
31029
31037
31038
31045
31050
31058
31062
31065
31069
31082
31086
31094
31097
31101
31106
31107
31113
31127
31134
31138
31139
31141
31142
31158
31162
31165
31167
31171
31178
31179
31182
31183
31199
31206
31230
31234
31238
31239
31245
31250
31253
31257
31258
31259
31262
31265
31266
31267
31269
31271
31277
31289
31299
31301
31303
31307
31317
31319
31327
31334
31337
31339
31341
31342
31358
31361
31365
31377
31378
31381
31383
31387
31393
31394
31395
31397
31398
31401
31405
31407
31409
31418
31423
31427
31430
31431
31442
31443
31445
31447
31469
31471
31477
31485
31493
31495
31497
31498
31505
31509
31510
31519
31521
31534
31538
31539
31545
31550
31554
31559
31561
31563
31566
31569
31571
31579
31586
31591
31595
31598
31599
31601
31602
31605
31606
31607
31614
31617
31621
31622
31627
31629
31634
31639
31641
31642
31647
31651
31657
31659
31675
31686
31693
31695
31698
31713
31723
31725
31727
31735
31742
31753
31757
31766
31770
31779
31794
31797
31798
31801
31809
31814
31817
31823
31829
31851
31854
31869
31877
31885
31889
31901
31902
31909
31918
31930
31941
31945
31953
31954
31959
31961
31969
31978
31981
31990
31993
32005
32010
32015
32017
32026
32038
32039
32047
32051
32057
32058
32059
32071
32080
32082
32085
32086
32090
32092
32093
32094
32106
32107
32109
32113
32115
32117
32118
32119
32127
32140
32147
32150
32154
32158
32159
32165
32167
32169
32170
32178
32179
32182
32185
32186
32191
32193
32194
32195
32197
32202
32207
32213
32219
32222
32223
32225
32226
32227
32230
32231
32233
32238
32245
32249
32250
32253
32255
32257
32261
32266
32273
32274
32275
32283
32287
32289
32291
32294
32295
32297
32298
32301
32313
32314
32318
32321
32323
32326
32327
32335
32345
32347
32358
32365
32371
32374
32385
32395
32402
32406
32421
32431
32433
32443
32450
32453
32459
32470
32475
32482
32499
32502
32503
32509
32515
32519
32523
32527
32531
32533
32541
32557
32569
32570
32579
32583
32585
32587
32595
32602
32618
32623
32627
32630
32631
32634
32642
32643
32645
32650
32651
32653
32657
32662
32663
32666
32669
32670
32673
32686
32693
32697
32701
32713
32715
32717
32723
32725
32726
32747
32749
32751
32753
32758
32762
32770
32773
32778
32781
32785
32794
32798
32811
32822
32826
32829
32842
32845
32846
32847
32849
32851
32861
32862
32867
32878
32893
32902
32913
32914
32929
32930
32946
32950
32954
32955
32957
32969
32985
32993
32998
33001
33010
33013
33018
33025
33026
33030
33033
33037
33046
33047
33049
33055
33069
33070
33074
33077
33081
33083
33087
33091
33093
33102
33106
33107
33111
33117
33119
33122
33125
33127
33137
33141
33142
33146
33150
33172
33174
33177
33190
33191
33194
33201
33202
33206
33209
33217
33223
33226
33231
33234
33237
33238
33247
33250
33251
33257
33267
33278
33282
33285
33289
33291
33295
33297
33298
33301
33305
33306
33307
33309
33327
33330
33335
33339
33353
33354
33362
33365
33367
33371
33374
33375
33377
33379
33382
33383
33390
33393
33395
33399
33402
33403
33406
33418
33423
33427
33431
33435
33437
33438
33439
33450
33451
33455
33458
33461
33466
33469
33474
33475
33482
33490
33493
33495
33497
33498
33514
33515
33518
33521
33527
33529
33530
33531
33533
33543
33546
33550
33561
33571
33573
33574
33575
33577
33590
33591
33593
33595
33601
33609
33610
33617
33623
33627
33629
33633
33637
33639
33647
33651
33653
33654
33655
33670
33678
33679
33682
33685
33698
33703
33706
33722
33726
33731
33733
33734
33737
33739
33741
33743
33747
33749
33755
33757
33762
33765
33767
33769
33770
33773
33781
33786
33801
33813
33818
33825
33841
33846
33850
33866
33877
33881
33882
33889
33905
33906
33909
33921
33929
33937
33941
33950
33953
33954
33958
33965
33973
33981
33985
33990
33993
33994
34007
34009
34010
34017
34021
34025
34033
34037
34053
34055
34059
34063
34065
34069
34073
34079
34081
34093
34102
34105
34107
34109
34110
34123
34125
34127
34131
34134
34135
34137
34139
34143
34144
34147
34150
34151
34155
34161
34167
34170
34173
34174
34175
34177
34179
34181
34182
34197
34199
34206
34209
34210
34215
34221
34222
34225
34232
34235
34238
34239
34243
34244
34245
34246
34247
34250
34257
34258
34263
34267
34271
34273
34277
34278
34281
34286
34287
34289
34293
34294
34295
34297
34309
34311
34319
34321
34325
34333
34334
34342
34345
34346
34351
34354
34357
34363
34366
34371
34373
34374
34377
34379
34382
34386
34387
34395
34403
34410
34415
34418
34419
34426
34429
34433
34450
34451
34454
34457
34458
34459
34465
34466
34467
34468
34479
34487
34494
34499
34501
34505
34510
34518
34527
34533
34541
34542
34547
34553
34559
34561
34563
34569
34573
34577
34581
34583
34586
34601
34607
34613
34617
34635
34637
34642
34646
34653
34654
34666
34669
34670
34673
34677
34683
34687
34690
34701
34703
34709
34713
34722
34725
34726
34727
34729
34730
34735
34739
34741
34749
34757
34759
34763
34779
34782
34783
34785
34787
34790
34791
34793
34795
34798
34802
34803
34810
34811
34813
34821
34823
34826
34833
34834
34837
34849
34859
34861
34877
34889
34890
34893
34894
34910
34917
34922
34923
34933
34934
34937
34945
34946
34954
34966
34973
34977
34978
34982
34990
34997
35001
35014
35021
35022
35034
35037
35053
35054
35057
35065
35069
35075
35079
35081
35082
35090
35093
35101
35103
35106
35107
35110
35114
35117
35122
35123
35142
35145
35147
35157
35158
35161
35163
35165
35171
35173
35177
35186
35193
35195
35198
35205
35206
35221
35222
35225
35229
35235
35241
35246
35249
35261
35262
35263
35269
35277
35289
35290
35293
35294
35298
35302
35303
35306
35307
35311
35315
35319
35325
35329
35337
35338
35342
35349
35353
35354
35357
35358
35359
35361
35362
35370
35371
35374
35381
35383
35391
35398
35402
35403
35406
35411
35414
35418
35419
35426
35435
35437
35441
35443
35455
35463
35473
35478
35479
35482
35483
35486
35487
35489
35501
35503
35519
35521
35523
35531
35534
35537
35547
35550
35553
35558
35561
35573
35574
35577
35581
35587
35599
35602
35605
35607
35613
35619
35621
35625
35626
35627
35634
35639
35642
35643
35645
35653
35657
35658
35663
35671
35675
35678
35681
35685
35695
35699
35701
35703
35709
35730
35733
35738
35739
35742
35747
35749
35751
35754
35755
35757
35765
35773
35777
35779
35801
35805
35809
35813
35814
35815
35818
35823
35827
35833
35835
35845
35851
35857
35869
35881
35882
35889
35893
35897
35910
35921
35922
35929
35930
35953
35965
35970
35981
35982
35986
35990
36001
36005
36017
36018
36021
36022
36030
36034
36037
36041
36042
36046
36058
36062
36073
36077
36081
36082
36085
36089
36094
36097
36099
36101
36102
36105
36109
36111
36121
36122
36125
36133
36135
36139
36140
36150
36158
36161
36167
36170
36183
36189
36190
36194
36198
36205
36209
36216
36217
36231
36239
36245
36247
36249
36262
36263
36269
36270
36274
36277
36279
36283
36286
36294
36301
36302
36303
36307
36310
36313
36317
36321
36327
36334
36339
36346
36347
36359
36365
36378
36382
36385
36387
36390
36391
36393
36395
36398
36401
36402
36405
36407
36409
36410
36413
36437
36441
36446
36449
36454
36459
36465
36467
36469
36470
36475
36481
36483
36493
36495
36499
36509
36510
36513
36514
36521
36522
36527
36529
36542
36545
36551
36555
36557
36561
36569
36578
36582
36591
36594
36595
36606
36609
36611
36619
36622
36627
36629
36635
36637
36643
36645
36649
36651
36655
36659
36662
36665
36677
36685
36686
36687
36691
36693
36699
36702
36703
36706
36710
36711
36714
36722
36723
36726
36733
36735
36741
36745
36747
36750
36751
36761
36762
36770
36775
36781
36785
36790
36791
36793
36797
36801
36802
36809
36813
36821
36825
36827
36833
36837
36838
36839
36841
36845
36851
36858
36861
36862
36865
36869
36874
36881
36885
36894
36898
36910
36913
36930
36938
36942
36953
36965
36966
36974
36982
36985
36986
36997
37002
37006
37009
37010
37013
37021
37022
37029
37034
37039
37053
37057
37062
37070
37073
37074
37093
37098
37109
37118
37127
37129
37131
37139
37147
37157
37161
37166
37171
37178
37185
37190
37191
37193
37195
37205
37207
37211
37215
37217
37218
37226
37229
37242
37243
37249
37251
37254
37261
37263
37266
37267
37269
37271
37273
37278
37287
37290
37295
37301
37318
37321
37322
37325
37330
37331
37338
37347
37349
37357
37358
37363
37365
37373
37375
37382
37391
37399
37401
37402
37411
37414
37415
37417
37421
37425
37430
37431
37435
37439
37445
37450
37455
37462
37465
37466
37469
37470
37474
37479
37482
37483
37486
37489
37493
37497
37498
37499
37505
37506
37514
37515
37517
37519
37523
37525
37543
37546
37553
37554
37557
37565
37569
37570
37577
37581
37582
37589
37591
37599
37606
37610
37611
37619
37622
37625
37627
37633
37641
37642
37649
37653
37654
37657
37658
37666
37670
37679
37683
37685
37686
37689
37693
37694
37695
37698
37701
37702
37705
37707
37709
37713
37717
37727
37729
37730
37734
37745
37750
37751
37753
37761
37766
37773
37774
37781
37782
37789
37791
37794
37795
37802
37807
37809
37818
37819
37825
37829
37830
37841
37843
37849
37853
37854
37857
37859
37863
37865
37866
37870
37873
37874
37875
37879
37893
37894
37897
37898
37905
37917
37921
37929
37933
37957
37961
37962
37965
37970
37977
37986
37994
38002
38013
38018
38023
38029
38037
38042
38045
38049
38054
38061
38069
38073
38074
38086
38093
38101
38109
38117
38121
38122
38133
38135
38146
38151
38153
38157
38158
38159
38162
38165
38170
38174
38175
38177
38181
38193
38194
38195
38199
38200
38201
38207
38223
38226
38231
38233
38235
38238
38245
38249
38251
38253
38254
38255
38257
38263
38270
38271
38274
38278
38281
38283
38289
38291
38298
38299
38301
38303
38305
38306
38314
38323
38326
38329
38335
38343
38347
38351
38353
38355
38361
38362
38375
38378
38379
38393
38395
38403
38410
38415
38417
38425
38429
38430
38433
38442
38443
38446
38447
38453
38454
38458
38465
38469
38479
38490
38494
38495
38498
38506
38513
38519
38529
38531
38533
38534
38537
38539
38542
38545
38546
38553
38559
38560
38562
38563
38569
38570
38595
38607
38611
38613
38618
38623
38631
38633
38634
38637
38638
38639
38641
38642
38643
38649
38653
38658
38662
38665
38677
38682
38686
38693
38698
38702
38703
38709
38713
38715
38718
38719
38721
38725
38734
38743
38745
38753
38754
38757
38763
38767
38778
38779
38782
38790
38791
38793
38795
38803
38817
38819
38821
38825
38829
38842
38845
38849
38854
38862
38865
38866
38870
38877
38882
38883
38885
38886
38891
38913
38917
38918
38921
38925
38926
38930
38934
38941
38949
38950
38966
38970
38974
38981
38982
38983
38986
38987
39013
39014
39021
39022
39025
39030
39038
39042
39053
39057
39061
39069
39074
39075
39089
39093
39094
39095
39117
39122
39125
39126
39133
39134
39135
39142
39149
39154
39161
39169
39181
39185
39187
39191
39197
39198
39199
39202
39203
39205
39211
39217
39219
39225
39227
39229
39231
39233
39235
39238
39245
39249
39251
39254
39257
39259
39261
39263
39266
39269
39283
39285
39294
39298
39303
39305
39313
39315
39317
39318
39321
39327
39331
39334
39335
39339
39341
39343
39346
39355
39357
39358
39361
39365
39378
39383
39386
39389
39391
39394
39403
39405
39409
39423
39427
39431
39434
39439
39442
39446
39450
39455
39507
39513
39514
39518
39530
39531
39534
39537
39542
39543
39546
39551
39563
39567
39568
39576
39577
39581
39582
39583
39585
39587
39593
39595
39599
39611
39613
39614
39631
39635
39645
39646
39650
39654
39655
39662
39665
39666
39671
39673
39674
39683
39694
39695
39714
39718
39722
39731
39738
39739
39741
39759
39762
39765
39771
39774
39775
39778
39779
39790
39793
39794
39795
39797
39805
39809
39821
39829
39830
39834
39842
39845
39853
39859
39865
39867
39869
39870
39871
39873
39879
39881
39886
39893
39905
39909
39910
39917
39922
39923
39927
39933
39937
39941
39942
39945
39946
39949
39958
39962
39972
39978
39982
39985
39990
39994
40002
40018
40025
40027
40029
40033
40065
40082
40090
40097
40102
40110
40117
40121
40129
40138
40141
40146
40158
40165
40181
40182
40193
40198
40211
40213
40221
40227
40229
40230
40234
40235
40238
40239
40242
40246
40247
40255
40262
40271
40273
40274
40275
40279
40283
40287
40294
40295
40299
40302
40323
40327
40331
40341
40342
40343
40359
40363
40366
40377
40385
40391
40399
40407
40409
40410
40423
40425
40430
40431
40433
40449
40453
40454
40463
40466
40471
40478
40481
40482
40483
40502
40503
40505
40507
40511
40519
40526
40531
40541
40550
40553
40561
40563
40565
40574
40578
40585
40589
40603
40606
40607
40613
40614
40622
40623
40626
40630
40631
40634
40642
40651
40659
40662
40663
40673
40675
40678
40689
40690
40693
40695
40698
40703
40713
40717
40718
40734
40735
40742
40745
40749
40754
40761
40775
40779
40782
40786
40790
40797
40802
40805
40809
40813
40815
40822
40831
40835
40842
40847
40849
40853
40857
40862
40873
40877
40882
40887
40895
40897
40902
40903
40905
40913
40917
40922
40927
40953
40963
40965
40966
40967
40977
40983
40989
40990
40997
41001
41002
41009
41017
41018
41023
41045
41050
41062
41065
41073
41077
41083
41085
41097
41105
41106
41113
41122
41129
41130
41131
41134
41137
41141
41146
41150
41158
41173
41181
41185
41193
41198
41213
41217
41221
41230
41238
41249
41250
41255
41259
41261
41262
41274
41275
41277
41278
41281
41289
41290
41293
41295
41298
41299
41301
41307
41311
41314
41317
41319
41321
41322
41323
41325
41341
41345
41347
41350
41353
41354
41359
41367
41372
41374
41379
41381
41385
41391
41394
41397
41401
41403
41413
41415
41417
41418
41419
41425
41429
41442
41447
41449
41453
41455
41459
41461
41465
41467
41469
41482
41486
41490
41491
41494
41495
41502
41506
41507
41513
41518
41519
41523
41525
41527
41537
41542
41549
41550
41553
41554
41558
41559
41561
41562
41575
41579
41585
41586
41594
41599
41601
41605
41606
41618
41619
41621
41630
41635
41642
41643
41646
41647
41653
41658
41659
41662
41663
41665
41669
41673
41674
41675
41681
41682
41687
41689
41691
41693
41694
41697
41701
41710
41712
41717
41723
41725
41731
41735
41741
41743
41746
41755
41759
41762
41763
41765
41767
41771
41773
41779
41786
41793
41798
41799
41803
41805
41814
41821
41823
41829
41831
41833
41838
41839
41841
41845
41851
41853
41858
41861
41862
41863
41870
41877
41881
41882
41885
41886
41887
41893
41894
41898
41905
41911
41913
41918
41923
41925
41926
41927
41942
41943
41946
41947
41951
41963
41977
41978
41981
41983
41989
41994
42001
42006
42009
42014
42021
42025
42030
42045
42050
42054
42061
42065
42070
42074
42078
42081
42093
42097
42105
42113
42117
42121
42122
42125
42126
42141
42142
42145
42146
42154
42165
42166
42171
42174
42177
42190
42194
42197
42201
42202
42205
42209
42210
42213
42226
42229
42241
42242
42259
42262
42263
42267
42271
42277
42279
42285
42286
42287
42289
42297
42299
42306
42318
42323
42339
42342
42347
42350
42351
42354
42359
42365
42366
42367
42370
42371
42379
42383
42385
42394
42395
42397
42405
42409
42410
42411
42413
42417
42419
42421
42422
42425
42430
42434
42435
42438
42443
42449
42450
42451
42454
42457
42461
42462
42465
42474
42475
42479
42482
42486
42493
42495
42497
42498
42519
42523
42533
42537
42539
42545
42546
42555
42559
42562
42566
42581
42585
42590
42591
42597
42598
42602
42607
42611
42614
42618
42623
42633
42634
42638
42641
42643
42645
42649
42655
42658
42671
42676
42679
42681
42689
42698
42702
42707
42709
42711
42717
42719
42721
42722
42726
42727
42729
42730
42733
42734
42735
42737
42741
42745
42746
42753
42759
42765
42773
42777
42781
42795
42807
42817
42822
42833
42834
42839
42849
42855
42861
42866
42867
42870
42873
42875
42885
42887
42890
42903
42907
42918
42921
42925
42929
42930
42933
42935
42942
42955
42959
42962
42963
42966
42969
42982
42989
42993
43022
43026
43038
43041
43042
43045
43049
43050
43066
43073
43077
43078
43097
43098
43102
43117
43125
43138
43141
43146
43147
43158
43161
43170
43177
43182
43186
43189
43193
43197
43201
43202
43205
43207
43208
43209
43211
43218
43225
43230
43234
43237
43241
43250
43254
43261
43271
43273
43274
43278
43279
43281
43282
43287
43290
43293
43294
43301
43310
43311
43314
43315
43322
43327
43330
43334
43335
43337
43338
43343
43345
43347
43350
43354
43357
43363
43366
43371
43373
43374
43382
43402
43407
43410
43420
43422
43423
43443
43446
43449
43450
43451
43454
43463
43466
43473
43474
43477
43479
43485
43490
43491
43495
43499
43507
43510
43519
43521
43523
43526
43531
43545
43551
43562
43566
43574
43575
43581
43583
43586
43590
43601
43621
43626
43627
43633
43637
43639
43651
43657
43662
43663
43666
43667
43670
43671
43673
43682
43687
43690
43693
43698
43699
43703
43711
43715
43717
43718
43727
43731
43737
43742
43746
43747
43749
43754
43755
43757
43763
43774
43779
43786
43789
43791
43801
43803
43815
43818
43823
43827
43829
43834
43835
43838
43839
43841
43842
43843
43847
43855
43857
43859
43865
43866
43869
43870
43871
43874
43877
43878
43883
43885
43887
43891
43898
43899
43910
43911
43914
43918
43921
43931
43933
43941
43953
43966
43970
43973
43974
43978
43979
43989
43990
43994
43995
43998
44002
44009
44010
44019
44026
44061
44073
44102
44105
44106
44109
44130
44133
44142
44154
44157
44169
44185
44201
44202
44210
44218
44222
44225
44226
44229
44230
44237
44238
44241
44249
44255
44257
44266
44270
44277
44285
44290
44291
44295
44301
44303
44305
44309
44318
44322
44342
44343
44352
44353
44355
44357
44359
44362
44363
44373
44378
44379
44381
44383
44385
44386
44393
44395
44401
44405
44406
44407
44410
44415
44417
44437
44438
44449
44450
44473
44477
44481
44482
44483
44489
44490
44501
44503
44514
44522
44525
44529
44531
44539
44541
44542
44545
44546
44547
44555
44557
44559
44561
44562
44571
44579
44583
44591
44593
44594
44597
44601
44606
44609
44611
44614
44615
44618
44619
44621
44626
44627
44629
44633
44634
44637
44643
44649
44650
44654
44659
44662
44665
44669
44673
44674
44678
44681
44682
44683
44691
44694
44695
44701
44703
44707
44710
44714
44718
44723
44725
44731
44739
44747
44751
44761
44763
44766
44767
44769
44770
44771
44775
44777
44783
44785
44793
44795
44801
44805
44807
44809
44814
44817
44818
44827
44829
44833
44835
44837
44846
44854
44857
44865
44867
44869
44871
44875
44878
44879
44885
44903
44905
44906
44910
44911
44913
44918
44919
44922
44927
44930
44931
44933
44938
44942
44955
44958
44962
44977
44978
44983
44986
44990
44993
44994
44997
44998
45001
45002
45010
45013
45014
45015
45027
45030
45046
45053
45058
45078
45085
45089
45097
45101
45102
45105
45114
45129
45133
45134
45154
45162
45165
45166
45169
45170
45178
45182
45185
45198
45201
45213
45215
45217
45218
45223
45227
45234
45237
45249
45250
45254
45257
45261
45266
45277
45278
45282
45283
45298
45302
45305
45310
45313
45318
45322
45323
45326
45327
45334
45353
45359
45366
45367
45369
45370
45375
45381
45386
45387
45390
45397
45399
45402
45406
45407
45409
45411
45425
45426
45430
45432
45434
45438
45441
45442
45445
45447
45451
45466
45473
45478
45487
45489
45499
45503
45510
45513
45514
45515
45519
45521
45538
45539
45541
45543
45545
45550
45551
45553
45555
45569
45570
45571
45574
45575
45577
45579
45581
45585
45587
45589
45591
45595
45606
45610
45618
45619
45623
45642
45645
45647
45651
45657
45666
45677
45689
45694
45699
45701
45702
45706
45707
45717
45719
45723
45725
45727
45731
45733
45734
45735
45747
45749
45750
45751
45762
45767
45778
45781
45782
45785
45786
45790
45811
45813
45821
45829
45831
45833
45835
45837
45846
45847
45853
45859
45861
45871
45874
45885
45886
45889
45891
45895
45898
45899
45902
45905
45906
45910
45911
45913
45915
45918
45923
45930
45934
45938
45942
45957
45958
45959
45963
45967
45970
45971
45974
45978
45987
45990
45993
45999
46003
46005
46006
46007
46009
46025
46027
46035
46037
46039
46045
46046
46050
46058
46059
46062
46067
46070
46071
46106
46113
46117
46122
46123
46129
46131
46134
46142
46153
46157
46173
46186
46197
46210
46218
46222
46230
46237
46238
46246
46249
46254
46257
46258
46265
46269
46274
46277
46279
46289
46293
46297
46302
46305
46321
46334
46338
46347
46349
46351
46357
46361
46365
46369
46370
46371
46374
46375
46378
46386
46390
46391
46393
46397
46398
46399
46401
46407
46411
46415
46417
46418
46419
46423
46425
46433
46434
46446
46447
46461
46463
46465
46474
46481
46485
46490
46499
46503
46510
46511
46522
46526
46537
46543
46547
46553
46559
46567
46571
46581
46585
46586
46590
46593
46598
46602
46607
46611
46613
46615
46633
46634
46638
46639
46641
46643
46647
46649
46653
46654
46655
46663
46665
46670
46686
46689
46693
46695
46697
46699
46702
46703
46707
46718
46723
46725
46726
46731
46735
46737
46738
46743
46755
46764
46765
46766
46771
46782
46786
46793
46797
46798
46801
46805
46807
46813
46814
46822
46826
46830
46831
46835
46838
46839
46842
46850
46853
46855
46857
46863
46866
46867
46874
46879
46882
46893
46899
46901
46903
46906
46917
46918
46919
46923
46925
46929
46937
46941
46945
46958
46963
46965
46969
46973
46977
46978
46993
47002
47003
47007
47011
47013
47014
47017
47018
47021
47026
47029
47039
47045
47047
47049
47053
47054
47058
47063
47069
47073
47077
47089
47095
47097
47101
47105
47118
47129
47130
47134
47145
47149
47162
47177
47179
47181
47182
47189
47198
47206
47209
47210
47215
47217
47218
47221
47226
47230
47237
47246
47253
47254
47257
47261
47267
47269
47274
47278
47286
47297
47302
47314
47321
47333
47341
47345
47350
47351
47363
47370
47378
47382
47390
47395
47401
47405
47407
47409
47410
47411
47417
47421
47426
47433
47438
47439
47446
47447
47449
47462
47463
47469
47474
47484
47485
47486
47487
47489
47491
47494
47495
47511
47514
47515
47518
47521
47527
47537
47543
47551
47562
47570
47577
47582
47585
47594
47597
47602
47611
47622
47623
47625
47629
47630
47631
47633
47637
47641
47645
47646
47651
47654
47659
47661
47667
47674
47675
47682
47683
47697
47698
47700
47701
47702
47703
47718
47723
47726
47727
47735
47739
47743
47745
47749
47750
47754
47758
47761
47769
47771
47777
47778
47781
47789
47790
47795
47805
47807
47815
47822
47826
47833
47834
47842
47850
47866
47869
47873
47877
47878
47881
47889
47894
47901
47903
47905
47907
47909
47914
47915
47918
47938
47947
47954
47955
47959
47962
47963
47969
47973
47974
47977
47979
47981
47987
47994
47995
47997
48001
48003
48007
48009
48011
48013
48027
48029
48031
48035
48037
48039
48041
48042
48045
48046
48049
48057
48058
48065
48075
48077
48083
48086
48089
48093
48102
48106
48107
48109
48110
48111
48113
48129
48134
48137
48145
48147
48149
48153
48154
48158
48165
48173
48178
48181
48185
48190
48197
48198
48205
48213
48225
48226
48230
48233
48245
48246
48253
48254
48269
48270
48273
48286
48297
48305
48309
48325
48326
48333
48334
48338
48354
48357
48369
48373
48374
48377
48385
48390
48391
48393
48397
48401
48405
48422
48427
48437
48438
48443
48446
48447
48449
48455
48457
48461
48462
48469
48470
48471
48473
48482
48489
48490
48491
48495
48497
48502
48513
48515
48519
48522
48527
48529
48530
48531
48535
48538
48539
48543
48549
48551
48563
48566
48578
48579
48583
48599
48601
48610
48613
48631
48633
48635
48639
48645
48649
48653
48671
48674
48675
48679
48685
48687
48690
48698
48702
48706
48709
48711
48714
48718
48721
48733
48734
48738
48743
48747
48754
48759
48769
48773
48775
48782
48793
48797
48798
48799
48807
48810
48814
48819
48827
48831
48834
48842
48843
48849
48850
48851
48859
48861
48862
48865
48877
48879
48881
48882
48890
48894
48902
48903
48918
48921
48930
48937
48943
48951
48954
48958
48970
48971
48974
48978
48979
48981
48982
48983
48986
48987
48991
48997
48999
49007
49009
49015
49017
49018
49019
49022
49027
49037
49045
49051
49057
49061
49062
49065
49073
49077
49078
49079
49081
49086
49090
49102
49103
49109
49110
49113
49123
49125
49126
49127
49129
49134
49141
49145
49150
49158
49173
49174
49177
49193
49201
49203
49205
49206
49210
49221
49225
49250
49257
49261
49262
49277
49285
49289
49290
49294
49301
49305
49313
49314
49323
49333
49337
49345
49346
49350
49353
49354
49378
49381
49393
49395
49406
49414
49415
49418
49422
49427
49429
49430
49438
49441
49446
49451
49454
49461
49473
49474
49481
49482
49497
49498
49505
49506
49507
49509
49526
49530
49533
49537
49538
49540
49546
49554
49557
49558
49561
49563
49566
49569
49571
49574
49575
49577
49581
49582
49589
49594
49602
49611
49615
49625
49631
49637
49639
49645
49649
49650
49655
49659
49665
49667
49670
49675
49682
49698
49699
49701
49711
49718
49722
49727
49735
49737
49741
49742
49743
49751
49759
49769
49777
49779
49781
49791
49795
49798
49799
49803
49805
49811
49818
49822
49823
49827
49831
49833
49834
49839
49845
49849
49855
49859
49862
49867
49874
49881
49882
49883
49893
49894
49895
49898
49901
49903
49905
49906
49907
49910
49914
49915
49930
49933
49934
49935
49939
49942
49946
49947
49949
49955
49959
49965
49967
49973
49974
49975
49982
49989
49998
50003
50006
50014
50026
50031
50034
50038
50039
50046
50053
50054
50059
50062
50073
50079
50082
50086
50091
50102
50105
50109
50117
50129
50133
50137
50139
50141
50145
50150
50151
50163
50171
50174
50177
50185
50190
50206
50225
50233
50237
50245
50246
50254
50257
50261
50262
50265
50266
50269
50275
50277
50281
50282
50294
50301
50302
50306
50313
50337
50338
50341
50342
50345
50349
50361
50377
50381
50386
50389
50401
50409
50410
50413
50417
50418
50425
50437
50447
50450
50458
50462
50463
50467
50471
50489
50490
50497
50501
50511
50517
50518
50519
50526
50530
50531
50533
50557
50558
50562
50563
50569
50582
50586
50587
50589
50590
50591
50592
50606
50607
50617
50619
50621
50623
50631
50633
50634
50635
50638
50639
50647
50650
50657
50658
50659
50670
50675
50679
50689
50690
50691
50693
50706
50707
50709
50714
50719
50722
50723
50729
50734
50745
50746
50751
50753
50758
50761
50763
50765
50773
50777
50781
50782
50783
50790
50799
50802
50803
50814
50815
50818
50821
50823
50827
50829
50835
50837
50838
50839
50841
50843
50854
50857
50859
50861
50869
50870
50871
50878
50882
50885
50889
50894
50895
50899
50910
50914
50919
50921
50931
50937
50939
50941
50949
50950
50951
50959
50961
50962
50963
50970
50973
50978
50979
50981
50983
50998
51002
51003
51013
51021
51025
51026
51027
51029
51031
51033
51035
51037
51041
51046
51053
51057
51061
51067
51070
51073
51074
51077
51083
51085
51093
51101
51105
51110
51111
51113
51118
51122
51126
51129
51130
51134
51137
51141
51147
51149
51151
51158
51166
51173
51175
51189
51191
51195
51197
51198
51202
51205
51206
51213
51221
51225
51229
51233
51245
51250
51262
51266
51270
51273
51282
51285
51293
51310
51314
51317
51318
51321
51326
51330
51337
51349
51361
51362
51365
51378
51381
51394
51413
51418
51425
51431
51433
51434
51437
51446
51453
51459
51462
51465
51466
51467
51473
51474
51475
51479
51481
51482
51485
51487
51491
51499
51502
51514
51515
51518
51527
51530
51541
51543
51550
51553
51559
51570
51573
51575
51582
51586
51589
51590
51593
51598
51606
51610
51613
51622
51625
51626
51629
51631
51633
51635
51641
51642
51645
51646
51649
51655
51659
51663
51666
51670
51671
51673
51677
51678
51687
51691
51698
51707
51711
51713
51715
51722
51729
51731
51733
51741
51743
51750
51751
51754
51755
51758
51762
51763
51765
51769
51770
51773
51774
51778
51779
51785
51787
51797
51803
51826
51829
51831
51835
51842
51847
51849
51854
51857
51858
51862
51869
51873
51877
51878
51881
51883
51913
51917
51918
51923
51926
51930
51935
51941
51946
51947
51949
51953
51954
51958
51961
51962
51963
51969
51971
51977
51978
51994
51998
52007
52014
52015
52019
52021
52022
52025
52042
52045
52051
52058
52063
52067
52069
52070
52078
52081
52097
52099
52109
52110
52119
52127
52129
52130
52135
52139
52149
52155
52162
52169
52182
52183
52191
52197
52198
52202
52206
52207
52211
52215
52217
52226
52229
52230
52234
52237
52245
52249
52261
52266
52270
52273
52282
52286
52294
52295
52298
52301
52305
52309
52310
52321
52322
52325
52326
52329
52337
52342
52345
52358
52365
52401
52409
52410
52413
52417
52425
52429
52442
52462
52469
52470
52473
52482
52485
52493
52501
52502
52507
52514
52518
52525
52526
52534
52537
52538
52547
52550
52554
52561
52562
52570
52579
52585
52587
52589
52591
52593
52597
52598
52599
52601
52603
52607
52617
52618
52622
52625
52630
52631
52638
52646
52647
52651
52653
52654
52655
52663
52666
52667
52671
52675
52678
52682
52685
52687
52690
52697
52702
52703
52705
52706
52709
52713
52715
52717
52721
52723
52727
52737
52738
52746
52747
52749
52750
52751
52757
52758
52761
52765
52766
52774
52779
52781
52785
52790
52797
52799
52806
52807
52809
52811
52815
52822
52830
52834
52835
52837
52841
52846
52850
52851
52853
52854
52857
52859
52870
52873
52874
52879
52883
52885
52890
52891
52899
52901
52903
52905
52907
52909
52911
52915
52921
52923
52925
52927
52929
52930
52931
52938
52943
52945
52946
52947
52958
52962
52965
52966
52967
52971
52974
52975
52977
52979
52989
52994
52998
53001
53002
53006
53026
53030
53035
53038
53043
53045
53057
53061
53065
53069
53071
53082
53086
53091
53092
53094
53095
53097
53098
53101
53102
53103
53105
53110
53114
53117
53118
53119
53127
53133
53135
53145
53149
53150
53155
53158
53162
53165
53177
53178
53179
53189
53190
53194
53195
53197
53199
53203
53217
53218
53219
53226
53229
53230
53231
53234
53237
53238
53242
53247
53249
53250
53257
53261
53262
53277
53278
53281
53282
53290
53302
53306
53333
53337
53341
53342
53349
53350
53358
53361
53363
53373
53377
53381
53385
53390
53394
53397
53409
53410
53414
53426
53430
53449
53454
53469
53474
53478
53481
53494
53498
53501
53506
53507
53517
53519
53525
53526
53527
53530
53537
53539
53542
53545
53551
53554
53557
53565
53567
53569
53571
53573
53589
53590
53591
53593
53594
53598
53603
53610
53614
53619
53626
53629
53630
53631
53635
53637
53639
53643
53647
53649
53650
53653
53655
53658
53659
53669
53670
53671
53681
53687
53689
53698
53699
53701
53705
53710
53711
53713
53714
53721
53722
53727
53729
53735
53738
53739
53762
53771
53775
53779
53789
53790
53791
53798
53803
53813
53814
53821
53826
53827
53837
53839
53841
53843
53845
53849
53853
53854
53857
53858
53865
53867
53869
53873
53875
53879
53887
53899
53906
53913
53914
53919
53925
53930
53934
53946
53947
53951
53953
53959
53961
53965
53981
53987
53990
53997
53998
53999
54005
54007
54011
54014
54015
54017
54018
54022
54025
54026
54029
54031
54033
54034
54059
54061
54065
54078
54079
54089
54093
54097
54099
54109
54113
54114
54118
54119
54123
54125
54129
54133
54134
54135
54141
54143
54158
54161
54163
54165
54167
54174
54177
54179
54182
54185
54189
54198
54203
54205
54211
54213
54223
54226
54229
54231
54233
54234
54238
54239
54246
54253
54254
54262
54270
54273
54274
54281
54286
54289
54291
54297
54309
54310
54314
54322
54326
54329
54334
54350
54357
54362
54373
54377
54381
54389
54401
54409
54410
54417
54421
54457
54461
54462
54469
54470
54475
54489
54494
54497
54498
54505
54507
54509
54510
54517
54521
54525
54541
54542
54543
54550
54551
54557
54561
54565
54566
54567
54578
54581
54582
54587
54595
54597
54599
54601
54603
54605
54610
54611
54618
54621
54626
54629
54635
54639
54642
54646
54653
54655
54658
54667
54671
54677
54681
54683
54689
54693
54694
54695
54697
54702
54719
54721
54722
54726
54733
54734
54738
54739
54750
54753
54757
54758
54766
54769
54775
54783
54786
54787
54792
54802
54803
54807
54810
54811
54815
54818
54823
54826
54827
54831
54833
54841
54861
54874
54875
54885
54887
54890
54907
54914
54919
54922
54926
54934
54943
54947
54950
54953
54954
54955
54959
54963
54965
54967
54971
54972
54977
54979
54985
54987
54995
54997
54999
55011
55018
55019
55023
55025
55026
55027
55030
55041
55042
55043
55046
55062
55074
55078
55081
55086
55087
55090
55091
55099
55102
55106
55110
55114
55121
55122
55123
55134
55138
55139
55142
55143
55145
55147
55149
55153
55158
55163
55170
55177
55178
55182
55187
55194
55198
55199
55205
55206
55211
55214
55221
55222
55223
55225
55229
55234
55239
55241
55246
55249
55257
55262
55263
55267
55269
55286
55293
55297
55298
55301
55302
55305
55306
55310
55314
55317
55322
55325
55326
55330
55342
55349
55365
55369
55387
55389
55391
55394
55397
55405
55410
55418
55421
55422
55433
55441
55454
55458
55469
55471
55473
55474
55477
55489
55490
55501
55502
55513
55517
55521
55522
55541
55546
55551
55573
55574
55575
55579
55580
55589
55590
55594
55595
55597
55601
55603
55609
55614
55625
55627
55630
55637
55642
55647
55651
55654
55655
55659
55662
55666
55667
55669
55671
55673
55674
55677
55681
55683
55685
55687
55689
55695
55699
55701
55705
55726
55727
55730
55733
55734
55735
55739
55741
55743
55745
55746
55748
55750
55751
55755
55757
55762
55770
55774
55782
55783
55790
55794
55798
55803
55805
55807
55813
55818
55821
55822
55842
55847
55849
55853
55854
55871
55873
55875
55883
55887
55889
55895
55897
55899
55901
55905
55913
55921
55930
55931
55935
55937
55938
55941
55943
55947
55951
55963
55965
55966
55969
55975
55977
55978
55989
55991
55995
55999
56003
56006
56010
56018
56019
56030
56031
56033
56038
56042
56045
56047
56048
56053
56058
56059
56069
56073
56074
56079
56081
56082
56090
56093
56097
56101
56105
56111
56121
56122
56123
56131
56145
56147
56149
56153
56155
56157
56161
56165
56166
56173
56186
56190
56201
56206
56218
56219
56222
56227
56229
56230
56231
56243
56245
56254
56258
56261
56265
56266
56279
56281
56286
56287
56289
56290
56294
56301
56302
56303
56309
56311
56313
56319
56330
56333
56334
56335
56349
56358
56369
56377
56378
56381
56397
56399
56401
56405
56434
56437
56438
56445
56450
56461
56465
56467
56486
56489
56498
56509
56510
56513
56525
56526
56530
56538
56545
56561
56566
56569
56571
56579
56583
56590
56599
56601
56602
56610
56614
56615
56618
56619
56622
56623
56631
56633
56641
56649
56650
56654
56657
56658
56669
56670
56675
56687
56691
56694
56698
56701
56705
56707
56715
56717
56721
56723
56725
56731
56733
56734
56736
56737
56741
56743
56746
56749
56753
56761
56766
56767
56779
56786
56790
56807
56810
56813
56815
56817
56819
56822
56827
56830
56839
56845
56861
56862
56871
56873
56878
56887
56889
56891
56895
56897
56898
56899
56901
56905
56906
56909
56913
56917
56919
56923
56927
56929
56930
56931
56933
56934
56935
56937
56942
56946
56950
56954
56958
56961
56963
56970
56977
56979
56993
56998
56999
57005
57010
57013
57014
57018
57039
57045
57047
57051
57063
57069
57078
57079
57083
57098
57105
57107
57122
57125
57126
57133
57142
57147
57150
57153
57154
57161
57166
57171
57173
57177
57178
57181
57182
57186
57193
57198
57199
57206
57207
57209
57214
57219
57221
57222
57226
57229
57231
57234
57238
57241
57247
57249
57257
57262
57265
57281
57287
57290
57297
57305
57306
57307
57310
57313
57314
57322
57325
57334
57339
57349
57357
57382
57386
57387
57390
57398
57406
57413
57422
57441
57442
57449
57450
57453
57458
57461
57473
57498
57499
57518
57526
57530
57533
57542
57543
57550
57553
57557
57558
57563
57565
57574
57582
57585
57589
57598
57610
57613
57615
57617
57621
57622
57623
57625
57629
57630
57631
57635
57638
57641
57642
57645
57649
57657
57662
57665
57670
57674
57679
57681
57697
57699
57700
57703
57705
57711
57713
57719
57726
57727
57741
57745
57759
57761
57767
57770
57771
57774
57779
57785
57786
57787
57803
57807
57809
57811
57818
57822
57823
57826
57827
57829
57830
57833
57838
57846
57847
57849
57850
57859
57861
57862
57866
57871
57874
57879
57895
57903
57917
57921
57922
57926
57934
57935
57941
57943
57946
57951
57961
57970
57973
57977
57978
57979
57982
57983
57986
57990
57991
57993
58006
58010
58013
58017
58023
58029
58033
58034
58035
58038
58046
58055
58059
58063
58065
58067
58069
58070
58073
58079
58081
58089
58091
58094
58099
58103
58105
58107
58110
58117
58123
58126
58129
58130
58133
58135
58141
58145
58149
58153
58169
58171
58177
58186
58191
58198
58207
58209
58210
58213
58214
58221
58227
58229
58233
58234
58241
58243
58245
58249
58258
58259
58261
58273
58274
58282
58285
58287
58291
58306
58309
58313
58314
58317
58318
58319
58330
58339
58342
58351
58355
58358
58378
58381
58389
58394
58406
58426
58429
58438
58457
58458
58469
58478
58485
58490
58494
58497
58498
58510
58518
58521
58533
58550
58554
58562
58569
58570
58573
58578
58579
58586
58589
58590
58598
58609
58614
58621
58622
58627
58629
58630
58631
58633
58637
58639
58642
58658
58673
58677
58678
58681
58689
58693
58695
58702
58706
58710
58723
58729
58730
58742
58743
58746
58747
58749
58750
58755
58757
58762
58763
58765
58767
58770
58772
58775
58782
58783
58789
58793
58797
58798
58802
58809
58817
58826
58834
58839
58841
58842
58845
58850
58859
58863
58865
58883
58889
58890
58891
58897
58898
58899
58901
58906
58910
58911
58913
58914
58915
58918
58921
58922
58929
58938
58939
58941
58942
58943
58951
58953
58967
58979
58981
58983
58986
58994
59002
59003
59005
59006
59010
59013
59014
59018
59026
59027
59030
59034
59041
59042
59050
59057
59059
59061
59065
59070
59071
59074
59078
59079
59083
59085
59086
59087
59093
59097
59098
59102
59103
59106
59115
59121
59125
59127
59141
59142
59145
59155
59159
59166
59167
59170
59171
59173
59174
59185
59189
59203
59206
59209
59211
59213
59214
59229
59231
59234
59235
59247
59253
59254
59261
59263
59265
59271
59273
59275
59278
59279
59285
59287
59289
59293
59297
59298
59302
59303
59311
59314
59318
59321
59334
59335
59337
59338
59339
59346
59349
59351
59353
59358
59377
59386
59397
59410
59414
59417
59421
59422
59430
59438
59451
59453
59461
59462
59466
59469
59474
59477
59481
59486
59501
59509
59517
59522
59533
59537
59538
59546
59553
59554
59558
59562
59590
59593
59595
59597
59598
59602
59606
59609
59610
59614
59617
59622
59629
59630
59649
59653
59657
59663
59665
59671
59686
59710
59719
59722
59727
59730
59734
59735
59743
59746
59750
59751
59753
59755
59769
59775
59778
59779
59781
59782
59786
59790
59794
59799
59801
59802
59806
59825
59826
59839
59849
59853
59858
59865
59867
59875
59877
59879
59890
59893
59894
59897
59903
59918
59922
59930
59933
59935
59937
59938
59941
59945
59949
59951
59955
59958
59959
59961
59962
59963
59969
59975
59979
59987
59989
59990
59991
59995
59996
59997
59999
60005
60007
60014
60015
60021
60022
60023
60029
60030
60031
60034
60035
60039
60042
60043
60045
60049
60050
60053
60055
60058
60062
60065
60067
60073
60074
60078
60086
60087
60101
60102
60106
60109
60111
60113
60117
60121
60123
60130
60133
60134
60141
60143
60154
60155
60157
60158
60165
60166
60170
60171
60173
60174
60179
60185
60186
60187
60191
60194
60201
60202
60205
60207
60225
60226
60227
60230
60233
60239
60243
60246
60249
60251
60254
60259
60261
60262
60266
60270
60274
60282
60285
60286
60290
60301
60302
60305
60313
60317
60322
60326
60346
60347
60355
60357
60358
60367
60371
60374
60378
60383
60385
60389
60394
60395
60407
60413
60417
60418
60421
60446
60455
60458
60461
60466
60469
60474
60477
60490
60494
60501
60502
60505
60510
60515
60517
60545
60547
60581
60585
60593
60606
60618
60625
60634
60641
60646
60649
60650
60657
60658
60662
60665
60669
60685
60690
60691
60698
60701
60705
60706
60721
60725
60727
60730
60737
60739
60742
60743
60751
60752
60755
60759
60762
60766
60767
60768
60769
60770
60775
60779
60793
60795
60797
60799
60803
60807
60810
60811
60813
60814
60822
60831
60833
60837
60838
60841
60842
60850
60851
60855
60861
60870
60873
60877
60887
60891
60897
60903
60906
60909
60911
60918
60922
60923
60925
60931
60950
60953
60962
60965
60967
60973
60977
60981
60983
60987
60995
60996
61005
61011
61013
61017
61018
61026
61033
61035
61039
61041
61045
61054
61055
61061
61063
61070
61074
61075
61078
61085
61086
61087
61091
61097
61101
61103
61111
61117
61125
61131
61143
61145
61147
61151
61154
61157
61158
61159
61161
61163
61173
61175
61179
61182
61195
61197
61199
61205
61211
61214
61215
61227
61233
61234
61235
61237
61238
61239
61253
61254
61255
61257
61262
61266
61271
61275
61278
61281
61282
61286
61289
61291
61299
61301
61303
61305
61323
61327
61338
61346
61349
61355
61361
61377
61393
61399
61402
61403
61413
61414
61417
61422
61427
61430
61433
61435
61438
61441
61450
61462
61465
61466
61469
61474
61477
61486
61494
61506
61513
61514
61527
61529
61530
61533
61537
61538
61549
61550
61561
61565
61594
61598
61601
61614
61617
61622
61626
61629
61633
61637
61641
61642
61657
61661
61666
61670
61674
61685
61701
61705
61709
61713
61715
61722
61725
61729
61737
61738
61750
61771
61778
61779
61783
61785
61787
61789
61790
61797
61801
61805
61813
61814
61818
61821
61823
61830
61833
61849
61852
61857
61858
61861
61871
61873
61881
61887
61894
61895
61905
61910
61918
61921
61922
61926
61930
61931
61933
61938
61942
61943
61950
61955
61957
61958
61959
61961
61963
61966
61969
61971
61974
61978
61979
61982
61989
61995
61997
62005
62006
62013
62022
62023
62026
62030
62035
62037
62042
62055
62059
62061
62069
62071
62077
62086
62087
62091
62092
62093
62097
62098
62106
62109
62119
62121
62126
62127
62129
62130
62145
62146
62153
62158
62161
62163
62166
62170
62173
62175
62178
62179
62181
62182
62183
62189
62193
62198
62203
62207
62211
62217
62227
62229
62235
62237
62242
62250
62254
62265
62271
62273
62278
62279
62283
62287
62289
62297
62302
62305
62314
62321
62322
62330
62333
62335
62339
62346
62347
62348
62349
62355
62358
62359
62366
62371
62374
62378
62381
62401
62403
62407
62410
62411
62414
62422
62423
62437
62439
62457
62458
62469
62473
62474
62477
62481
62482
62501
62509
62521
62522
62525
62534
62541
62545
62553
62561
62562
62566
62570
62574
62581
62582
62585
62589
62594
62598
62601
62606
62609
62610
62621
62630
62642
62646
62657
62661
62682
62686
62698
62702
62706
62709
62714
62718
62721
62722
62731
62733
62738
62739
62746
62750
62753
62769
62773
62786
62797
62798
62799
62802
62806
62810
62813
62817
62819
62821
62822
62823
62825
62834
62837
62839
62843
62846
62851
62853
62855
62858
62859
62861
62869
62870
62877
62881
62893
62894
62897
62898
62901
62906
62907
62909
62913
62915
62923
62926
62929
62934
62935
62938
62950
62951
62962
62965
62966
62969
62974
62978
62979
62981
62986
62997
62999
63005
63006
63007
63014
63026
63029
63034
63037
63042
63049
63063
63066
63078
63079
63087
63089
63107
63111
63117
63118
63130
63131
63138
63142
63150
63154
63155
63157
63159
63169
63170
63175
63189
63190
63193
63199
63203
63205
63207
63213
63214
63222
63229
63235
63238
63242
63247
63269
63270
63271
63275
63277
63285
63287
63291
63293
63295
63305
63307
63309
63310
63311
63314
63315
63317
63323
63329
63331
63333
63337
63341
63345
63346
63355
63361
63363
63366
63381
63382
63385
63391
63398
63411
63426
63430
63431
63437
63445
63449
63453
63454
63457
63458
63473
63479
63481
63485
63486
63510
63513
63514
63517
63525
63527
63529
63534
63537
63539
63542
63554
63561
63565
63571
63577
63585
63590
63594
63601
63603
63606
63618
63621
63633
63637
63638
63653
63658
63661
63665
63669
63670
63678
63681
63685
63697
63710
63713
63714
63718
63730
63749
63757
63758
63759
63762
63763
63765
63766
63773
63774
63775
63781
63787
63790
63799
63801
63809
63817
63821
63823
63827
63841
63859
63866
63869
63870
63874
63882
63887
63895
63909
63910
63911
63922
63927
63930
63938
63941
63942
63943
63945
63947
63949
63961
63975
63982
63987
63991
63997
63998
64011
64019
64023
64029
64037
64058
64066
64071
64075
64077
64078
64087
64091
64093
64094
64095
64098
64106
64111
64117
64118
64122
64123
64127
64131
64133
64134
64141
64145
64150
64153
64155
64157
64169
64178
64186
64187
64193
64195
64197
64202
64203
64205
64210
64211
64217
64226
64227
64229
64230
64231
64235
64238
64239
64241
64242
64249
64253
64255
64261
64273
64281
64282
64290
64294
64295
64302
64306
64307
64313
64319
64321
64325
64337
64338
64345
64358
64359
64361
64362
64369
64373
64374
64378
64383
64389
64391
64394
64398
64399
64406
64409
64411
64414
64421
64422
64426
64434
64442
64450
64451
64454
64455
64457
64462
64473
64475
64477
64478
64486
64487
64495
64501
64503
64505
64506
64513
64522
64525
64529
64533
64534
64553
64569
64570
64577
64590
64597
64613
64645
64649
64653
64657
64661
64662
64670
64673
64674
64675
64681
64685
64698
64702
64717
64718
64722
64733
64734
64737
64738
64741
64745
64750
64753
64759
64771
64773
64778
64783
64789
64790
64794
64795
64798
64803
64810
64815
64817
64823
64826
64827
64831
64843
64850
64854
64855
64857
64863
64865
64870
64872
64875
64883
64885
64891
64903
64905
64909
64912
64913
64929
64933
64938
64945
64946
64954
64955
64957
64959
64967
64978
64979
64980
64983
64994
64997
64999
65003
65006
65009
65014
65025
65029
65033
65035
65038
65042
65054
65061
65065
65071
65074
65079
65082
65091
65093
65095
65102
65106
65113
65118
65123
65125
65127
65129
65133
65135
65142
65145
65151
65154
65157
65158
65159
65166
65170
65173
65175
65179
65181
65189
65191
65198
65199
65203
65207
65209
65210
65213
65214
65215
65227
65230
65233
65238
65242
65250
65251
65253
65259
65262
65277
65289
65295
65302
65303
65306
65311
65314
65317
65319
65327
65333
65339
65341
65342
65343
65345
65357
65359
65361
65362
65365
65366
65369
65373
65377
65378
65383
65399
65407
65410
65415
65418
65422
65430
65434
65442
65450
65459
65463
65466
65470
65473
65479
65482
65494
65501
65507
65511
65522
65525
65526
65527
65530
65534
