1
9
10
13
14
22
26
37
38
45
49
57
70
81
93
102
106
109
121
125
129
134
141
142
154
157
173
178
186
197
206
213
230
237
238
241
242
245
246
254
262
263
266
267
273
275
277
285
286
297
298
299
301
302
307
311
321
327
329
334
337
341
346
349
357
362
365
370
375
381
389
398
402
407
413
414
417
423
425
426
429
431
439
445
451
455
458
459
465
470
471
474
475
477
482
485
489
491
495
523
529
531
535
538
541
546
549
550
554
557
561
569
571
581
582
585
587
589
591
594
595
601
602
606
611
613
615
617
619
626
631
633
641
645
646
650
653
654
655
661
667
675
682
686
690
699
701
707
710
713
714
722
726
742
747
757
758
759
765
769
771
783
790
793
802
806
811
817
819
825
827
829
837
841
845
849
859
867
871
875
877
882
883
885
889
895
898
902
907
909
918
922
929
935
938
939
941
945
950
965
970
983
986
995
999
1001
1003
1017
1021
1029
1041
1042
1046
1049
1054
1057
1061
1065
1066
1069
1082
1097
1105
1106
1111
1125
1126
1137
1138
1154
1157
1165
1166
1181
1185
1197
1206
1210
1217
1218
1222
1233
1237
1241
1245
1258
1273
1274
1278
1281
1289
1290
1295
1297
1302
1305
1307
1309
1313
1327
1333
1334
1338
1347
1349
1350
1353
1354
1358
1359
1361
1362
1365
1366
1371
1378
1382
1386
1391
1397
1405
1409
1421
1435
1442
1455
1458
1467
1474
1478
1479
1483
1485
1487
1493
1494
1499
1502
1505
1507
1511
1513
1515
1526
1529
1534
1549
1558
1561
1566
1574
1586
1587
1594
1595
1598
1605
1613
1621
1623
1625
1627
1630
1631
1633
1634
1639
1641
1642
1649
1657
1658
1659
1662
1663
1665
1667
1678
1681
1682
1687
1697
1698
1711
1722
1723
1725
1727
1738
1743
1745
1749
1753
1755
1759
1771
1775
1786
1791
1797
1807
1813
1817
1818
1837
1838
1842
1845
1847
1849
1855
1857
1861
1865
1870
1878
1879
1886
1887
1890
1893
1894
1901
1902
1909
1914
1929
1934
1942
1943
1953
1970
1977
1979
1991
2003
2009
2010
2017
2026
2027
2029
2038
2045
2053
2057
2059
2074
2078
2082
2093
2095
2105
2110
2119
2121
2146
2154
2157
2162
2169
2173
2186
2190
2197
2213
2218
2221
2226
2230
2237
2241
2246
2254
2261
2263
2270
2274
2278
2297
2298
2301
2302
2305
2315
2317
2322
2327
2334
2335
2339
2345
2346
2347
2354
2363
2366
2369
2373
2385
2393
2395
2401
2406
2407
2417
2418
2419
2422
2425
2426
2429
2434
2435
2437
2439
2454
2458
2467
2470
2482
2485
2490
2492
2493
2501
2502
2505
2507
2509
2514
2521
2522
2539
2546
2559
2565
2567
2574
2582
2583
2585
2590
2591
2594
2601
2606
2607
2609
2611
2613
2621
2627
2631
2635
2642
2649
2650
2654
2667
2670
2673
2675
2679
2693
2694
2706
2709
2722
2723
2726
2731
2737
2743
2746
2751
2755
2759
2767
2774
2783
2786
2787
2791
2805
2811
2822
2831
2838
2842
2845
2853
2854
2855
2866
2875
2881
2883
2885
2891
2906
2909
2923
2925
2929
2935
2941
2942
2947
2950
2951
2959
2965
2969
2975
2977
2978
2979
2987
2991
2993
2995
2998
3001
3003
3010
3019
3022
3025
3030
3033
3037
3038
3041
3042
3046
3062
3066
3073
3074
3077
3095
3098
3102
3103
3105
3110
3113
3118
3130
3141
3142
3158
3165
3166
3169
3174
3181
3185
3189
3190
3193
3195
3213
3217
3226
3238
3242
3249
3257
3269
3277
3278
3282
3293
3295
3298
3302
3309
3317
3337
3338
3339
3343
3349
3361
3365
3367
3377
3378
3379
3387
3390
3401
3407
3409
3411
3413
3417
3423
3425
3427
3429
3431
3443
3446
3455
3457
3462
3463
3466
3469
3470
3483
3485
3489
3491
3493
3494
3495
3510
3511
3517
3521
3523
3525
3534
3539
3545
3549
3550
3553
3565
3567
3569
3571
3578
3579
3581
3583
3591
3594
3609
3614
3615
3625
3630
3634
3637
3643
3649
3659
3667
3679
3691
3693
3695
3697
3698
3699
3722
3727
3729
3730
3731
3734
3737
3738
3743
3746
3751
3759
3765
3766
3770
3778
3779
3791
3799
3805
3806
3807
3809
3813
3818
3825
3829
3835
3845
3846
3849
3859
3862
3867
3877
3878
3881
3885
3887
3890
3894
3909
3913
3914
3930
3934
3937
3938
3941
3943
3946
3950
3957
3959
3963
3985
3990
3998
3999
4001
4005
4007
4010
4011
4017
4021
4023
4026
4034
4041
4042
4053
4054
4055
4057
4062
4073
4083
4086
4090
4098
4105
4106
4117
4118
4126
4129
4137
4158
4162
4165
4169
4182
4186
4201
4202
4205
4209
4210
4229
4233
4234
4250
4254
4269
4287
4291
4294
4322
4325
4329
4333
4337
4338
4342
4345
4346
4351
4355
4362
4374
4375
4381
4385
4390
4391
4405
4410
4413
4421
4422
4429
4441
4442
4445
4458
4462
4465
4469
4471
4474
4477
4478
4482
4483
4486
4487
4494
4495
4501
4504
4505
4506
4507
4521
4523
4529
4543
4549
4550
4557
4559
4569
4571
4575
4578
4585
4590
4593
4613
4615
4623
4625
4631
4634
4650
4659
4665
4666
4671
4673
4681
4683
4687
4697
4699
4706
4714
4718
4719
4721
4729
4731
4739
4743
4754
4769
4774
4775
4778
4789
4790
4793
4794
4819
4822
4823
4830
4833
4841
4843
4845
4853
4863
4866
4869
4871
4881
4882
4890
4893
4894
4901
4902
4907
4909
4927
4938
4945
4951
4970
4973
4974
4977
4993
4997
5002
5009
5022
5026
5034
5041
5046
5053
5054
5058
5061
5066
5073
5074
5099
5101
5114
5119
5129
5137
5138
5142
5145
5146
5149
5154
5158
5159
5162
5169
5170
5181
5183
5186
5193
5199
5206
5209
5210
5217
5221
5222
5226
5245
5250
5253
5262
5269
5273
5277
5281
5282
5294
5297
5298
5301
5309
5313
5330
5333
5337
5341
5342
5358
5362
5379
5382
5383
5387
5390
5395
5397
5399
5407
5409
5410
5414
5418
5419
5421
5423
5430
5431
5435
5437
5441
5446
5455
5458
5461
5471
5475
5483
5485
5486
5494
5503
5510
5511
5534
5543
5545
5547
5557
5585
5590
5594
5601
5603
5606
5607
5610
5611
5615
5617
5623
5634
5635
5636
5639
5641
5643
5645
5649
5657
5659
5663
5665
5667
5673
5674
5678
5681
5683
5686
5690
5697
5715
5717
5718
5722
5723
5730
5731
5737
5742
5746
5750
5751
5755
5757
5758
5762
5765
5766
5769
5771
5775
5778
5787
5794
5798
5799
5802
5815
5823
5827
5831
5834
5835
5838
5839
5853
5867
5869
5870
5883
5885
5889
5894
5899
5905
5919
5922
5927
5930
5931
5934
5935
5938
5939
5961
5963
5974
5978
5982
5985
6007
6014
6017
6019
6026
6027
6038
6041
6042
6046
6047
6055
6057
6062
6066
6071
6074
6077
6078
6082
6083
6085
6089
6101
6102
6119
6130
6134
6137
6141
6142
6145
6155
6157
6165
6170
6171
6174
6186
6197
6201
6202
6205
6209
6210
6213
6218
6229
6233
6234
6241
6251
6257
6261
6277
6278
6293
6294
6305
6330
6333
6338
6341
6342
6345
6354
6361
6365
6371
6382
6401
6407
6413
6423
6430
6431
6453
6454
6462
6467
6471
6481
6493
6501
6503
6508
6509
6515
6521
6525
6534
6535
6541
6555
6559
6567
6578
6587
6591
6598
6599
6602
6606
6607
6621
6622
6626
6627
6635
6639
6641
6645
6646
6649
6655
6657
6658
6663
6666
6671
6674
6677
6679
6681
6682
6701
6705
6706
6707
6709
6711
6725
6735
6743
6747
6755
6766
6771
6773
6774
6777
6778
6779
6787
6788
6789
6790
6799
6801
6807
6809
6818
6819
6821
6837
6838
6842
6845
6847
6849
6853
6854
6855
6858
6863
6865
6866
6869
6870
6873
6874
6878
6879
6889
6905
6917
6921
6922
6926
6927
6938
6941
6942
6947
6954
6959
6961
6962
6967
6971
6973
6979
6981
6987
6990
7001
7002
7005
7007
7009
7013
7017
7018
7023
7029
7034
7038
7043
7046
7047
7051
7053
7058
7063
7066
7069
7071
7075
7078
7083
7086
7087
7091
7097
7102
7107
7115
7126
7130
7131
7134
7137
7143
7151
7157
7165
7169
7173
7181
7186
7194
7198
7210
7214
7218
7246
7262
7265
7269
7282
7290
7293
7294
7297
7298
7302
7309
7314
7326
7327
7329
7334
7337
7341
7350
7362
7365
7366
7369
7374
7382
7385
7386
7390
7397
7401
7406
7426
7430
7435
7437
7439
7443
7446
7451
7457
7459
7462
7463
7471
7473
7479
7481
7485
7486
7505
7511
7514
7515
7523
7525
7527
7529
7533
7534
7537
7539
7543
7551
7554
7555
7557
7559
7561
7565
7573
7574
7578
7579
7582
7585
7587
7591
7593
7595
7598
7605
7607
7609
7615
7633
7641
7646
7647
7649
7650
7654
7655
7657
7658
7662
7667
7670
7673
7677
7685
7690
7702
7705
7706
7707
7710
7714
7715
7735
7738
7739
7741
7742
7743
7750
7757
7758
7759
7766
7767
7769
7770
7773
7775
7783
7794
7795
7801
7803
7806
7807
7811
7819
7823
7827
7831
7834
7835
7839
7841
7843
7845
7847
7849
7850
7853
7857
7863
7865
7874
7875
7882
7883
7887
7891
7902
7918
7919
7926
7927
7941
7945
7947
7954
7963
7965
7975
7977
7982
7986
7989
7991
7994
8015
8017
8022
8031
8034
8055
8061
8062
8063
8077
8090
8093
8107
8110
8111
8117
8121
8125
8126
8127
8131
8133
8137
8146
8149
8157
8158
8159
8163
8166
8167
8170
8175
8183
8187
8191
8193
8197
8205
8209
8213
8217
8234
8261
8265
8278
8281
8293
8294
8302
8303
8306
8330
8333
8334
8357
8365
8367
8370
8378
8381
8389
8402
8409
8410
8413
8417
8421
8426
8433
8434
8441
8446
8449
8454
8459
8462
8469
8486
8490
8491
8493
8495
8505
8506
8508
8511
8517
8521
8523
8525
8531
8534
8538
8547
8551
8553
8557
8559
8563
8567
8569
8574
8581
8587
8589
8590
8594
8599
8603
8619
8629
8633
8637
8639
8642
8646
8654
8662
8663
8673
8681
8682
8683
8687
8690
8691
8694
8697
8698
8705
8706
8710
8713
8714
8718
8722
8725
8726
8729
8731
8739
8746
8749
8754
8755
8762
8767
8781
8787
8789
8791
8798
8803
8806
8834
8839
8847
8850
8855
8858
8859
8874
8875
8879
8886
8889
8890
8891
8903
8905
8906
8919
8925
8929
8930
8931
8933
8942
8947
8950
8953
8955
8957
8958
8975
8977
8978
8987
8989
8990
8994
8997
9002
9003
9007
9010
9022
9029
9033
9034
9035
9045
9049
9054
9058
9059
9062
9078
9085
9086
9094
9098
9101
9102
9105
9107
9113
9121
9129
9134
9139
9143
9145
9146
9151
9157
9159
9162
9166
9175
9182
9183
9189
9190
9197
9198
9210
9213
9214
9221
9226
9229
9241
9258
9266
9273
9277
9278
9281
9285
9290
9301
9307
9337
9339
9341
9342
9354
9365
9369
9370
9374
9377
9381
9382
9385
9393
9394
9397
9398
9410
9414
9421
9437
9438
9441
9445
9447
9453
9465
9466
9477
9478
9479
9491
9493
9494
9501
9509
9510
9511
9512
9513
9517
9518
9529
9530
9537
9543
9545
9549
9551
9557
9561
9562
9566
9569
9570
9581
9601
9609
9611
9618
9621
9626
9629
9634
9639
9641
9645
9646
9650
9654
9657
9661
9663
9666
9667
9670
9674
9685
9690
9693
9706
9709
9710
9719
9723
9729
9735
9737
9738
9739
9745
9755
9767
9770
9773
9777
9779
9781
9785
9790
9793
9797
9798
9805
9806
9809
9811
9813
9818
9821
9835
9838
9841
9842
9846
9847
9859
9862
9863
9871
9873
9874
9878
9889
9894
9897
9905
9906
9911
9915
9918
9922
9926
9927
9929
9930
9934
9937
9941
9942
9943
9947
9951
9953
9955
9957
9961
9963
9966
9973
9974
9979
9990
9998
10001
10003
10006
10009
10013
10017
10030
10031
10034
10037
10046
10051
10055
10074
10077
10086
10094
10095
10109
10122
10126
10129
10133
10143
10146
10147
10149
10150
10154
10161
10165
10167
10169
10179
10183
10186
10195
10198
10203
10210
10215
10231
10237
10246
10250
10253
10259
10262
10277
10278
10281
10286
10302
10311
10318
10321
10322
10325
10330
10337
10338
10350
10361
10366
10373
10381
10385
10389
10390
10398
10407
10410
10425
10426
10433
10445
10450
10457
10474
10477
10485
10498
10499
10502
10503
10508
10514
10521
10523
10526
10537
10542
10549
10554
10559
10561
10571
10575
10577
10579
10593
10597
10601
10603
10607
10611
10615
10619
10629
10641
10642
10645
10657
10665
10667
10671
10677
10682
10697
10698
10702
10710
10717
10718
10734
10738
10742
10746
10747
10749
10750
10755
10757
10759
10766
10769
10779
10781
10785
10791
10798
10805
10811
10813
10824
10829
10833
10839
10841
10842
10843
10850
10853
10854
10857
10858
10861
10862
10863
10870
10871
10879
10886
10895
10899
10903
10906
10911
10914
10922
10923
10927
10931
10938
10942
10947
10957
10958
10963
10969
10970
10974
10977
10981
10982
10983
10987
10989
10990
11005
11011
11021
11025
11026
11047
11049
11054
11063
11067
11070
11073
11077
11082
11094
11095
11102
11117
11119
11125
11134
11138
11147
11159
11161
11163
11165
11166
11167
11170
11185
11189
11198
11199
11202
11209
11215
11222
11223
11243
11245
11247
11250
11261
11263
11269
11270
11278
11286
11287
11289
11313
11317
11338
11349
11353
11369
11377
11381
11393
11397
11398
11417
11422
11426
11433
11437
11442
11443
11450
11451
11453
11457
11461
11470
11473
11489
11490
11497
11498
11505
11514
11529
11531
11537
11541
11546
11547
11554
11555
11557
11562
11567
11571
11579
11585
11587
11589
11591
11595
11597
11602
11610
11622
11626
11639
11645
11647
11663
11670
11673
11675
11679
11689
11695
11699
11706
11707
11719
11726
11729
11730
11733
11742
11749
11755
11765
11771
11773
11778
11785
11787
11790
11807
11809
11813
11815
11817
11825
11829
11830
11837
11839
11855
11863
11865
11866
11867
11870
11875
11877
11886
11891
11902
11903
11907
11911
11918
11922
11923
11925
11927
11929
11930
11937
11938
11945
11947
11949
11950
11955
11961
11962
11965
11966
11970
11971
11974
11978
11979
11989
12001
12006
12011
12014
12015
12018
12019
12021
12029
12030
12031
12047
12053
12054
12055
12067
12069
12074
12077
12078
12086
12093
12102
12103
12105
12110
12114
12125
12137
12141
12149
12155
12158
12159
12178
12190
12201
12207
12209
12211
12213
12226
12229
12231
12249
12253
12255
12258
12259
12261
12262
12275
12278
12282
12285
12297
12302
12305
12306
12309
12310
12325
12342
12345
12350
12361
12362
12363
12366
12385
12390
12410
12413
12418
12422
12427
12438
12445
12449
12453
12457
12461
12465
12474
12485
12493
12494
12513
12518
12522
12525
12533
12534
12541
12544
12546
12547
12550
12553
12557
12585
12598
12599
12606
12607
12613
12618
12623
12626
12629
12635
12643
12651
12653
12655
12661
12662
12663
12674
12675
12681
12682
12686
12687
12698
12699
12702
12703
12705
12722
12723
12725
12727
12730
12753
12759
12770
12775
12786
12789
12798
12799
12801
12811
12815
12823
12826
12827
12834
12837
12843
12847
12849
12859
12863
12865
12866
12867
12875
12877
12882
12899
12913
12914
12915
12922
12925
12926
12927
12931
12933
12937
12938
12946
12949
12957
12959
12962
12963
12966
12967
12970
12973
12982
12986
13002
13003
13006
13015
13017
13037
13039
13047
13049
13053
13062
13070
13071
13075
13081
13086
13089
13101
13102
13105
13109
13117
13121
13129
13130
13141
13150
13157
13158
13162
13177
13178
13181
13182
13185
13186
13194
13195
13198
13202
13203
13205
13206
13215
13217
13223
13230
13233
13234
13245
13251
13259
13261
13263
13266
13273
13279
13287
13293
13295
13301
13313
13314
13326
13333
13338
13350
13354
13365
13369
13370
13373
13389
13393
13401
13405
13411
13413
13417
13421
13426
13431
13433
13450
13461
13466
13469
13485
13501
13502
13507
13510
13513
13514
13529
13534
13538
13547
13553
13555
13558
13561
13571
13573
13577
13583
13585
13586
13590
13597
13599
13602
13603
13607
13610
13614
13617
13621
13631
13635
13642
13646
13649
13653
13654
13655
13661
13667
13675
13679
13681
13687
13689
13695
13709
13719
13723
13726
13727
13731
13733
13738
13745
13748
13749
13751
13753
13755
13761
13779
13787
13793
13799
13806
13811
13814
13815
13819
13826
13842
13859
13877
13879
13881
13882
13887
13889
13891
13893
13894
13901
13905
13925
13926
13929
13930
13931
13938
13939
13949
13950
13953
13954
13957
13959
13961
13970
13979
13985
13987
13989
13999
14001
14005
14010
14011
14018
14023
14025
14037
14041
14042
14043
14047
14051
14054
14062
14069
14070
14073
14078
14079
14081
14082
14086
14093
14099
14102
14103
14107
14114
14118
14131
14143
14145
14147
14149
14151
14159
14163
14173
14177
14182
14186
14190
14191
14193
14209
14210
14211
14219
14227
14229
14235
14238
14245
14250
14254
14255
14259
14274
14275
14277
14293
14298
14299
14305
14309
14311
14317
14323
14325
14327
14329
14334
14337
14341
14349
14350
14357
14366
14369
14377
14381
14382
14385
14395
14402
14406
14410
14413
14418
14421
14422
14426
14427
14433
14449
14453
14458
14466
14478
14481
14502
14510
14517
14525
14537
14538
14541
14542
14546
14561
14562
14573
14578
14586
14592
14593
14595
14602
14606
14609
14610
14615
14618
14619
14634
14637
14639
14641
14647
14650
14659
14662
14666
14676
14677
14681
14689
14695
14702
14709
14713
14714
14717
14718
14727
14741
14743
14745
14759
14765
14781
14785
14798
14803
14806
14818
14821
14823
14825
14829
14832
14834
14839
14841
14842
14845
14853
14854
14855
14861
14862
14873
14878
14881
14903
14907
14914
14918
14919
14921
14923
14925
14927
14931
14935
14957
14958
14963
14966
14967
14973
14986
14989
14990
14991
14994
14997
15002
15010
15014
15018
15025
15026
15028
15035
15038
15045
15047
15050
15054
15055
15059
15063
15070
15073
15075
15081
15083
15089
15098
15106
15111
15123
15125
15126
15127
15134
15135
15138
15139
15141
15142
15145
15146
15151
15163
15165
15167
15169
15170
15174
15178
15183
15186
15191
15195
15201
15205
15209
15251
15261
15266
15270
15271
15277
15279
15285
15291
15293
15294
15305
15307
15309
15322
15327
15329
15335
15337
15341
15346
15349
15357
15358
15361
15363
15365
15378
15381
15387
15389
15390
15394
15402
15406
15413
15414
15422
15433
15434
15442
15446
15450
15454
15462
15470
15477
15478
15485
15501
15522
15537
15546
15549
15550
15558
15562
15566
15578
15581
15586
15590
15593
15601
15605
15606
15613
15619
15623
15631
15635
15637
15639
15642
15654
15659
15669
15670
15674
15677
15678
15679
15681
15685
15686
15687
15689
15691
15698
15699
15702
15705
15733
15745
15746
15749
15750
15757
15759
15767
15774
15778
15783
15787
15789
15803
15806
15809
15815
15818
15823
15827
15828
15834
15839
15842
15843
15847
15855
15859
15862
15865
15871
15875
15885
15886
15889
15890
15891
15895
15897
15898
15899
15902
15905
15907
15909
15910
15911
15914
15919
15923
15925
15927
15930
15935
15938
15945
15951
15955
15957
15958
15967
15971
15974
15976
15983
15986
15989
15994
15997
15998
15999
16001
16005
16007
16013
16014
16019
16021
16025
16043
16046
16047
16049
16051
16054
16061
16062
16063
16065
16066
16070
16071
16074
16087
16089
16090
16091
16107
16109
16121
16122
16127
16133
16143
16145
16154
16161
16163
16166
16169
16173
16175
16177
16178
16203
16213
16219
16227
16230
16234
16237
16249
16259
16262
16269
16274
16277
16283
16290
16294
16297
16301
16302
16305
16311
16318
16325
16329
16334
16346
16347
16349
16357
16363
16366
16367
16382
16418
16421
16425
16427
16429
16433
16437
16438
16441
16442
16450
16451
16457
16458
16465
16466
16469
16470
16478
16489
16493
16497
16501
16502
16514
16521
16530
16541
16545
16546
16553
16554
16561
16573
16581
16585
16590
16593
16594
16606
16614
16626
16629
16633
16634
16647
16649
16654
16661
16663
16665
16673
16679
16697
16699
16705
16722
16723
16727
16733
16741
16742
16743
16750
16751
16755
16765
16770
16771
16774
16775
16777
16782
16783
16786
16793
16795
16798
16806
16814
16821
16823
16826
16829
16831
16834
16839
16841
16842
16850
16851
16855
16873
16878
16879
16885
16886
16889
16893
16895
16897
16899
16906
16919
16922
16926
16929
16933
16939
16949
16950
16953
16959
16961
16963
16965
16967
16973
16977
16981
16991
16993
16998
17003
17006
17010
17011
17013
17015
17027
17030
17031
17032
17035
17049
17053
17054
17057
17058
17059
17066
17073
17085
17099
17102
17106
17107
17117
17133
17134
17137
17138
17146
17147
17151
17157
17158
17159
17162
17166
17167
17170
17171
17175
17177
17178
17179
17183
17186
17190
17191
17197
17198
17205
17209
17217
17221
17223
17230
17233
17237
17255
17259
17263
17265
17271
17278
17279
17283
17298
17301
17309
17317
17321
17325
17326
17335
17337
17338
17341
17349
17362
17365
17377
17381
17382
17385
17393
17395
17398
17401
17414
17421
17426
17433
17437
17446
17453
17461
17473
17474
17481
17483
17490
17494
17505
17506
17514
17518
17521
17523
17526
17541
17545
17550
17553
17562
17569
17581
17586
17590
17593
17594
17601
17622
17630
17633
17642
17649
17659
17666
17673
17682
17686
17697
17701
17706
17711
17713
17719
17734
17735
17741
17743
17746
17753
17754
17757
17762
17778
17790
17797
17803
17807
17811
17834
17841
17846
17847
17850
17853
17855
17858
17866
17869
17879
17881
17887
17889
17890
17893
17897
17898
17901
17902
17910
17917
17918
17921
17941
17943
17945
17946
17951
17954
17957
17966
17969
17973
17983
17990
17993
17994
17999
18003
18007
18011
18014
18017
18022
18025
18027
18035
18037
18038
18047
18050
18055
18063
18065
18069
18071
18075
18086
18090
18091
18093
18097
18098
18123
18127
18129
18130
18133
18146
18149
18155
18162
18165
18166
18169
18182
18187
18195
18203
18210
18214
18218
18227
18230
18231
18233
18234
18235
18237
18251
18253
18254
18263
18267
18270
18273
18274
18275
18278
18287
18293
18297
18301
18303
18318
18323
18326
18333
18334
18342
18345
18347
18349
18351
18357
18359
18363
18367
18370
18382
18389
18395
18397
18399
18409
18410
18415
18422
18423
18429
18431
18441
18443
18446
18449
18450
18453
18477
18494
18497
18506
18515
18518
18526
18534
18541
18569
18570
18589
18601
18602
18614
18618
18626
18630
18638
18641
18649
18658
18662
18669
18674
18677
18682
18686
18690
18697
18698
18701
18702
18710
18721
18722
18727
18729
18730
18741
18749
18750
18753
18757
18762
18770
18773
18774
18782
18786
18789
18790
18794
18795
18803
18805
18809
18815
18817
18822
18823
18825
18826
18833
18835
18838
18846
18847
18851
18854
18857
18863
18867
18869
18870
18871
18873
18875
18877
18889
18891
18898
18903
18909
18910
18911
18914
18918
18923
18929
18930
18931
18945
18947
18949
18950
18954
18959
18969
18975
18978
18979
18981
18982
18983
18985
18989
18990
18994
19001
19002
19005
19006
19013
19018
19029
19031
19039
19041
19043
19065
19069
19078
19079
19081
19083
19086
19090
19094
19095
19097
19106
19113
19121
19122
19126
19127
19131
19133
19141
19146
19147
19153
19154
19158
19161
19166
19169
19177
19179
19181
19186
19199
19201
19203
19206
19214
19225
19229
19234
19238
19245
19249
19257
19258
19267
19269
19273
19275
19277
19279
19286
19289
19297
19298
19306
19307
19309
19313
19314
19321
19323
19333
19334
19339
19341
19342
19346
19350
19363
19366
19370
19383
19385
19391
19393
19395
19402
19405
19407
19411
19417
19419
19425
19426
19429
19439
19450
19473
19481
19482
19485
19486
19489
19490
19499
19501
19503
19505
19509
19513
19526
19529
19530
19537
19541
19545
19550
19562
19574
19582
19598
19605
19609
19617
19630
19634
19650
19657
19658
19661
19673
19677
19678
19681
19689
19690
19702
19709
19711
19722
19723
19729
19730
19738
19739
19741
19743
19745
19749
19753
19769
19777
19787
19790
19793
19805
19809
19814
19826
19829
19830
19831
19834
19841
19849
19850
19853
19862
19865
19866
19870
19875
19878
19881
19906
19925
19929
19934
19935
19937
19939
19941
19949
19950
19959
19961
19967
19970
19971
19973
19982
19985
19986
19990
19991
19993
19995
20002
20005
20009
20010
20013
20021
20023
20037
20039
20043
20046
20049
20055
20057
20062
20067
20071
20086
20093
20109
20111
20117
20118
20125
20142
20158
20159
20167
20169
20173
20174
20175
20179
20181
20191
20193
20197
20201
20202
20209
20210
20215
20218
20221
20225
20230
20235
20237
20255
20287
20293
20294
20295
20296
20310
20317
20343
20350
20357
20361
20370
20377
20378
20379
20385
20386
20389
20402
20406
20407
20410
20418
20431
20435
20438
20441
20445
20446
20453
20467
20474
20485
20486
20489
20490
20501
20519
20525
20527
20534
20538
20541
20558
20573
20574
20579
20585
20589
20597
20614
20622
20626
20634
20642
20645
20653
20654
20657
20658
20661
20662
20665
20670
20674
20677
20678
20685
20693
20701
20714
20731
20741
20742
20743
20750
20761
20765
20770
20773
20774
20775
20778
20779
20790
20793
20794
20799
20823
20831
20833
20838
20839
20842
20843
20845
20846
20849
20867
20871
20877
20878
20881
20889
20891
20897
20898
20899
20901
20905
20913
20914
20915
20918
20919
20923
20925
20931
20934
20947
20949
20950
20959
20970
20979
20990
20995
21003
21009
21010
21011
21017
21025
21026
21031
21037
21038
21039
21043
21046
21047
21050
21053
21055
21059
21061
21063
21065
21066
21075
21077
21079
21085
21094
21099
21103
21108
21110
21111
21113
21123
21126
21127
21134
21142
21145
21148
21151
21163
21165
21166
21170
21177
21178
21197
21198
21203
21210
21211
21217
21221
21235
21238
21239
21243
21247
21249
21251
21253
21254
21265
21267
21269
21270
21279
21283
21285
21287
21291
21294
21295
21303
21305
21306
21309
21315
21317
21330
21331
21338
21345
21349
21358
21359
21367
21373
21382
21385
21387
21399
21401
21403
21405
21407
21409
21414
21426
21427
21433
21442
21443
21445
21450
21458
21469
21470
21489
21498
21502
21505
21518
21533
21534
21549
21550
21553
21557
21565
21570
21574
21583
21598
21601
21602
21617
21621
21622
21626
21630
21633
21638
21645
21649
21650
21657
21661
21674
21677
21690
21702
21706
21710
21713
21714
21718
21721
21726
21733
21742
21745
21753
21769
21770
21774
21777
21785
21789
21791
21793
21795
21797
21798
21800
21801
21802
21807
21810
21811
21815
21822
21823
21831
21840
21842
21846
21849
21851
21853
21865
21869
21870
21873
21877
21879
21883
21885
21886
21898
21912
21913
21915
21918
21919
21926
21929
21946
21951
21957
21958
21959
21962
21969
21971
21973
21978
21981
21985
21989
21990
21995
21997
22002
22011
22018
22021
22031
22032
22034
22037
22038
22045
22051
22053
22054
22057
22063
22067
22071
22073
22074
22075
22079
22085
22090
22091
22093
22099
22103
22110
22133
22134
22136
22137
22139
22145
22154
22161
22167
22173
22175
22178
22179
22197
22198
22203
22209
22217
22223
22227
22230
22233
22234
22235
22237
22238
22241
22243
22245
22246
22248
22249
22253
22259
22265
22273
22277
22281
22283
22286
22290
22297
22298
22299
22301
22303
22313
22315
22323
22346
22349
22350
22353
22361
22367
22371
22375
22377
22379
22383
22394
22402
22407
22411
22413
22418
22434
22439
22457
22459
22469
22470
22477
22481
22501
22505
22509
22510
22511
22517
22523
22525
22529
22534
22537
22541
22549
22554
22563
22566
22570
22578
22582
22589
22606
22625
22630
22671
22677
22681
22686
22690
22694
22702
22707
22726
22729
22730
22733
22738
22742
22743
22745
22749
22762
22770
22773
22777
22778
22781
22791
22793
22794
22797
22807
22809
22810
22814
22818
22822
22828
22834
22837
22841
22845
22855
22859
22862
22873
22879
22881
22883
22889
22890
22899
22901
22911
22917
22924
22930
22932
22953
22955
22957
22958
22962
22965
22967
22979
22982
22985
22989
22991
22997
23001
23002
23007
23009
23021
23031
23033
23034
23035
23037
23043
23045
23053
23067
23078
23085
23087
23090
23091
23092
23093
23096
23113
23115
23119
23126
23129
23131
23145
23149
23151
23159
23161
23165
23171
23174
23175
23178
23181
23182
23187
23201
23205
23206
23214
23217
23219
23223
23231
23245
23251
23254
23261
23265
23267
23270
23271
23275
23283
23285
23287
23289
23295
23299
23305
23306
23313
23317
23331
23333
23339
23343
23347
23349
23350
23355
23357
23365
23366
23381
23385
23386
23393
23397
23406
23407
23410
23415
23418
23422
23427
23433
23435
23438
23439
23443
23445
23447
23450
23454
23457
23458
23463
23467
23471
23478
23481
23482
23483
23489
23498
23499
23505
23506
23509
23510
23511
23518
23525
23529
23537
23539
23541
23547
23549
23550
23554
23562
23566
23570
23573
23574
23578
23582
23586
23589
23593
23597
23598
23605
23609
23614
23634
23637
23641
23643
23651
23657
23661
23662
23665
23666
23669
23682
23689
23694
23695
23697
23710
23714
23718
23730
23733
23734
23741
23742
23750
23754
23774
23781
23782
23789
23797
23801
23805
23811
23815
23835
23837
23838
23847
23849
23853
23855
23859
23861
23866
23873
23877
23886
23903
23913
23915
23917
23922
23929
23935
23939
23941
23943
23945
23949
23953
23958
23959
23963
23970
23974
23975
23977
23978
23985
23986
24005
24006
24009
24010
24015
24023
24025
24033
24035
24037
24046
24049
24051
24059
24063
24077
24078
24079
24082
24086
24087
24093
24094
24095
24103
24109
24115
24123
24127
24139
24143
24149
24157
24165
24171
24173
24174
24178
24189
24198
24199
24202
24203
24206
24211
24218
24223
24226
24230
24239
24242
24251
24259
24263
24269
24270
24273
24278
24283
24285
24287
24289
24291
24293
24294
24302
24309
24310
24315
24319
24322
24323
24326
24329
24330
24337
24353
24354
24358
24363
24365
24367
24373
24377
24379
24387
24394
24415
24423
24425
24434
24437
24438
24442
24449
24450
24453
24455
24457
24458
24470
24473
24479
24481
24487
24490
24491
24510
24511
24523
24527
24529
24534
24537
24538
24539
24547
24550
24551
24553
24554
24561
24571
24578
24582
24585
24586
24594
24597
24598
24605
24633
24637
24654
24657
24658
24666
24673
24677
24682
24686
24690
24693
24697
24701
24706
24709
24710
24717
24721
24726
24727
24737
24738
24742
24753
24754
24757
24777
24790
24793
24799
24806
24810
24818
24822
24825
24826
24850
24854
24855
24857
24859
24873
24875
24882
24891
24894
24895
24897
24899
24910
24911
24913
24914
24922
24925
24929
24937
24946
24947
24959
24963
24965
24973
24978
24979
24981
24982
24985
24990
24993
24999
25003
25006
25010
25015
25035
25043
25045
25049
25054
25063
25069
25070
25073
25074
25085
25090
25101
25103
25115
25122
25125
25126
25127
25130
25135
25142
25145
25153
25161
25163
25165
25169
25171
25175
25187
25189
25190
25193
25200
25205
25209
25217
25218
25219
25222
25227
25238
25239
25241
25254
25255
25257
25262
25263
25265
25266
25267
25271
25273
25279
25280
25286
25301
25305
25306
25307
25311
25314
25315
25318
25319
25321
25322
25323
25329
25334
25335
25339
25347
25353
25354
25357
25365
25369
25379
25382
25386
25387
25391
25393
25401
25406
25413
25425
25427
25431
25434
25435
25450
25454
25457
25459
25462
25467
25470
25471
25477
25478
25479
25486
25487
25493
25495
25499
25506
25509
25514
25529
25530
25534
25537
25546
25549
25551
25557
25559
25563
25569
25573
25578
25581
25585
25598
25601
25605
25606
25614
25617
25622
25630
25634
25638
25641
25645
25649
25658
25665
25673
25681
25689
25693
25694
25698
25701
25705
25709
25713
25714
25733
25737
25746
25749
25769
25777
25785
25786
25789
25793
25794
25797
25805
25810
25813
25817
25818
25821
25822
25837
25841
25853
25854
25859
25860
25867
25877
25879
25885
25887
25890
25902
25903
25906
25913
25917
25918
25925
25930
25941
25942
25943
25951
25954
25959
25961
25971
25978
25994
25997
25998
26002
26006
26007
26008
26009
26013
26019
26022
26027
26031
26034
26035
26039
26043
26050
26055
26058
26065
26067
26070
26074
26077
26079
26081
26082
26083
26085
26087
26093
26094
26097
26098
26099
26127
26129
26130
26131
26133
26135
26142
26143
26145
26147
26153
26157
26161
26165
26167
26169
26174
26177
26183
26189
26195
26202
26206
26207
26218
26219
26226
26230
26250
26253
26255
26257
26262
26263
26275
26277
26278
26287
26290
26294
26295
26299
26301
26303
26309
26311
26314
26321
26325
26338
26343
26350
26354
26359
26361
26363
26367
26378
26379
26382
26383
26391
26394
26395
26403
26409
26410
26411
26414
26415
26418
26422
26435
26443
26445
26449
26453
26457
26458
26465
26469
26470
26471
26477
26482
26489
26497
26501
26506
26507
26510
26518
26519
26525
26527
26529
26535
26537
26551
26554
26562
26570
26589
26590
26597
26599
26602
26605
26606
26609
26619
26622
26625
26642
26645
26646
26650
26654
26658
26661
26662
26665
26677
26682
26685
26689
26693
26701
26705
26725
26726
26730
26737
26738
26742
26765
26774
26778
26793
26806
26810
26813
26817
26821
26825
26833
26841
26849
26854
26857
26877
26878
26881
26883
26886
26889
26898
26907
26910
26911
26918
26925
26929
26937
26943
26947
26949
26950
26957
26962
26963
26965
26969
26974
26979
26981
26993
26999
27001
27003
27005
27006
27014
27015
27017
27018
27021
27026
27027
27031
27034
27045
27046
27051
27055
27070
27075
27081
27082
27090
27091
27095
27099
27107
27111
27117
27125
27127
27134
27142
27146
27153
27154
27157
27163
27166
27167
27177
27191
27197
27199
27205
27206
27226
27229
27230
27235
27239
27242
27243
27247
27249
27261
27262
27263
27267
27271
27277
27279
27285
27295
27303
27309
27314
27318
27319
27325
27329
27338
27339
27341
27350
27374
27382
27387
27389
27390
27394
27397
27406
27407
27427
27431
27442
27446
27449
27457
27458
27461
27466
27470
27473
27482
27483
27498
27507
27515
27522
27523
27525
27530
27539
27542
27543
27545
27547
27551
27558
27562
27565
27567
27571
27574
27575
27603
27610
27613
27617
27621
27625
27627
27629
27631
27633
27634
27635
27637
27639
27653
27657
27669
27678
27679
27685
27686
27694
27695
27705
27706
27710
27715
27718
27734
27773
27781
27785
27794
27809
27813
27817
27818
27830
27837
27838
27842
27850
27866
27873
27882
27885
27889
27897
27901
27914
27919
27927
27929
27938
27943
27959
27961
27963
27967
27973
27974
27975
27977
27983
27990
27994
27995
27999
28002
28009
28018
28051
28057
28059
28065
28066
28070
28071
28074
28078
28083
28087
28089
28094
28095
28098
28102
28111
28121
28123
28133
28138
28143
28147
28149
28150
28151
28154
28166
28167
28169
28171
28173
28175
28177
28179
28186
28187
28189
28191
28194
28195
28197
28199
28202
28206
28210
28214
28215
28217
28225
28231
28233
28239
28242
28247
28250
28251
28257
28261
28263
28266
28269
28277
28283
28285
28287
28294
28295
28299
28301
28302
28311
28315
28318
28319
28323
28325
28326
28327
28329
28333
28345
28347
28350
28355
28363
28367
28375
28377
28379
28391
28393
28398
28401
28403
28407
28410
28414
28415
28433
28435
28439
28441
28442
28454
28466
28470
28478
28501
28502
28503
28506
28509
28513
28514
28521
28523
28527
28531
28535
28538
28539
28547
28549
28554
28557
28570
28573
28574
28577
28586
28587
28589
28594
28598
28599
28602
28603
28610
28617
28618
28619
28635
28638
28642
28643
28647
28649
28650
28651
28657
28667
28671
28677
28685
28686
28690
28693
28697
28701
28702
28722
28733
28738
28741
28745
28747
28753
28779
28789
28805
28806
28825
28829
28834
28841
28869
28870
28875
28893
28897
28901
28902
28905
28906
28909
28913
28921
28934
28938
28939
28943
28946
28950
28961
28965
28967
28978
28991
28994
29011
29014
29015
29027
29035
29037
29047
29049
29058
29062
29065
29067
29072
29073
29075
29078
29081
29086
29093
29094
29097
29098
29109
29110
29111
29117
29131
29135
29146
29150
29154
29159
29162
29173
29196
29199
29201
29203
29209
29214
29227
29229
29230
29231
29235
29249
29255
29259
29269
29270
29278
29283
29285
29286
29287
29289
29294
29299
29301
29302
29315
29323
29327
29338
29343
29349
29357
29361
29362
29363
29365
29367
29369
29373
29374
29378
29387
29394
29395
29397
29402
29403
29407
29410
29413
29414
29418
29421
29425
29430
29458
29461
29462
29471
29473
29478
29482
29485
29486
29487
29489
29494
29498
29499
29507
29525
29530
29535
29537
29538
29541
29545
29553
29557
29565
29567
29575
29577
29581
29586
29589
29597
29599
29602
29603
29605
29621
29629
29635
29642
29646
29651
29653
29658
29671
29673
29683
29686
29687
29690
29694
29698
29702
29705
29714
29725
29726
29754
29757
29771
29773
29774
29790
29797
29802
29805
29810
29822
29825
29826
29834
29837
29842
29845
29846
29853
29858
29861
29869
29870
29877
29890
29894
29897
29898
29901
29911
29913
29917
29925
29927
29953
29958
29963
29966
29971
29973
29974
29978
29981
29985
29993
29995
29997
30001
30009
30011
30015
30017
30019
30023
30030
30031
30032
30037
30039
30046
30050
30054
30058
30059
30061
30077
30078
30079
30081
30094
30095
30097
30099
30102
30106
30107
30110
30111
30114
30115
30119
30122
30125
30135
30165
30169
30175
30177
30183
30185
30187
30189
30190
30191
30197
30205
30207
30210
30215
30218
30219
30222
30223
30226
30227
30229
30234
30237
30238
30242
30246
30257
30261
30263
30265
30267
30269
30271
30273
30278
30282
30285
30286
30291
30299
30303
30306
30315
30317
30319
30321
30322
30327
30333
30335
30341
30342
30345
30349
30353
30358
30359
30363
30366
30367
30370
30371
30373
30381
30382
30383
30386
30387
30391
30395
30402
30403
30405
30410
30413
30417
30419
30426
30434
30435
30447
30450
30451
30453
30455
30462
30465
30471
30475
30483
30485
30486
30491
30497
30502
30509
30511
30515
30522
30531
30533
30534
30539
30541
30545
30550
30551
30553
30554
30555
30566
30573
30574
30579
30583
30587
30590
30594
30598
30599
30601
30602
30605
30609
30629
30633
30635
30637
30639
30641
30642
30643
30649
30654
30657
30658
30662
30667
30669
30675
30683
30685
30686
30691
30695
30714
30715
30717
30718
30725
30746
30753
30761
30765
30766
30769
30770
30806
30813
30815
30818
30821
30826
30838
30849
30850
30854
30855
30858
30866
30869
30877
30878
30881
30886
30890
30897
30901
30909
30914
30917
30919
30921
30922
30926
30930
30934
30937
30942
30949
30954
30957
30961
30965
30966
30969
30974
30978
30982
30987
30993
30995
30997
30998
31009
31011
31015
31025
31029
31031
31033
31037
31039
31041
31045
31050
31066
31069
31070
31082
31086
31087
31097
31098
31105
31117
31127
31129
31135
31138
31142
31158
31165
31166
31167
31171
31177
31178
31179
31182
31186
31190
31191
31193
31194
31201
31203
31205
31209
31230
31233
31234
31239
31242
31247
31249
31251
31261
31263
31266
31267
31274
31277
31282
31285
31286
31287
31289
31290
31291
31293
31299
31302
31303
31307
31314
31317
31319
31325
31334
31335
31339
31341
31342
31349
31355
31358
31363
31365
31378
31381
31382
31387
31390
31391
31395
31397
31398
31401
31402
31403
31410
31415
31418
31423
31427
31430
31442
31446
31447
31451
31462
31471
31475
31490
31510
31513
31515
31517
31519
31521
31522
31523
31534
31539
31541
31550
31553
31554
31559
31566
31569
31570
31571
31577
31586
31587
31591
31594
31595
31602
31606
31607
31613
31614
31619
31627
31629
31641
31651
31657
31659
31666
31671
31674
31675
31678
31681
31685
31698
31703
31713
31723
31727
31733
31742
31743
31753
31765
31766
31770
31774
31787
31797
31801
31806
31809
31833
31835
31842
31852
31853
31854
31857
31865
31869
31877
31878
31883
31885
31890
31902
31909
31911
31941
31942
31954
31962
31969
31970
31978
31981
31985
31990
31993
32002
32005
32014
32015
32018
32038
32039
32043
32045
32047
32053
32054
32057
32065
32066
32071
32082
32089
32093
32094
32102
32113
32118
32121
32127
32147
32149
32150
32151
32166
32167
32170
32177
32179
32186
32187
32189
32193
32194
32195
32198
32200
32202
32205
32207
32217
32219
32221
32222
32225
32227
32233
32234
32238
32247
32251
32252
32253
32255
32257
32261
32262
32266
32274
32282
32283
32287
32289
32291
32295
32307
32318
32321
32326
32327
32339
32345
32355
32362
32395
32397
32403
32409
32410
32421
32425
32427
32430
32431
32434
32435
32438
32439
32443
32446
32459
32462
32470
32474
32478
32482
32493
32499
32501
32505
32514
32521
32523
32527
32531
32533
32539
32541
32543
32547
32553
32557
32562
32565
32574
32577
32582
32583
32585
32586
32587
32593
32595
32597
32598
32601
32603
32605
32610
32615
32618
32623
32625
32626
32627
32631
32633
32638
32643
32645
32650
32651
32653
32662
32663
32665
32669
32673
32677
32690
32701
32707
32726
32727
32747
32749
32751
32753
32770
32785
32786
32787
32794
32798
32810
32817
32822
32826
32834
32835
32842
32849
32851
32858
32873
32877
32901
32902
32914
32929
32934
32938
32946
32958
32962
32969
32973
32974
32981
32994
32995
32998
33001
33009
33013
33025
33030
33033
33037
33038
33042
33046
33047
33061
33062
33067
33070
33074
33075
33077
33079
33081
33083
33087
33093
33098
33103
33105
33106
33108
33110
33113
33122
33127
33130
33134
33137
33138
33146
33151
33159
33162
33173
33174
33177
33191
33194
33201
33206
33209
33213
33219
33225
33227
33231
33234
33237
33241
33242
33247
33250
33251
33253
33278
33282
33285
33289
33290
33291
33293
33297
33298
33306
33307
33319
33323
33326
33327
33329
33330
33335
33347
33349
33353
33363
33365
33367
33370
33371
33375
33377
33378
33383
33395
33406
33410
33421
33423
33427
33435
33437
33439
33445
33459
33461
33469
33482
33485
33487
33497
33498
33509
33514
33517
33519
33521
33523
33526
33530
33538
33542
33547
33549
33554
33563
33567
33570
33573
33575
33591
33593
33601
33605
33609
33611
33617
33621
33627
33630
33633
33637
33639
33641
33642
33646
33658
33663
33670
33679
33682
33685
33689
33697
33698
33705
33706
33713
33717
33719
33722
33726
33729
33734
33737
33739
33741
33743
33747
33749
33755
33758
33762
33767
33769
33777
33785
33786
33787
33793
33794
33801
33818
33831
33841
33846
33849
33850
33857
33869
33877
33881
33882
33885
33886
33895
33898
33902
33906
33929
33941
33945
33949
33958
33962
33965
33967
33989
33990
33993
33994
33998
34002
34005
34009
34010
34017
34021
34025
34053
34059
34061
34063
34069
34071
34075
34077
34078
34079
34082
34085
34089
34107
34109
34113
34115
34127
34134
34135
34139
34143
34151
34155
34163
34167
34175
34177
34182
34187
34194
34197
34198
34199
34206
34210
34213
34215
34221
34235
34241
34245
34250
34257
34258
34262
34263
34267
34271
34273
34281
34286
34287
34289
34294
34299
34307
34309
34311
34323
34327
34334
34346
34350
34354
34373
34374
34379
34382
34383
34387
34402
34403
34415
34426
34427
34441
34442
34451
34453
34454
34457
34458
34459
34461
34467
34479
34487
34495
34510
34511
34518
34519
34534
34537
34541
34542
34548
34549
34553
34577
34581
34586
34593
34594
34598
34601
34611
34614
34617
34619
34627
34629
34635
34638
34642
34646
34649
34650
34653
34662
34665
34666
34669
34670
34673
34683
34687
34690
34691
34694
34695
34697
34707
34709
34711
34713
34714
34715
34717
34719
34723
34727
34729
34730
34735
34749
34753
34757
34761
34762
34763
34770
34777
34785
34790
34797
34798
34799
34802
34811
34825
34834
34837
34839
34849
34865
34877
34881
34882
34883
34889
34893
34906
34914
34925
34934
34937
34945
34946
34957
34958
34966
34973
34977
34978
34989
34998
35003
35022
35026
35029
35030
35038
35041
35050
35057
35065
35070
35074
35083
35089
35090
35093
35101
35106
35107
35109
35122
35127
35145
35146
35154
35155
35157
35158
35165
35177
35178
35182
35186
35193
35198
35199
35207
35213
35214
35215
35221
35222
35224
35225
35229
35235
35239
35241
35249
35254
35261
35267
35269
35279
35289
35290
35295
35303
35305
35306
35307
35311
35313
35325
35329
35334
35335
35341
35346
35353
35358
35359
35362
35370
35374
35375
35377
35381
35382
35385
35386
35395
35398
35399
35402
35403
35414
35419
35426
35431
35435
35438
35446
35450
35457
35462
35463
35464
35466
35473
35478
35479
35483
35485
35486
35487
35489
35490
35493
35495
35497
35499
35501
35503
35507
35522
35525
35531
35533
35537
35546
35547
35549
35553
35555
35563
35569
35570
35574
35581
35582
35594
35599
35602
35605
35613
35618
35623
35625
35626
35634
35637
35642
35643
35645
35653
35657
35658
35663
35675
35678
35681
35695
35698
35699
35703
35706
35707
35709
35714
35722
35729
35730
35737
35742
35747
35750
35751
35755
35758
35765
35770
35773
35781
35793
35794
35801
35803
35809
35815
35818
35827
35833
35834
35849
35855
35865
35873
35878
35889
35893
35894
35906
35909
35910
35914
35929
35930
35933
35937
35943
35946
35949
35950
35965
35966
35969
35970
35973
35974
36005
36018
36021
36022
36041
36046
36049
36062
36066
36069
36077
36089
36091
36098
36099
36101
36102
36105
36118
36129
36135
36137
36139
36141
36155
36158
36167
36170
36177
36182
36183
36186
36187
36189
36198
36201
36209
36211
36213
36217
36226
36229
36230
36231
36233
36239
36242
36245
36247
36249
36255
36262
36263
36266
36269
36270
36277
36281
36290
36294
36301
36302
36305
36307
36309
36311
36313
36315
36317
36318
36321
36327
36331
36334
36339
36347
36373
36375
36385
36390
36393
36394
36395
36398
36402
36410
36413
36417
36419
36427
36435
36446
36449
36454
36459
36470
36471
36473
36475
36483
36489
36490
36495
36498
36499
36510
36511
36518
36526
36527
36529
36531
36541
36542
36547
36551
36553
36557
36561
36567
36570
36578
36579
36581
36582
36601
36609
36611
36617
36619
36622
36629
36637
36639
36643
36645
36650
36651
36658
36661
36662
36665
36666
36669
36671
36677
36685
36686
36693
36694
36699
36702
36705
36711
36714
36715
36717
36721
36726
36727
36733
36734
36737
36741
36747
36750
36751
36761
36769
36770
36771
36775
36781
36785
36789
36790
36797
36801
36805
36809
36811
36813
36817
36821
36834
36839
36851
36857
36858
36861
36865
36869
36870
36874
36881
36885
36889
36910
36913
36922
36930
36933
36941
36942
36953
36965
36969
36970
36974
36984
36985
36986
36997
37018
37021
37037
37038
37045
37054
37057
37062
37066
37067
37069
37073
37085
37086
37089
37091
37097
37098
37105
37118
37121
37127
37131
37137
37139
37142
37143
37154
37157
37159
37161
37165
37166
37172
37173
37177
37183
37186
37190
37191
37198
37205
37207
37211
37213
37215
37218
37229
37242
37243
37246
37251
37254
37255
37258
37261
37263
37266
37267
37268
37269
37275
37277
37278
37289
37290
37295
37301
37302
37305
37317
37321
37323
37325
37329
37330
37331
37337
37338
37347
37351
37353
37358
37362
37365
37366
37367
37370
37373
37378
37379
37382
37383
37388
37389
37391
37399
37401
37402
37405
37411
37417
37419
37421
37425
37435
37438
37445
37447
37450
37451
37454
37461
37465
37466
37470
37479
37482
37485
37495
37498
37499
37505
37514
37515
37517
37519
37525
37529
37531
37534
37542
37543
37545
37554
37557
37558
37565
37567
37569
37575
37576
37581
37587
37589
37590
37597
37602
37605
37617
37619
37621
37622
37625
37630
37631
37633
37639
37641
37653
37654
37665
37666
37679
37685
37686
37694
37695
37698
37699
37701
37702
37717
37721
37726
37727
37729
37730
37734
37739
37747
37750
37763
37766
37769
37773
37774
37777
37781
37790
37791
37794
37797
37801
37819
37825
37829
37837
37841
37843
37845
37847
37849
37850
37855
37859
37862
37865
37870
37882
37893
37894
37897
37898
37902
37910
37921
37922
37925
37926
37933
37946
37974
37994
37998
38009
38013
38029
38042
38045
38047
38049
38057
38061
38069
38077
38081
38086
38093
38101
38109
38110
38117
38121
38122
38125
38130
38131
38133
38146
38151
38153
38157
38159
38162
38170
38171
38174
38177
38181
38193
38195
38201
38223
38226
38231
38235
38238
38250
38251
38254
38257
38270
38271
38282
38285
38287
38291
38293
38299
38303
38305
38314
38321
38322
38323
38326
38329
38330
38335
38343
38347
38353
38367
38370
38374
38385
38390
38405
38407
38415
38416
38421
38425
38429
38433
38437
38442
38446
38447
38451
38455
38463
38469
38474
38475
38477
38479
38483
38494
38495
38497
38506
38509
38513
38515
38519
38529
38530
38531
38533
38539
38541
38542
38553
38557
38562
38563
38567
38569
38570
38583
38589
38595
38605
38606
38613
38618
38619
38621
38622
38631
38633
38637
38638
38641
38642
38649
38653
38655
38661
38662
38666
38667
38669
38670
38678
38679
38682
38691
38702
38703
38709
38711
38714
38717
38718
38719
38721
38722
38725
38727
38743
38747
38754
38762
38767
38769
38775
38777
38778
38779
38782
38789
38790
38801
38803
38807
38809
38810
38814
38821
38825
38826
38827
38834
38842
38845
38849
38862
38865
38869
38870
38874
38877
38879
38883
38886
38887
38907
38913
38925
38926
38929
38934
38937
38939
38941
38957
38962
38970
38974
38978
38982
38990
38998
38999
39005
39013
39014
39021
39022
39025
39034
39041
39061
39069
39081
39093
39094
39109
39114
39117
39121
39125
39133
39141
39153
39154
39161
39165
39171
39174
39177
39181
39186
39187
39191
39199
39203
39207
39214
39215
39217
39223
39231
39233
39238
39239
39246
39251
39253
39255
39257
39263
39270
39279
39285
39291
39295
39297
39298
39303
39309
39314
39315
39317
39329
39330
39335
39343
39346
39349
39351
39355
39357
39361
39367
39371
39383
39389
39390
39391
39397
39401
39402
39405
39407
39410
39411
39415
39419
39422
39427
39430
39442
39450
39455
39458
39463
39466
39487
39498
39501
39506
39507
39513
39514
39518
39519
39527
39529
39530
39531
39537
39541
39542
39547
39551
39561
39563
39565
39569
39582
39587
39589
39593
39594
39595
39599
39610
39611
39613
39614
39630
39631
39634
39645
39650
39651
39653
39658
39661
39662
39665
39666
39667
39671
39673
39674
39678
39681
39687
39689
39690
39695
39697
39698
39701
39707
39711
39722
39723
39726
39727
39734
39738
39739
39742
39762
39763
39774
39778
39779
39786
39790
39791
39793
39797
39798
39799
39805
39809
39811
39813
39815
39818
39821
39823
39830
39834
39838
39841
39842
39849
39853
39854
39857
39861
39865
39867
39870
39873
39874
39879
39881
39883
39886
39887
39890
39897
39901
39902
39905
39910
39911
39913
39914
39917
39921
39922
39939
39946
39950
39953
39954
39958
39978
39982
39985
40002
40018
40021
40022
40025
40026
40029
40033
40037
40054
40065
40078
40083
40085
40097
40109
40113
40121
40122
40130
40137
40138
40153
40173
40197
40210
40215
40223
40234
40238
40239
40241
40242
40251
40271
40275
40281
40283
40290
40293
40295
40297
40302
40307
40314
40315
40319
40324
40327
40337
40341
40342
40355
40359
40369
40370
40375
40377
40378
40385
40386
40391
40398
40399
40409
40417
40421
40423
40425
40427
40430
40431
40433
40449
40454
40455
40459
40466
40469
40470
40475
40478
40481
40482
40483
40493
40497
40509
40526
40529
40538
40541
40543
40546
40550
40553
40555
40563
40566
40574
40577
40578
40583
40585
40589
40595
40603
40613
40614
40618
40622
40627
40630
40631
40633
40634
40637
40641
40645
40647
40651
40653
40655
40659
40665
40667
40669
40677
40678
40685
40689
40693
40694
40695
40698
40699
40703
40713
40715
40718
40719
40722
40734
40737
40738
40739
40743
40745
40749
40753
40754
40762
40763
40775
40779
40782
40789
40791
40793
40797
40799
40802
40811
40814
40815
40821
40822
40834
40841
40842
40845
40846
40847
40849
40851
40862
40867
40869
40873
40879
40881
40882
40895
40897
40905
40909
40913
40917
40922
40927
40934
40942
40949
40953
40959
40961
40965
40974
40975
40977
40982
40986
40989
40990
40994
40999
41014
41018
41025
41042
41045
41046
41053
41065
41070
41073
41077
41078
41087
41094
41097
41109
41121
41122
41130
41134
41149
41150
41154
41170
41189
41193
41198
41201
41206
41209
41213
41217
41218
41221
41222
41225
41229
41246
41249
41253
41255
41259
41262
41267
41269
41270
41278
41294
41297
41298
41301
41313
41314
41317
41319
41322
41323
41325
41327
41335
41340
41343
41345
41347
41353
41359
41366
41379
41383
41385
41387
41389
41394
41397
41402
41413
41415
41417
41419
41430
41442
41451
41453
41455
41459
41461
41465
41469
41471
41473
41475
41482
41486
41494
41502
41506
41507
41510
41518
41519
41521
41525
41527
41529
41537
41541
41542
41553
41558
41562
41567
41569
41575
41576
41579
41581
41585
41587
41589
41591
41594
41599
41605
41606
41609
41610
41611
41614
41618
41621
41625
41626
41629
41630
41634
41635
41642
41643
41647
41653
41658
41661
41662
41663
41665
41669
41670
41673
41675
41679
41681
41682
41685
41687
41689
41691
41693
41694
41699
41701
41703
41707
41711
41713
41723
41726
41730
41735
41738
41743
41753
41755
41762
41763
41765
41767
41771
41773
41777
41783
41786
41793
41798
41799
41803
41805
41809
41811
41814
41817
41821
41833
41835
41839
41845
41850
41851
41854
41859
41865
41870
41877
41881
41885
41887
41891
41894
41905
41909
41913
41918
41923
41925
41926
41927
41929
41930
41931
41939
41941
41947
41955
41971
41975
41978
41983
41986
41993
41994
41995
42001
42009
42023
42025
42029
42050
42054
42058
42082
42087
42105
42114
42127
42129
42130
42134
42135
42141
42146
42165
42169
42174
42178
42185
42186
42189
42194
42197
42198
42201
42202
42217
42225
42226
42237
42241
42246
42254
42261
42263
42267
42271
42274
42277
42279
42281
42283
42287
42289
42297
42298
42317
42318
42323
42329
42334
42337
42342
42347
42350
42351
42354
42358
42359
42366
42367
42383
42388
42390
42394
42401
42405
42409
42411
42413
42419
42421
42422
42430
42431
42441
42443
42446
42450
42457
42461
42467
42474
42482
42494
42503
42513
42517
42518
42521
42522
42526
42533
42539
42543
42546
42547
42549
42559
42561
42562
42570
42581
42585
42590
42591
42598
42600
42601
42602
42603
42607
42612
42614
42623
42631
42633
42634
42641
42643
42645
42650
42662
42666
42669
42670
42694
42702
42705
42707
42709
42715
42726
42733
42737
42743
42761
42765
42767
42769
42771
42777
42778
42781
42785
42794
42801
42803
42806
42807
42817
42822
42825
42827
42833
42843
42845
42849
42851
42853
42857
42859
42862
42867
42870
42874
42879
42882
42887
42890
42897
42907
42918
42919
42922
42926
42930
42933
42935
42938
42942
42965
42970
42971
42977
42978
42981
42982
42983
42989
42997
43006
43015
43022
43026
43030
43031
43034
43038
43049
43050
43053
43065
43066
43069
43077
43082
43089
43102
43106
43109
43118
43126
43138
43141
43145
43146
43158
43161
43166
43170
43177
43183
43185
43189
43190
43194
43197
43198
43201
43202
43205
43209
43214
43225
43230
43233
43241
43242
43245
43250
43254
43258
43261
43266
43273
43274
43278
43279
43282
43287
43295
43301
43310
43314
43322
43325
43331
43334
43335
43339
43343
43357
43362
43366
43370
43371
43374
43377
43385
43401
43402
43405
43407
43409
43421
43422
43425
43437
43438
43446
43450
43454
43455
43479
43498
43499
43501
43510
43514
43515
43529
43531
43534
43538
43545
43553
43557
43562
43571
43573
43574
43585
43586
43589
43590
43594
43601
43611
43626
43629
43639
43651
43663
43665
43666
43667
43673
43674
43678
43682
43687
43690
43693
43694
43699
43705
43710
43715
43717
43734
43738
43747
43749
43755
43763
43765
43766
43770
43771
43774
43781
43782
43797
43799
43802
43803
43805
43806
43807
43814
43815
43818
43827
43835
43839
43843
43845
43847
43855
43865
43869
43874
43877
43882
43891
43897
43898
43899
43918
43925
43931
43941
43953
43955
43966
43970
43973
43974
43975
43978
43979
43987
43994
43995
43998
44002
44005
44007
44010
44019
44023
44025
44026
44027
44061
44062
44089
44102
44105
44106
44123
44133
44134
44138
44142
44146
44149
44150
44153
44157
44165
44173
44174
44177
44178
44181
44182
44201
44202
44211
44213
44218
44222
44225
44229
44230
44234
44241
44242
44250
44269
44270
44273
44274
44281
44285
44290
44291
44295
44297
44301
44302
44305
44318
44319
44327
44331
44333
44342
44343
44346
44353
44357
44362
44363
44365
44369
44378
44379
44381
44382
44383
44385
44395
44401
44402
44403
44405
44407
44409
44411
44414
44417
44423
44431
44434
44438
44442
44449
44454
44457
44462
44467
44470
44473
44475
44477
44479
44481
44482
44490
44501
44503
44506
44509
44518
44525
44529
44534
44541
44545
44555
44559
44561
44562
44565
44571
44574
44575
44578
44580
44583
44585
44591
44594
44597
44602
44606
44609
44611
44614
44615
44618
44621
44623
44627
44631
44634
44637
44641
44649
44650
44654
44657
44659
44665
44666
44667
44669
44673
44674
44678
44683
44686
44693
44694
44695
44699
44701
44703
44707
44713
44714
44722
44723
44725
44729
44731
44734
44735
44747
44751
44762
44763
44766
44767
44777
44781
44791
44802
44807
44817
44822
44833
44837
44839
44842
44843
44845
44846
44853
44854
44855
44858
44863
44866
44869
44870
44871
44878
44881
44883
44893
44899
44905
44906
44910
44911
44913
44917
44918
44919
44922
44927
44931
44934
44938
44942
44967
44969
44971
44977
44978
44997
44998
45001
45013
45014
45015
45030
45041
45045
45046
45058
45065
45069
45070
45078
45089
45097
45105
45117
45129
45133
45138
45141
45145
45149
45153
45166
45169
45170
45173
45185
45189
45198
45201
45205
45213
45225
45230
45246
45249
45257
45261
45265
45266
45270
45277
45298
45305
45306
45319
45322
45323
45325
45327
45330
45334
45343
45347
45354
45359
45363
45369
45370
45377
45379
45382
45385
45397
45398
45407
45409
45410
45413
45419
45425
45426
45441
45442
45445
45466
45470
45473
45478
45481
45486
45489
45493
45495
45501
45506
45514
45515
45521
45523
45541
45550
45553
45566
45569
45574
45575
45577
45579
45583
45591
45594
45598
45606
45607
45610
45613
45615
45618
45619
45626
45642
45647
45649
45675
45677
45679
45682
45683
45689
45690
45691
45699
45701
45702
45706
45709
45719
45723
45727
45730
45731
45734
45737
45749
45750
45755
45761
45762
45774
45778
45781
45782
45785
45787
45790
45805
45809
45813
45821
45829
45837
45842
45845
45846
45858
45861
45863
45871
45874
45877
45882
45886
45890
45891
45897
45898
45899
45902
45913
45919
45923
45934
45942
45946
45947
45965
45967
45969
45970
45974
45975
45977
45979
45983
45989
45997
46003
46005
46006
46007
46019
46023
46026
46029
46034
46035
46037
46038
46045
46046
46059
46065
46066
46067
46069
46070
46071
46079
46086
46097
46106
46110
46111
46117
46122
46129
46134
46146
46150
46166
46170
46186
46206
46210
46222
46230
46231
46237
46238
46249
46254
46258
46269
46274
46277
46282
46285
46289
46293
46298
46305
46317
46326
46329
46330
46338
46345
46346
46349
46351
46361
46363
46365
46366
46371
46373
46375
46382
46386
46387
46391
46395
46397
46398
46401
46402
46407
46418
46419
46423
46425
46430
46437
46438
46439
46446
46447
46454
46456
46458
46459
46461
46463
46466
46474
46481
46486
46490
46496
46499
46501
46503
46507
46513
46521
46522
46526
46533
46538
46543
46545
46550
46553
46559
46567
46571
46573
46574
46583
46586
46590
46591
46593
46599
46601
46603
46611
46615
46618
46621
46630
46631
46633
46635
46638
46639
46645
46646
46654
46661
46669
46674
46675
46677
46682
46686
46690
46694
46697
46699
46702
46703
46705
46706
46709
46711
46714
46721
46726
46731
46735
46738
46743
46745
46749
46755
46758
46766
46767
46771
46785
46786
46789
46790
46793
46799
46801
46803
46805
46810
46814
46818
46821
46822
46823
46826
46829
46831
46833
46838
46841
46842
46847
46849
46850
46855
46857
46862
46863
46865
46871
46873
46874
46879
46882
46887
46897
46898
46899
46901
46910
46925
46937
46945
46958
46961
46963
46965
46969
46971
46973
46977
46978
46986
46989
46993
46994
46995
46997
47002
47003
47005
47011
47017
47018
47021
47026
47030
47038
47049
47051
47058
47069
47071
47075
47078
47082
47093
47097
47099
47105
47118
47119
47121
47125
47127
47129
47133
47134
47137
47143
47146
47149
47153
47158
47173
47177
47182
47197
47198
47205
47209
47210
47217
47218
47226
47229
47237
47245
47246
47250
47253
47254
47257
47261
47274
47278
47281
47286
47298
47309
47318
47325
47337
47345
47346
47350
47353
47361
47365
47366
47367
47370
47374
47378
47381
47382
47393
47397
47401
47403
47404
47405
47406
47409
47422
47426
47429
47435
47438
47446
47450
47451
47469
47470
47473
47474
47475
47489
47494
47495
47498
47501
47505
47509
47521
47525
47526
47545
47547
47550
47551
47562
47567
47581
47582
47586
47594
47595
47597
47602
47607
47609
47610
47611
47622
47625
47630
47631
47637
47641
47642
47645
47646
47647
47649
47651
47653
47657
47658
47659
47661
47667
47674
47682
47685
47686
47694
47698
47701
47707
47726
47745
47750
47753
47754
47777
47795
47801
47802
47805
47806
47807
47815
47821
47822
47833
47837
47839
47842
47849
47850
47853
47865
47866
47873
47874
47887
47889
47901
47905
47906
47909
47911
47914
47915
47917
47926
47931
47935
47938
47941
47943
47951
47955
47962
47963
47965
47969
47973
47974
47977
47981
47986
47987
47991
47994
47997
48007
48010
48011
48013
48026
48027
48029
48031
48035
48039
48045
48046
48047
48050
48058
48061
48065
48073
48095
48098
48099
48102
48110
48111
48113
48118
48123
48125
48129
48130
48134
48142
48149
48154
48158
48165
48173
48177
48181
48182
48185
48194
48198
48206
48213
48225
48233
48242
48245
48246
48249
48258
48269
48270
48273
48278
48279
48282
48286
48297
48301
48309
48325
48334
48338
48362
48369
48374
48375
48377
48385
48401
48410
48413
48417
48423
48427
48433
48438
48439
48443
48445
48446
48447
48451
48454
48455
48457
48459
48461
48463
48469
48470
48489
48494
48513
48519
48522
48526
48527
48529
48530
48535
48547
48549
48559
48563
48566
48567
48573
48574
48577
48578
48579
48587
48595
48601
48610
48613
48617
48618
48621
48631
48637
48639
48641
48642
48649
48653
48655
48665
48666
48671
48673
48675
48679
48682
48690
48694
48695
48697
48698
48702
48709
48711
48713
48725
48730
48733
48734
48738
48739
48743
48747
48754
48757
48769
48774
48777
48782
48786
48793
48798
48799
48803
48810
48814
48817
48819
48822
48829
48831
48833
48834
48839
48842
48843
48847
48849
48850
48851
48859
48861
48869
48877
48878
48881
48889
48890
48891
48893
48903
48914
48915
48917
48918
48921
48930
48937
48943
48951
48955
48958
48965
48969
48971
48973
48974
48977
48978
48982
48983
48986
49009
49015
49018
49021
49022
49023
49025
49026
49033
49034
49038
49042
49055
49057
49061
49062
49065
49067
49070
49071
49073
49077
49078
49079
49081
49083
49094
49099
49102
49103
49109
49110
49111
49125
49129
49135
49138
49142
49158
49174
49177
49181
49190
49193
49201
49210
49213
49214
49221
49225
49238
49241
49253
49254
49257
49262
49269
49277
49281
49286
49290
49293
49294
49301
49309
49313
49321
49326
49331
49338
49345
49349
49350
49353
49354
49355
49361
49365
49381
49389
49390
49393
49397
49405
49409
49410
49418
49419
49425
49429
49430
49433
49441
49450
49451
49453
49454
49458
49459
49461
49473
49481
49483
49493
49497
49498
49499
49505
49507
49509
49526
49540
49543
49545
49550
49551
49558
49561
49569
49570
49571
49575
49577
49581
49582
49591
49594
49597
49601
49613
49615
49619
49621
49625
49627
49629
49632
49639
49645
49650
49653
49663
49666
49667
49670
49675
49678
49682
49686
49690
49693
49694
49697
49698
49699
49701
49702
49703
49706
49711
49715
49718
49725
49726
49727
49733
49739
49742
49743
49745
49757
49759
49762
49769
49779
49791
49798
49801
49803
49805
49810
49811
49822
49823
49827
49835
49839
49841
49845
49847
49849
49850
49851
49853
49859
49861
49863
49871
49877
49881
49882
49885
49889
49890
49894
49895
49897
49901
49905
49906
49913
49915
49921
49923
49930
49934
49935
49937
49939
49941
49942
49946
49947
49949
49959
49961
49962
49965
49967
49970
49975
49977
49981
49989
49997
50001
50002
50003
50006
50009
50011
50014
50022
50023
50026
50029
50030
50039
50042
50049
50053
50054
50062
50067
50068
50071
50077
50079
50086
50089
50094
50102
50105
50107
50109
50114
50119
50123
50126
50130
50133
50135
50137
50139
50142
50145
50149
50151
50153
50182
50185
50194
50205
50206
50209
50210
50214
50217
50226
50233
50237
50245
50246
50253
50254
50261
50262
50265
50269
50273
50277
50278
50279
50281
50285
50294
50302
50306
50313
50314
50333
50334
50337
50338
50345
50347
50349
50350
50377
50378
50382
50385
50386
50414
50418
50421
50425
50430
50435
50443
50447
50449
50453
50459
50461
50462
50463
50471
50478
50482
50490
50499
50502
50503
50505
50511
50518
50519
50523
50525
50526
50529
50530
50531
50533
50550
50551
50558
50567
50570
50582
50583
50589
50590
50591
50594
50595
50599
50601
50606
50607
50611
50617
50618
50622
50623
50627
50630
50634
50635
50639
50654
50659
50665
50666
50671
50674
50679
50690
50707
50709
50717
50719
50723
50734
50742
50746
50750
50753
50758
50765
50773
50777
50782
50785
50790
50793
50798
50802
50811
50815
50818
50821
50827
50831
50837
50838
50846
50849
50858
50859
50861
50870
50871
50874
50875
50878
50882
50897
50903
50905
50910
50913
50914
50919
50921
50923
50925
50931
50937
50939
50941
50946
50949
50955
50958
50959
50961
50967
50971
50973
50975
50978
50981
50982
50986
50989
50990
50997
50998
50999
51005
51009
51013
51021
51026
51027
51029
51031
51033
51034
51035
51038
51039
51041
51045
51046
51051
51054
51057
51073
51074
51077
51078
51083
51090
51091
51093
51098
51106
51110
51111
51114
51118
51119
51123
51130
51133
51149
51155
51158
51163
51165
51166
51169
51171
51175
51177
51182
51186
51187
51189
51191
51193
51197
51202
51205
51211
51213
51218
51221
51222
51225
51233
51234
51238
51243
51247
51266
51278
51281
51282
51294
51322
51325
51326
51330
51333
51341
51354
51357
51361
51365
51377
51378
51381
51385
51394
51395
51398
51401
51413
51425
51426
51429
51433
51435
51437
51459
51462
51465
51466
51467
51475
51478
51481
51482
51485
51487
51490
51491
51498
51499
51501
51503
51518
51521
51529
51541
51542
51543
51558
51559
51566
51569
51570
51573
51575
51582
51587
51591
51594
51598
51599
51601
51606
51607
51609
51610
51611
51613
51622
51623
51626
51629
51630
51631
51635
51641
51645
51646
51649
51655
51661
51663
51665
51675
51678
51681
51687
51698
51711
51713
51715
51722
51723
51729
51731
51733
51755
51759
51761
51762
51765
51767
51770
51773
51779
51783
51787
51789
51790
51795
51798
51802
51809
51810
51815
51818
51823
51826
51827
51831
51834
51846
51849
51850
51853
51857
51865
51866
51869
51873
51874
51881
51886
51897
51903
51909
51918
51923
51926
51929
51941
51943
51946
51947
51949
51953
51954
51961
51962
51963
51971
51975
51978
51985
51991
52005
52011
52015
52017
52021
52022
52023
52025
52029
52030
52037
52042
52045
52046
52047
52054
52062
52067
52070
52075
52078
52086
52094
52095
52097
52103
52110
52118
52127
52130
52131
52135
52142
52143
52147
52151
52153
52169
52178
52194
52198
52202
52207
52215
52217
52222
52225
52226
52230
52245
52249
52250
52258
52262
52266
52269
52273
52274
52277
52282
52289
52302
52309
52314
52325
52326
52329
52338
52357
52358
52361
52369
52370
52381
52383
52401
52409
52417
52433
52446
52457
52469
52470
52473
52474
52483
52485
52487
52490
52494
52495
52497
52501
52507
52511
52513
52514
52519
52521
52525
52531
52538
52541
52550
52554
52555
52558
52561
52562
52579
52581
52583
52591
52594
52595
52597
52598
52601
52611
52617
52628
52630
52631
52638
52646
52647
52649
52653
52655
52663
52669
52682
52683
52690
52694
52697
52701
52702
52705
52706
52709
52713
52721
52726
52727
52741
52742
52749
52750
52759
52765
52766
52777
52782
52786
52790
52801
52802
52810
52811
52815
52817
52818
52822
52823
52825
52831
52835
52841
52842
52851
52853
52855
52857
52870
52873
52874
52879
52882
52883
52889
52890
52891
52899
52901
52903
52906
52907
52918
52919
52923
52927
52934
52938
52943
52945
52946
52953
52957
52958
52959
52966
52971
52973
52974
52975
52977
52979
52991
53001
53002
53006
53007
53017
53021
53025
53026
53027
53029
53030
53038
53039
53043
53045
53046
53051
53053
53057
53063
53069
53086
53087
53094
53095
53103
53105
53110
53114
53119
53126
53130
53133
53135
53143
53145
53149
53150
53151
53162
53163
53167
53177
53178
53181
53183
53193
53194
53195
53197
53199
53207
53215
53222
53223
53226
53229
53231
53234
53237
53241
53243
53246
53247
53250
53253
53254
53257
53266
53275
53282
53286
53297
53302
53306
53313
53322
53329
53333
53339
53351
53357
53358
53361
53362
53370
53377
53385
53386
53394
53395
53397
53401
53405
53406
53413
53414
53417
53430
53442
53445
53454
53461
53462
53465
53469
53474
53478
53481
53494
53498
53501
53517
53519
53522
53527
53530
53537
53539
53545
53546
53554
53561
53563
53567
53569
53573
53581
53582
53586
53591
53598
53619
53623
53625
53630
53631
53635
53637
53643
53645
53651
53655
53658
53659
53661
53671
53674
53675
53679
53681
53687
53689
53701
53713
53718
53721
53727
53729
53730
53737
53758
53762
53765
53771
53773
53774
53775
53777
53779
53782
53785
53790
53791
53794
53801
53813
53814
53815
53821
53830
53831
53837
53839
53842
53847
53849
53853
53854
53865
53877
53878
53879
53887
53893
53894
53898
53899
53911
53914
53917
53919
53921
53922
53930
53933
53934
53939
53946
53947
53949
53951
53953
53954
53962
53981
53987
53990
53998
53999
54001
54013
54017
54018
54026
54029
54031
54033
54034
54035
54041
54046
54058
54061
54062
54065
54067
54074
54085
54090
54093
54099
54102
54107
54109
54111
54115
54118
54119
54121
54125
54129
54135
54138
54141
54143
54150
54154
54161
54163
54165
54166
54167
54169
54177
54182
54189
54191
54195
54202
54209
54213
54218
54227
54234
54238
54239
54245
54246
54257
54262
54265
54266
54270
54286
54290
54297
54302
54305
54309
54325
54337
54345
54346
54350
54353
54357
54361
54362
54373
54377
54381
54393
54394
54398
54401
54402
54414
54417
54421
54426
54433
54437
54470
54477
54486
54489
54494
54497
54501
54503
54505
54506
54509
54517
54521
54526
54533
54538
54541
54542
54543
54546
54550
54557
54559
54561
54562
54563
54566
54573
54577
54578
54582
54590
54595
54597
54598
54601
54603
54610
54611
54621
54626
54639
54658
54667
54671
54673
54674
54679
54681
54690
54694
54695
54710
54715
54719
54721
54723
54726
54727
54730
54733
54734
54738
54743
54750
54751
54754
54766
54771
54775
54783
54787
54790
54797
54801
54803
54807
54813
54815
54821
54823
54826
54827
54846
54851
54855
54858
54859
54861
54875
54877
54890
54894
54902
54906
54911
54914
54917
54918
54919
54934
54943
54945
54959
54961
54962
54963
54965
54967
54971
54982
54985
54995
54999
55005
55010
55015
55019
55021
55023
55025
55026
55029
55033
55039
55041
55043
55046
55049
55062
55074
55078
55086
55087
55089
55090
55091
55099
55102
55103
55110
55114
55117
55121
55123
55125
55129
55131
55138
55139
55141
55142
55153
55157
55158
55163
55167
55169
55177
55181
55187
55201
55202
55205
55206
55211
55214
55217
55221
55223
55241
55245
55246
55247
55251
55253
55263
55266
55267
55269
55270
55271
55281
55282
55287
55289
55295
55306
55313
55317
55322
55325
55326
55329
55330
55333
55342
55349
55350
55369
55373
55378
55382
55389
55397
55398
55406
55417
55418
55429
55433
55441
55450
55458
55461
55466
55470
55478
55489
55501
55502
55505
55513
55521
55529
55530
55538
55541
55546
55558
55562
55563
55567
55570
55575
55577
55583
55586
55598
55599
55601
55605
55611
55621
55625
55629
55637
55638
55647
55650
55651
55654
55655
55661
55665
55666
55667
55673
55681
55687
55689
55699
55701
55706
55715
55723
55735
55739
55741
55743
55745
55746
55750
55751
55753
55761
55762
55766
55767
55769
55770
55771
55779
55782
55783
55787
55790
55791
55793
55794
55798
55799
55806
55819
55821
55823
55827
55829
55838
55839
55845
55847
55851
55853
55858
55866
55867
55870
55871
55873
55883
55889
55891
55903
55906
55913
55921
55927
55929
55931
55939
55943
55949
55958
55962
55963
55965
55966
55969
55975
55977
55978
55979
55985
55989
55991
55997
55998
56002
56003
56010
56011
56030
56031
56033
56034
56037
56038
56043
56046
56051
56053
56058
56071
56074
56079
56081
56082
56090
56095
56097
56105
56106
56107
56109
56111
56114
56122
56130
56137
56139
56145
56149
56150
56153
56154
56155
56157
56161
56163
56165
56166
56167
56169
56174
56175
56185
56186
56197
56201
56202
56206
56214
56217
56218
56219
56223
56229
56230
56231
56241
56245
56258
56261
56262
56265
56266
56273
56279
56281
56286
56287
56290
56294
56301
56302
56309
56311
56313
56317
56319
56322
56330
56337
56341
56343
56349
56357
56366
56369
56373
56377
56381
56401
56405
56422
56425
56437
56441
56445
56446
56453
56461
56462
56465
56479
56489
56498
56505
56506
56510
56513
56521
56525
56526
56533
56534
56541
56542
56545
56557
56561
56566
56569
56573
56577
56578
56581
56587
56594
56599
56614
56617
56618
56622
56627
56630
56633
56641
56649
56654
56657
56661
56675
56679
56686
56687
56691
56694
56699
56705
56706
56707
56710
56718
56721
56723
56725
56726
56727
56731
56733
56734
56735
56737
56738
56741
56743
56746
56750
56761
56767
56773
56779
56781
56791
56793
56803
56805
56807
56809
56810
56815
56817
56819
56822
56827
56839
56845
56850
56853
56862
56865
56871
56875
56877
56878
56883
56885
56887
56889
56890
56891
56895
56897
56899
56903
56905
56906
56909
56910
56911
56919
56922
56923
56926
56931
56934
56935
56954
56955
56959
56961
56963
56967
56971
56977
56979
56990
56998
56999
57001
57005
57011
57014
57018
57021
57027
57029
57034
57035
57037
57039
57043
57047
57049
57066
57070
57073
57078
57079
57107
57113
57114
57118
57125
57126
57130
57131
57135
57142
57153
57155
57158
57166
57171
57173
57181
57182
57185
57187
57193
57203
57206
57207
57209
57214
57215
57219
57222
57226
57227
57229
57234
57238
57241
57247
57262
57263
57265
57267
57273
57290
57301
57307
57310
57314
57317
57318
57319
57325
57327
57337
57339
57341
57349
57357
57369
57373
57379
57382
57390
57398
57405
57406
57410
57418
57449
57453
57473
57477
57478
57479
57491
57502
57518
57526
57530
57538
57542
57549
57553
57554
57557
57562
57566
57581
57582
57585
57586
57589
57591
57597
57598
57601
57605
57607
57611
57613
57629
57633
57635
57638
57639
57643
57650
57662
57665
57670
57690
57697
57699
57702
57711
57719
57726
57727
57729
57733
57735
57741
57746
57765
57769
57770
57771
57775
57779
57781
57785
57787
57791
57794
57795
57799
57803
57806
57813
57818
57823
57830
57831
57833
57838
57845
57846
57850
57851
57862
57865
57866
57867
57879
57882
57893
57899
57901
57905
57913
57921
57922
57925
57930
57931
57934
57935
57943
57946
57950
57954
57957
57961
57970
57977
57979
57983
57986
57989
57990
57993
57995
57997
58002
58011
58015
58018
58021
58023
58034
58035
58039
58045
58059
58063
58069
58070
58071
58073
58074
58079
58089
58091
58094
58097
58107
58117
58118
58119
58123
58126
58130
58134
58135
58138
58141
58142
58143
58153
58163
58169
58173
58177
58179
58186
58191
58195
58199
58205
58207
58209
58213
58214
58218
58221
58227
58229
58241
58243
58245
58249
58261
58271
58274
58283
58291
58293
58295
58298
58302
58306
58318
58322
58338
58339
58343
58349
58377
58382
58385
58389
58397
58401
58406
58418
58438
58442
58446
58449
58454
58466
58469
58473
58478
58481
58490
58491
58493
58494
58497
58498
58517
58518
58521
58530
58533
58537
58538
58545
58547
58550
58553
58554
58562
58565
58569
58571
58585
58586
58590
58591
58610
58622
58625
58629
58631
58633
58637
58639
58641
58655
58657
58661
58666
58669
58677
58680
58683
58685
58693
58695
58702
58706
58710
58713
58715
58718
58722
58725
58727
58735
58739
58743
58746
58747
58749
58750
58757
58765
58767
58770
58782
58783
58785
58793
58797
58802
58809
58812
58817
58826
58829
58833
58834
58842
58847
58848
58850
58851
58858
58863
58865
58866
58867
58875
58878
58883
58887
58889
58890
58897
58898
58899
58901
58906
58911
58913
58919
58922
58923
58925
58929
58931
58937
58939
58941
58942
58943
58945
58946
58957
58958
58959
58966
58982
58983
58986
58994
58997
59002
59009
59014
59021
59023
59030
59033
59034
59039
59042
59059
59065
59067
59069
59070
59073
59074
59077
59078
59086
59087
59091
59093
59102
59115
59121
59122
59125
59126
59130
59137
59138
59142
59170
59173
59203
59207
59210
59213
59221
59225
59227
59231
59247
59253
59262
59271
59273
59279
59282
59286
59287
59302
59303
59305
59311
59313
59314
59315
59318
59321
59327
59333
59339
59346
59349
59354
59355
59357
59358
59362
59363
59381
59389
59394
59397
59409
59410
59417
59422
59430
59438
59439
59441
59446
59450
59451
59458
59461
59466
59469
59474
59477
59481
59485
59494
59502
59522
59533
59535
59538
59546
59550
59553
59554
59562
59573
59577
59586
59597
59598
59609
59610
59613
59614
59629
59630
59637
59649
59651
59663
59666
59678
59681
59683
59687
59703
59706
59714
59719
59722
59748
59749
59753
59769
59774
59775
59778
59781
59782
59786
59789
59790
59791
59802
59805
59810
59811
59813
59826
59831
59835
59837
59842
59843
59846
59849
59850
59855
59861
59865
59875
59879
59890
59893
59894
59895
59907
59911
59918
59922
59925
59930
59935
59941
59949
59950
59953
59958
59959
59962
59966
59967
59969
59978
59982
59984
59987
59990
59995
59999
60005
60007
60014
60015
60017
60018
60019
60031
60035
60042
60045
60049
60054
60059
60061
60062
60067
60073
60078
60085
60087
60101
60106
60111
60113
60117
60123
60130
60154
60155
60157
60158
60165
60166
60174
60186
60191
60201
60207
60215
60217
60218
60219
60225
60230
60238
60243
60247
60249
60250
60251
60257
60262
60263
60275
60278
60282
60285
60286
60290
60291
60297
60298
60302
60303
60313
60317
60318
60322
60323
60326
60327
60329
60331
60334
60337
60341
60345
60355
60358
60363
60373
60374
60378
60385
60389
60393
60395
60397
60406
60415
60417
60418
60421
60422
60429
60430
60442
60443
60458
60462
60466
60474
60494
60497
60505
60509
60525
60545
60549
60559
60573
60575
60585
60587
60594
60605
60610
60611
60618
60625
60629
60641
60645
60646
60649
60657
60679
60697
60698
60701
60705
60706
60723
60727
60730
60734
60739
60741
60742
60743
60751
60755
60757
60759
60762
60769
60770
60771
60774
60775
60778
60779
60793
60794
60805
60807
60809
60831
60833
60837
60838
60843
60854
60855
60859
60862
60867
60874
60877
60883
60887
60891
60893
60894
60895
60899
60903
60906
60907
60915
60918
60923
60931
60933
60938
60941
60947
60950
60955
60958
60959
60962
60965
60970
60973
60977
60985
60986
60987
60989
60995
61005
61011
61014
61017
61018
61029
61033
61034
61045
61054
61055
61061
61063
61070
61074
61075
61077
61078
61087
61091
61095
61097
61101
61107
61111
61117
61118
61125
61130
61131
61143
61145
61151
61153
61154
61157
61161
61163
61167
61169
61170
61173
61174
61179
61181
61183
61186
61187
61193
61194
61197
61199
61202
61205
61215
61219
61222
61225
61227
61230
61231
61235
61238
61245
61255
61262
61265
61266
61273
61281
61282
61287
61289
61291
61299
61303
61305
61322
61323
61326
61327
61333
61338
61342
61345
61358
61359
61374
61377
61387
61393
61395
61399
61403
61415
61417
61425
61427
61430
61433
61434
61441
61458
61474
61477
61494
61509
61514
61517
61533
61538
61546
61586
61594
61606
61617
61622
61625
61626
61630
61633
61650
61657
61666
61682
61689
61698
61701
61707
61709
61729
61731
61735
61737
61738
61742
61757
61765
61766
61771
61774
61778
61779
61783
61784
61787
61789
61801
61802
61805
61806
61815
61818
61821
61830
61833
61849
61850
61851
61855
61866
61871
61875
61877
61878
61881
61894
61895
61897
61901
61910
61918
61921
61922
61926
61930
61938
61939
61942
61943
61946
61950
61958
61961
61966
61969
61971
61973
61975
61978
61981
61982
61986
61994
62001
62003
62013
62030
62031
62035
62039
62046
62047
62049
62053
62055
62057
62065
62069
62086
62093
62094
62095
62098
62105
62106
62107
62109
62111
62117
62119
62121
62126
62141
62146
62159
62163
62166
62170
62173
62175
62178
62179
62189
62193
62198
62211
62213
62227
62235
62238
62245
62255
62257
62259
62262
62286
62287
62293
62295
62298
62299
62305
62310
62314
62315
62319
62321
62333
62335
62337
62338
62342
62345
62347
62349
62350
62351
62358
62359
62363
62366
62374
62381
62382
62387
62390
62393
62398
62410
62411
62413
62414
62415
62418
62422
62425
62429
62431
62449
62453
62455
62457
62458
62469
62473
62474
62477
62490
62498
62514
62521
62522
62525
62534
62541
62542
62553
62558
62562
62565
62570
62573
62582
62589
62594
62598
62599
62601
62605
62606
62609
62610
62613
62614
62617
62621
62622
62625
62630
62633
62641
62645
62646
62650
62663
62681
62682
62686
62691
62693
62702
62709
62710
62713
62718
62733
62737
62738
62739
62742
62755
62759
62761
62766
62785
62786
62794
62797
62799
62806
62809
62810
62817
62819
62829
62831
62840
62841
62842
62851
62855
62859
62861
62866
62867
62869
62874
62877
62879
62881
62883
62893
62901
62903
62906
62909
62913
62922
62923
62925
62926
62929
62930
62931
62933
62935
62941
62949
62950
62951
62953
62954
62961
62962
62965
62966
62969
62971
62973
62974
62979
62981
62982
62989
62993
62995
62997
63005
63011
63029
63031
63037
63041
63042
63055
63057
63059
63062
63063
63065
63066
63079
63082
63089
63095
63099
63102
63107
63110
63111
63118
63125
63127
63130
63131
63135
63138
63154
63155
63169
63170
63171
63173
63185
63190
63193
63198
63199
63203
63205
63207
63209
63213
63230
63238
63241
63247
63250
63259
63261
63263
63270
63275
63277
63281
63286
63287
63289
63295
63302
63306
63309
63310
63311
63314
63315
63317
63331
63333
63341
63346
63351
63355
63358
63361
63363
63382
63383
63385
63389
63391
63398
63402
63409
63415
63422
63430
63435
63441
63453
63458
63465
63466
63467
63470
63479
63481
63485
63490
63498
63499
63503
63506
63513
63517
63518
63525
63529
63538
63554
63557
63573
63574
63577
63585
63601
63606
63609
63618
63622
63633
63638
63657
63678
63681
63682
63685
63686
63697
63701
63713
63714
63718
63725
63730
63733
63741
63759
63762
63763
63773
63774
63775
63778
63783
63785
63799
63801
63805
63817
63821
63827
63843
63849
63866
63869
63870
63874
63875
63882
63887
63897
63899
63901
63909
63910
63927
63930
63931
63934
63937
63938
63943
63949
63951
63953
63958
63961
63969
64001
64007
64011
64013
64018
64022
64025
64026
64027
64029
64033
64045
64053
64057
64065
64066
64069
64075
64077
64081
64082
64087
64090
64093
64094
64098
64101
64111
64113
64118
64119
64131
64133
64134
64137
64143
64149
64153
64157
64159
64161
64171
64183
64187
64189
64195
64197
64198
64202
64203
64205
64211
64214
64217
64223
64226
64227
64229
64230
64231
64233
64237
64238
64242
64246
64251
64253
64265
64274
64275
64291
64294
64295
64298
64305
64310
64313
64319
64321
64329
64331
64342
64345
64349
64358
64374
64377
64378
64379
64383
64397
64398
64399
64409
64414
64421
64422
64425
64426
64442
64450
64453
64455
64461
64463
64465
64466
64470
64473
64475
64477
64478
64501
64502
64503
64506
64513
64518
64522
64525
64533
64537
64545
64546
64557
64566
64569
64570
64577
64589
64610
64613
64615
64626
64631
64649
64658
64661
64670
64673
64674
64681
64682
64685
64701
64702
64706
64709
64710
64714
64718
64722
64726
64733
64737
64738
64741
64742
64745
64769
64773
64782
64789
64790
64794
64798
64799
64810
64811
64814
64815
64819
64821
64822
64823
64826
64827
64831
64834
64838
64841
64843
64845
64855
64863
64865
64870
64871
64877
64879
64885
64891
64893
64895
64903
64905
64907
64909
64913
64929
64930
64943
64955
64957
64958
64962
64973
64978
64999
65002
65003
65006
65015
65017
65021
65027
65033
65034
65037
65038
65039
65041
65046
65054
65057
65063
65065
65069
65071
65079
65082
65083
65085
65086
65090
65091
65093
65095
65097
65098
65102
65110
65111
65113
65115
65118
65121
65122
65123
65125
65127
65129
65133
65135
65142
65143
65145
65151
65153
65158
65159
65170
65175
65178
65181
65187
65189
65191
65195
65198
65199
65203
65207
65209
65210
65211
65213
65218
65221
65222
65223
65227
65229
65233
65238
65241
65249
65258
65267
65269
65271
65277
65279
65281
65286
65287
65294
65295
65301
65306
65314
65317
65319
65331
65333
65334
65338
65339
65342
65349
65355
65357
65359
65361
65362
65365
65369
65374
65375
65378
65382
65383
65387
65399
65402
65405
65407
65410
65414
65415
65418
65423
65429
65434
65442
65445
65450
65457
65458
65459
65465
65466
65470
65482
65497
65498
65506
65509
65511
65514
65515
65519
65521
65522
65526
65527
65530
65531
65535
