9
14
22
26
34
37
42
45
49
57
62
65
66
70
74
94
101
105
113
125
134
141
142
153
154
157
171
173
178
186
197
213
214
230
237
238
246
251
259
262
265
266
267
275
277
285
286
289
297
298
302
309
311
321
322
329
330
332
333
337
339
345
355
357
362
365
382
383
393
397
398
405
413
415
422
429
431
437
439
441
445
453
458
459
463
465
475
479
482
485
489
490
495
501
517
518
522
523
526
529
534
537
541
546
553
554
557
570
578
581
583
589
590
594
603
605
606
611
615
617
625
626
633
635
639
641
646
649
653
654
657
658
661
667
682
691
694
701
710
714
719
722
727
742
743
746
750
758
763
785
790
797
799
801
806
809
813
821
825
827
829
835
837
839
843
846
849
854
857
866
873
875
877
879
882
883
885
894
895
897
898
899
905
909
917
918
921
922
927
929
937
938
939
945
949
955
959
962
965
969
974
986
987
994
995
999
1003
1007
1017
1021
1029
1030
1043
1046
1049
1057
1065
1090
1101
1106
1109
1113
1114
1118
1125
1126
1133
1138
1155
1157
1165
1166
1181
1182
1185
1201
1203
1206
1217
1218
1222
1229
1230
1237
1245
1251
1261
1273
1274
1278
1281
1282
1283
1286
1287
1295
1302
1305
1307
1309
1310
1311
1322
1323
1326
1327
1331
1333
1335
1338
1343
1347
1349
1350
1351
1353
1354
1358
1359
1362
1365
1371
1374
1387
1391
1397
1398
1401
1417
1425
1438
1439
1442
1451
1455
1458
1463
1470
1471
1473
1479
1483
1485
1487
1488
1499
1509
1513
1515
1523
1526
1529
1531
1534
1541
1546
1547
1551
1554
1561
1566
1574
1586
1587
1591
1595
1598
1605
1613
1618
1621
1623
1626
1627
1633
1639
1641
1642
1647
1649
1657
1661
1665
1681
1687
1695
1697
1698
1702
1705
1711
1713
1722
1723
1725
1743
1745
1749
1750
1763
1771
1775
1778
1786
1787
1790
1791
1794
1797
1803
1813
1814
1817
1818
1830
1841
1842
1845
1849
1855
1859
1865
1869
1879
1882
1883
1886
1887
1890
1891
1901
1903
1905
1914
1917
1918
1923
1926
1929
1938
1941
1943
1946
1949
1950
1953
1955
1958
1961
1965
1967
1971
1973
1977
1989
1998
2003
2009
2010
2013
2017
2026
2029
2045
2047
2049
2053
2058
2062
2065
2094
2098
2105
2121
2126
2129
2133
2142
2154
2157
2173
2177
2182
2186
2197
2198
2205
2209
2225
2226
2233
2237
2241
2246
2254
2262
2270
2273
2274
2286
2298
2302
2310
2313
2317
2327
2330
2335
2345
2346
2347
2353
2358
2359
2365
2366
2369
2371
2373
2374
2378
2385
2390
2393
2397
2403
2406
2409
2411
2417
2418
2419
2422
2425
2426
2429
2434
2435
2437
2438
2441
2450
2453
2454
2458
2459
2465
2471
2478
2482
2493
2501
2502
2507
2515
2517
2518
2519
2521
2525
2534
2546
2557
2559
2567
2575
2581
2582
2583
2585
2587
2590
2601
2605
2606
2607
2609
2611
2613
2621
2631
2646
2650
2654
2658
2666
2669
2671
2673
2675
2677
2679
2687
2694
2706
2709
2717
2723
2737
2743
2759
2761
2767
2769
2774
2777
2779
2783
2785
2786
2791
2803
2818
2829
2831
2835
2842
2845
2855
2863
2866
2871
2875
2877
2885
2891
2893
2895
2897
2906
2910
2914
2915
2918
2919
2929
2934
2935
2941
2942
2947
2949
2951
2954
2955
2959
2974
2975
2993
2998
2999
3003
3010
3014
3025
3038
3046
3058
3062
3067
3073
3074
3077
3097
3102
3106
3113
3118
3129
3150
3158
3165
3166
3169
3173
3174
3181
3193
3213
3218
3226
3229
3238
3242
3254
3257
3265
3270
3277
3278
3282
3285
3286
3290
3317
3338
3339
3343
3345
3346
3349
3353
3358
3362
3367
3374
3377
3378
3389
3390
3394
3401
3403
3406
3418
3419
3423
3425
3429
3431
3434
3439
3443
3446
3454
3455
3462
3473
3489
3490
3491
3493
3494
3495
3498
3507
3511
3517
3523
3533
3539
3543
3545
3550
3551
3561
3566
3571
3583
3591
3594
3599
3601
3609
3614
3615
3621
3625
3630
3633
3634
3637
3649
3651
3653
3655
3659
3666
3667
3677
3679
3685
3691
3694
3695
3697
3698
3713
3718
3729
3731
3734
3742
3749
3751
3755
3757
3762
3765
3766
3777
3779
3783
3785
3786
3793
3799
3806
3807
3818
3819
3825
3829
3830
3835
3845
3855
3857
3862
3867
3879
3882
3885
3889
3894
3897
3899
3903
3906
3914
3915
3918
3922
3930
3933
3934
3937
3941
3950
3957
3959
3978
3985
3986
3987
3990
3999
4005
4011
4021
4022
4027
4034
4037
4038
4041
4042
4045
4047
4066
4073
4083
4086
4089
4094
4098
4118
4121
4125
4129
4133
4134
4137
4146
4150
4158
4165
4169
4186
4197
4201
4230
4234
4251
4254
4255
4262
4277
4282
4294
4297
4301
4318
4325
4341
4346
4353
4357
4361
4371
4381
4382
4391
4392
4397
4398
4401
4402
4410
4413
4419
4421
4422
4425
4427
4429
4430
4441
4442
4445
4446
4458
4462
4465
4474
4478
4479
4486
4495
4497
4505
4506
4507
4517
4518
4519
4522
4523
4527
4529
4531
4533
4539
4543
4549
4550
4559
4561
4569
4575
4585
4590
4593
4601
4610
4617
4619
4625
4631
4639
4649
4650
4655
4659
4665
4673
4674
4675
4676
4681
4682
4683
4687
4694
4697
4699
4702
4703
4718
4719
4721
4723
4741
4745
4758
4761
4766
4767
4778
4790
4793
4794
4806
4814
4819
4823
4829
4830
4833
4851
4853
4869
4871
4874
4875
4878
4881
4885
4886
4890
4898
4902
4903
4907
4909
4913
4934
4935
4937
4938
4945
4949
4953
4959
4967
4973
4974
4977
4981
5011
5019
5025
5027
5041
5043
5053
5054
5055
5067
5074
5083
5089
5091
5099
5107
5109
5114
5137
5138
5145
5146
5154
5158
5161
5183
5186
5189
5193
5203
5210
5211
5217
5218
5221
5222
5227
5239
5241
5249
5253
5254
5265
5269
5277
5282
5298
5301
5311
5313
5318
5325
5330
5333
5341
5349
5353
5358
5370
5373
5383
5390
5395
5398
5401
5402
5406
5407
5425
5430
5431
5437
5441
5443
5451
5465
5467
5471
5475
5482
5485
5486
5487
5494
5509
5511
5517
5521
5533
5534
5541
5542
5545
5546
5547
5553
5557
5561
5563
5575
5585
5593
5594
5602
5603
5606
5607
5610
5615
5617
5622
5635
5638
5641
5645
5649
5651
5657
5662
5667
5670
5673
5674
5681
5683
5686
5689
5690
5691
5694
5695
5697
5707
5717
5718
5721
5722
5731
5738
5739
5742
5750
5751
5755
5757
5758
5761
5762
5771
5774
5775
5787
5789
5794
5798
5799
5802
5815
5821
5827
5831
5833
5835
5837
5838
5839
5841
5845
5847
5851
5853
5861
5867
5877
5885
5886
5889
5894
5899
5903
5905
5913
5914
5919
5922
5925
5927
5931
5933
5934
5938
5943
5954
5955
5967
5969
5978
5982
5985
6002
6009
6011
6019
6026
6038
6046
6066
6074
6079
6082
6083
6086
6089
6097
6098
6101
6114
6125
6127
6131
6133
6145
6154
6157
6165
6170
6181
6186
6189
6201
6202
6205
6206
6209
6210
6213
6225
6233
6241
6246
6254
6261
6266
6269
6273
6277
6278
6289
6294
6306
6315
6325
6330
6333
6349
6354
6357
6358
6361
6365
6382
6385
6401
6406
6407
6413
6414
6419
6423
6430
6431
6447
6454
6457
6467
6469
6471
6477
6481
6485
6494
6501
6514
6523
6533
6539
6541
6542
6545
6546
6550
6554
6559
6566
6570
6578
6581
6583
6587
6589
6591
6598
6599
6606
6607
6610
6615
6621
6629
6631
6639
6641
6645
6649
6657
6659
6661
6670
6674
6677
6679
6682
6690
6697
6709
6710
6711
6717
6721
6735
6738
6739
6743
6747
6749
6766
6773
6775
6777
6778
6783
6785
6787
6789
6794
6795
6801
6807
6814
6821
6826
6830
6833
6835
6838
6842
6843
6845
6847
6849
6854
6855
6858
6859
6865
6869
6873
6874
6877
6879
6881
6883
6886
6887
6909
6917
6918
6931
6938
6941
6942
6949
6950
6961
6966
6969
6971
6978
6979
6985
6990
7005
7006
7007
7010
7013
7018
7026
7029
7034
7041
7043
7053
7054
7055
7058
7065
7069
7075
7079
7086
7093
7095
7097
7098
7112
7113
7115
7123
7134
7135
7142
7147
7151
7153
7155
7157
7165
7166
7169
7170
7194
7201
7210
7215
7218
7231
7233
7234
7245
7249
7250
7265
7266
7289
7293
7294
7297
7298
7309
7310
7314
7329
7330
7337
7341
7349
7350
7370
7373
7377
7385
7386
7397
7406
7409
7421
7426
7430
7434
7435
7437
7439
7443
7446
7450
7451
7453
7454
7462
7463
7466
7471
7473
7481
7483
7485
7486
7487
7491
7493
7499
7506
7510
7511
7515
7523
7525
7526
7529
7533
7534
7538
7543
7550
7554
7557
7561
7563
7565
7573
7574
7577
7578
7579
7585
7587
7593
7595
7598
7601
7605
7607
7611
7614
7621
7622
7626
7629
7631
7633
7646
7647
7655
7658
7673
7674
7683
7689
7690
7697
7699
7710
7719
7738
7742
7743
7745
7747
7757
7758
7759
7762
7763
7765
7766
7767
7769
7774
7778
7782
7791
7795
7798
7807
7810
7814
7818
7822
7823
7825
7827
7829
7831
7835
7841
7843
7845
7847
7849
7850
7865
7867
7870
7875
7882
7883
7885
7887
7890
7897
7898
7901
7902
7903
7908
7911
7915
7921
7926
7929
7930
7933
7934
7941
7943
7950
7953
7954
7958
7967
7973
7974
7977
7982
7985
8006
8010
8011
8015
8017
8021
8038
8043
8054
8055
8059
8061
8063
8075
8077
8089
8090
8093
8103
8107
8109
8110
8113
8114
8121
8126
8127
8130
8131
8141
8146
8149
8165
8182
8187
8197
8201
8205
8210
8226
8229
8231
8233
8241
8246
8250
8253
8261
8270
8277
8294
8302
8309
8314
8317
8322
8333
8334
8342
8365
8371
8378
8389
8390
8391
8394
8398
8401
8402
8410
8421
8422
8425
8433
8434
8437
8446
8454
8459
8462
8469
8471
8475
8477
8482
8485
8486
8491
8493
8495
8497
8503
8505
8506
8507
8518
8521
8523
8525
8531
8533
8534
8545
8547
8550
8553
8562
8563
8577
8578
8581
8589
8591
8592
8593
8598
8602
8603
8608
8619
8633
8639
8646
8654
8662
8663
8665
8673
8683
8685
8686
8687
8690
8691
8693
8694
8698
8706
8709
8710
8713
8714
8715
8721
8722
8726
8727
8729
8735
8738
8739
8745
8753
8754
8762
8765
8767
8770
8771
8777
8778
8781
8783
8787
8789
8791
8793
8795
8798
8799
8806
8813
8823
8826
8829
8833
8839
8842
8847
8850
8855
8858
8859
8868
8869
8874
8877
8879
8886
8887
8898
8899
8909
8917
8918
8925
8929
8930
8947
8953
8957
8961
8977
8978
8987
8989
8990
8995
8997
9001
9002
9003
9007
9010
9011
9017
9022
9025
9029
9035
9041
9043
9047
9053
9055
9061
9062
9065
9066
9069
9071
9078
9079
9085
9086
9087
9097
9101
9105
9107
9123
9127
9131
9139
9151
9159
9167
9171
9207
9210
9213
9217
9226
9229
9231
9237
9241
9243
9245
9258
9269
9278
9281
9282
9290
9298
9302
9305
9306
9309
9311
9341
9350
9354
9361
9362
9365
9370
9374
9377
9385
9386
9397
9413
9414
9441
9442
9454
9461
9466
9469
9473
9475
9478
9479
9483
9485
9486
9490
9491
9493
9494
9501
9502
9505
9509
9510
9511
9518
9519
9526
9529
9533
9537
9542
9543
9546
9547
9550
9551
9557
9561
9562
9569
9574
9577
9581
9602
9609
9611
9629
9633
9646
9650
9651
9653
9655
9661
9662
9663
9666
9669
9674
9681
9690
9718
9719
9723
9738
9739
9745
9753
9757
9767
9775
9779
9781
9783
9785
9793
9798
9806
9809
9811
9813
9815
9819
9826
9838
9841
9846
9855
9862
9863
9865
9866
9871
9873
9874
9885
9886
9889
9890
9894
9898
9906
9915
9918
9922
9937
9938
9943
9953
9957
9963
9969
9985
9990
9994
9998
10001
10002
10006
10010
10014
10015
10022
10023
10031
10033
10038
10042
10051
10055
10069
10071
10081
10086
10091
10093
10094
10095
10099
10101
10105
10109
10113
10119
10125
10126
10134
10141
10147
10149
10154
10169
10183
10185
10186
10193
10195
10197
10198
10203
10218
10225
10231
10246
10249
10250
10265
10279
10287
10290
10294
10301
10302
10306
10318
10321
10323
10325
10326
10337
10341
10346
10350
10354
10361
10362
10371
10375
10377
10385
10397
10403
10406
10409
10410
10415
10425
10430
10433
10437
10441
10442
10445
10450
10454
10474
10481
10485
10489
10498
10501
10502
10519
10521
10526
10530
10531
10533
10538
10542
10554
10555
10561
10563
10571
10573
10575
10579
10589
10594
10597
10598
10599
10601
10603
10605
10610
10614
10617
10629
10633
10634
10641
10649
10651
10653
10659
10666
10671
10675
10678
10683
10695
10702
10703
10705
10715
10718
10719
10722
10742
10745
10750
10754
10755
10757
10762
10763
10766
10771
10778
10782
10786
10790
10791
10793
10801
10807
10811
10813
10821
10825
10829
10833
10841
10843
10845
10850
10851
10853
10854
10858
10861
10862
10870
10878
10881
10890
10894
10895
10899
10906
10913
10914
10915
10918
10922
10931
10933
10947
10955
10957
10958
10961
10962
10966
10970
10971
10981
10985
10987
10990
11005
11014
11019
11023
11025
11026
11038
11047
11049
11063
11067
11073
11078
11079
11081
11085
11093
11097
11102
11103
11113
11119
11129
11134
11139
11143
11157
11158
11159
11163
11165
11166
11178
11181
11185
11193
11201
11215
11223
11225
11234
11246
11261
11270
11273
11289
11297
11298
11305
11310
11313
11317
11325
11337
11338
11369
11375
11378
11382
11385
11393
11394
11405
11417
11422
11426
11430
11437
11438
11446
11453
11461
11470
11478
11490
11498
11505
11510
11513
11517
11521
11525
11529
11530
11531
11537
11539
11547
11551
11554
11561
11562
11567
11570
11579
11581
11582
11585
11595
11597
11598
11599
11601
11602
11609
11614
11617
11621
11625
11629
11630
11639
11646
11651
11653
11654
11663
11666
11678
11679
11689
11693
11697
11705
11707
11717
11719
11723
11726
11733
11737
11738
11739
11742
11766
11770
11773
11774
11778
11781
11791
11793
11795
11802
11809
11810
11817
11818
11821
11830
11831
11834
11835
11839
11842
11845
11846
11855
11861
11863
11870
11871
11873
11875
11877
11883
11885
11887
11889
11890
11891
11901
11903
11910
11922
11930
11935
11937
11938
11945
11949
11950
11954
11955
11962
11971
11974
11978
11979
11987
11989
11990
11995
12001
12006
12011
12018
12019
12021
12026
12030
12038
12047
12050
12053
12054
12055
12057
12059
12071
12077
12081
12083
12085
12086
12087
12090
12093
12094
12097
12102
12105
12110
12113
12114
12134
12137
12141
12142
12143
12153
12155
12167
12178
12182
12190
12195
12202
12205
12209
12210
12223
12225
12226
12229
12231
12233
12235
12249
12251
12262
12266
12267
12271
12278
12281
12285
12305
12306
12309
12310
12315
12325
12326
12334
12339
12341
12354
12355
12361
12362
12366
12373
12374
12377
12378
12382
12389
12395
12397
12398
12405
12406
12409
12413
12422
12433
12441
12442
12457
12458
12466
12473
12486
12489
12497
12502
12506
12513
12517
12518
12525
12533
12546
12547
12553
12559
12561
12563
12570
12577
12578
12579
12581
12585
12597
12599
12601
12606
12610
12611
12613
12617
12618
12623
12631
12633
12642
12643
12650
12651
12653
12655
12659
12661
12673
12678
12681
12686
12687
12697
12705
12706
12713
12717
12726
12727
12739
12746
12749
12755
12761
12770
12773
12775
12779
12785
12789
12794
12798
12799
12818
12826
12831
12837
12838
12849
12851
12855
12858
12859
12861
12865
12866
12867
12869
12871
12875
12879
12902
12915
12918
12922
12926
12931
12934
12937
12939
12941
12946
12955
12959
12962
12963
12966
12973
12974
12982
12993
12994
12995
12997
13001
13011
13017
13018
13026
13030
13037
13039
13047
13049
13053
13061
13062
13067
13070
13071
13075
13086
13089
13095
13101
13111
13114
13117
13121
13127
13129
13130
13137
13147
13162
13169
13170
13181
13187
13189
13191
13193
13197
13198
13202
13206
13213
13215
13223
13234
13241
13253
13257
13259
13263
13273
13278
13282
13285
13287
13305
13313
13314
13326
13333
13338
13345
13350
13353
13354
13363
13366
13370
13390
13393
13397
13398
13401
13405
13414
13417
13421
13427
13429
13433
13453
13466
13485
13486
13501
13502
13513
13521
13522
13529
13530
13533
13534
13546
13553
13557
13558
13565
13566
13569
13571
13573
13574
13578
13579
13581
13583
13585
13586
13588
13594
13597
13601
13610
13613
13614
13617
13618
13619
13622
13626
13631
13639
13649
13653
13655
13662
13663
13667
13670
13674
13677
13679
13682
13687
13689
13703
13706
13710
13713
13719
13727
13738
13745
13746
13749
13750
13751
13755
13767
13779
13783
13787
13799
13802
13803
13813
13814
13815
13821
13823
13826
13827
13835
13841
13854
13859
13862
13863
13867
13869
13871
13879
13881
13894
13898
13899
13901
13905
13926
13929
13937
13938
13939
13950
13951
13953
13954
13957
13958
13961
13967
13970
13971
13985
13999
14001
14002
14005
14011
14018
14038
14041
14042
14051
14054
14067
14070
14071
14078
14079
14081
14083
14086
14093
14095
14099
14102
14107
14111
14113
14114
14138
14139
14147
14159
14163
14166
14169
14171
14173
14174
14178
14179
14181
14182
14184
14186
14187
14191
14194
14203
14209
14211
14217
14219
14226
14233
14234
14246
14250
14255
14259
14281
14282
14290
14297
14298
14299
14301
14305
14307
14317
14319
14323
14325
14327
14329
14335
14338
14358
14365
14366
14369
14370
14377
14382
14402
14410
14414
14418
14421
14433
14437
14445
14449
14454
14458
14481
14482
14489
14493
14502
14505
14510
14513
14517
14531
14537
14538
14541
14545
14553
14555
14561
14566
14573
14574
14578
14582
14586
14597
14601
14606
14609
14610
14625
14629
14637
14638
14647
14653
14662
14666
14667
14669
14678
14685
14689
14690
14695
14697
14699
14702
14707
14710
14711
14713
14715
14730
14731
14733
14734
14742
14751
14754
14759
14761
14769
14770
14775
14778
14785
14793
14795
14798
14803
14809
14818
14819
14823
14833
14834
14835
14837
14842
14845
14850
14854
14855
14874
14881
14897
14898
14914
14918
14921
14923
14925
14927
14929
14930
14931
14937
14940
14942
14950
14951
14957
14958
14971
14973
14974
14982
14986
14989
14990
14994
14995
14997
15002
15005
15010
15013
15019
15022
15023
15025
15030
15033
15035
15039
15051
15053
15055
15059
15063
15065
15070
15073
15075
15085
15089
15091
15093
15098
15101
15102
15106
15107
15111
15115
15119
15134
15135
15139
15141
15142
15145
15146
15151
15158
15166
15169
15170
15174
15183
15186
15187
15191
15199
15203
15225
15231
15242
15250
15265
15266
15270
15271
15277
15286
15291
15298
15305
15309
15322
15329
15349
15353
15355
15357
15358
15365
15366
15369
15373
15377
15381
15390
15394
15402
15406
15409
15429
15430
15431
15437
15438
15441
15445
15453
15454
15462
15466
15475
15481
15486
15489
15495
15497
15498
15499
15522
15525
15530
15534
15537
15538
15546
15549
15550
15554
15562
15569
15578
15581
15590
15597
15605
15606
15611
15613
15618
15623
15630
15633
15635
15639
15642
15646
15653
15654
15659
15666
15670
15674
15675
15677
15678
15679
15682
15683
15686
15687
15693
15698
15699
15705
15707
15709
15722
15729
15734
15742
15743
15745
15749
15765
15767
15791
15795
15798
15806
15813
15815
15823
15825
15827
15834
15839
15843
15847
15861
15862
15867
15869
15871
15882
15885
15886
15891
15895
15898
15899
15902
15903
15907
15909
15911
15934
15935
15938
15946
15955
15957
15962
15965
15969
15974
15983
15986
15989
15990
15997
15999
16006
16007
16015
16021
16025
16027
16034
16038
16041
16047
16058
16061
16066
16070
16071
16078
16079
16093
16099
16113
16115
16121
16122
16127
16130
16139
16143
16145
16150
16157
16159
16161
16162
16166
16167
16169
16174
16178
16185
16187
16193
16194
16195
16201
16203
16206
16207
16213
16217
16219
16225
16227
16233
16234
16241
16243
16261
16277
16281
16286
16289
16290
16294
16297
16299
16301
16303
16309
16321
16329
16330
16331
16334
16346
16357
16358
16363
16366
16367
16373
16383
16395
16406
16409
16418
16421
16425
16426
16430
16437
16441
16442
16450
16457
16467
16473
16478
16489
16501
16502
16505
16514
16518
16541
16546
16550
16553
16554
16561
16562
16563
16565
16566
16573
16577
16585
16589
16593
16594
16597
16613
16622
16626
16633
16641
16643
16645
16646
16653
16659
16663
16679
16690
16694
16698
16699
16703
16705
16711
16717
16741
16742
16749
16751
16762
16765
16767
16770
16789
16807
16809
16810
16814
16817
16831
16839
16841
16843
16845
16851
16859
16865
16867
16875
16878
16879
16889
16890
16893
16895
16897
16899
16909
16911
16915
16926
16929
16930
16933
16949
16950
16953
16954
16961
16962
16963
16966
16967
16973
16974
16978
16981
16986
16987
16993
16994
16997
17003
17006
17015
17027
17033
17034
17035
17050
17053
17054
17055
17057
17059
17079
17082
17085
17087
17090
17097
17102
17106
17113
17115
17118
17121
17142
17146
17149
17151
17159
17166
17170
17175
17178
17179
17182
17183
17189
17191
17205
17209
17213
17219
17221
17227
17230
17231
17233
17235
17241
17245
17250
17258
17259
17263
17265
17271
17279
17283
17285
17298
17314
17321
17322
17325
17326
17330
17338
17341
17342
17347
17351
17353
17357
17359
17365
17369
17370
17377
17378
17379
17382
17385
17387
17393
17395
17398
17401
17413
17414
17421
17426
17433
17434
17437
17446
17449
17453
17465
17477
17478
17481
17490
17498
17506
17514
17518
17526
17537
17541
17543
17545
17550
17553
17561
17562
17575
17586
17597
17601
17609
17618
17629
17630
17633
17649
17665
17666
17682
17699
17702
17706
17710
17711
17713
17715
17722
17726
17727
17730
17735
17741
17746
17750
17757
17760
17762
17777
17778
17779
17783
17791
17796
17799
17805
17816
17817
17823
17830
17834
17837
17841
17843
17847
17849
17851
17855
17858
17861
17863
17866
17873
17879
17887
17890
17897
17899
17902
17910
17926
17937
17938
17941
17945
17946
17949
17951
17954
17957
17958
17963
17973
17974
17981
17982
17997
18005
18007
18009
18013
18014
18022
18025
18027
18029
18033
18035
18037
18041
18043
18045
18050
18053
18057
18063
18069
18071
18077
18078
18083
18087
18090
18098
18110
18119
18126
18129
18130
18133
18137
18145
18146
18149
18155
18163
18165
18187
18190
18195
18197
18202
18210
18219
18226
18227
18230
18233
18235
18237
18238
18245
18249
18250
18251
18253
18265
18269
18273
18274
18275
18277
18278
18298
18302
18309
18313
18318
18325
18326
18334
18347
18355
18358
18361
18363
18365
18369
18378
18382
18385
18386
18390
18395
18397
18399
18402
18406
18410
18415
18418
18421
18422
18423
18426
18445
18449
18450
18453
18454
18457
18469
18481
18493
18505
18517
18518
18519
18526
18529
18534
18535
18541
18545
18550
18561
18565
18566
18570
18573
18574
18601
18618
18626
18637
18638
18641
18649
18653
18654
18657
18658
18669
18674
18690
18698
18706
18707
18710
18717
18718
18722
18725
18727
18730
18731
18741
18742
18743
18745
18749
18751
18753
18754
18757
18759
18774
18777
18781
18789
18799
18809
18810
18814
18819
18823
18826
18827
18829
18833
18834
18835
18841
18851
18854
18856
18861
18867
18870
18875
18877
18879
18886
18889
18890
18891
18902
18909
18910
18913
18915
18918
18929
18930
18931
18934
18938
18946
18947
18954
18957
18959
18965
18973
18974
18978
18981
18982
18983
18985
18989
18990
18995
18998
19001
19002
19005
19009
19029
19030
19033
19035
19038
19039
19066
19069
19073
19077
19078
19079
19081
19083
19086
19090
19094
19097
19107
19111
19113
19119
19122
19127
19131
19134
19147
19149
19150
19153
19154
19155
19161
19162
19165
19167
19169
19177
19179
19181
19183
19199
19201
19203
19207
19210
19211
19214
19223
19230
19233
19250
19251
19253
19255
19263
19265
19267
19269
19275
19279
19293
19295
19298
19303
19309
19313
19314
19315
19319
19322
19333
19334
19341
19342
19353
19355
19366
19370
19383
19385
19391
19399
19402
19405
19407
19417
19419
19426
19438
19449
19450
19454
19455
19461
19473
19481
19482
19489
19513
19517
19526
19529
19530
19534
19550
19551
19554
19557
19562
19569
19570
19575
19602
19605
19609
19617
19618
19626
19630
19637
19638
19662
19666
19678
19681
19690
19694
19697
19701
19702
19705
19709
19727
19729
19730
19738
19739
19742
19743
19746
19747
19749
19751
19753
19758
19767
19773
19777
19783
19785
19787
19795
19799
19805
19809
19814
19815
19826
19830
19841
19846
19850
19853
19858
19861
19862
19874
19878
19890
19907
19919
19921
19922
19923
19927
19931
19933
19934
19937
19939
19942
19945
19949
19955
19959
19961
19967
19970
19971
19974
19979
19986
19993
19995
19998
20001
20002
20003
20005
20013
20014
20019
20021
20023
20025
20027
20028
20033
20037
20038
20039
20041
20046
20061
20062
20066
20069
20071
20081
20089
20093
20103
20105
20110
20111
20117
20122
20127
20135
20138
20142
20143
20145
20155
20158
20159
20167
20169
20173
20174
20175
20177
20179
20181
20191
20198
20201
20209
20213
20218
20219
20221
20225
20227
20230
20231
20251
20258
20259
20261
20269
20279
20287
20289
20293
20294
20297
20298
20307
20310
20317
20318
20339
20343
20349
20357
20358
20361
20370
20377
20378
20381
20395
20402
20406
20431
20434
20435
20445
20453
20458
20459
20467
20469
20478
20479
20485
20486
20490
20497
20498
20501
20533
20534
20541
20550
20553
20569
20573
20574
20581
20586
20589
20590
20593
20595
20597
20602
20609
20613
20622
20625
20642
20657
20661
20662
20665
20674
20685
20690
20702
20706
20719
20749
20750
20758
20761
20765
20770
20771
20777
20778
20795
20797
20799
20802
20803
20810
20823
20827
20830
20831
20839
20843
20845
20846
20849
20855
20869
20871
20874
20878
20889
20895
20897
20898
20905
20909
20911
20913
20919
20922
20934
20941
20946
20947
20949
20950
20955
20959
20970
20974
20979
20981
20989
20990
20995
20999
21003
21005
21007
21011
21019
21026
21030
21041
21042
21046
21047
21049
21053
21059
21061
21063
21071
21081
21082
21095
21103
21106
21110
21111
21113
21115
21117
21126
21127
21137
21138
21141
21145
21147
21151
21162
21165
21166
21171
21175
21178
21186
21194
21198
21207
21209
21210
21211
21221
21226
21233
21243
21245
21253
21254
21259
21261
21265
21267
21269
21270
21278
21281
21285
21291
21293
21295
21298
21305
21309
21311
21317
21330
21334
21337
21338
21339
21343
21345
21351
21354
21355
21359
21361
21363
21373
21382
21385
21387
21397
21398
21407
21409
21413
21414
21425
21427
21435
21443
21445
21450
21458
21463
21470
21485
21495
21498
21502
21509
21514
21517
21518
21526
21533
21534
21542
21545
21549
21553
21557
21562
21565
21566
21574
21585
21586
21601
21605
21621
21622
21626
21629
21634
21638
21641
21642
21645
21650
21657
21661
21674
21677
21685
21698
21702
21706
21710
21713
21718
21725
21729
21730
21733
21742
21743
21745
21767
21769
21770
21773
21774
21775
21778
21786
21789
21793
21795
21797
21798
21799
21802
21807
21810
21811
21815
21821
21822
21825
21831
21834
21835
21849
21873
21875
21883
21885
21889
21897
21898
21903
21906
21911
21913
21915
21918
21922
21927
21931
21942
21943
21946
21953
21958
21959
21962
21966
21967
21971
21974
21975
21977
21978
21981
21983
21985
21989
21990
21993
21995
21998
21999
22002
22007
22010
22013
22019
22025
22030
22034
22038
22039
22043
22053
22054
22057
22059
22061
22063
22070
22071
22073
22074
22078
22085
22091
22093
22097
22103
22105
22113
22114
22118
22121
22123
22125
22126
22127
22130
22131
22133
22134
22135
22137
22142
22145
22151
22175
22179
22181
22183
22189
22191
22198
22203
22206
22214
22217
22223
22233
22234
22237
22242
22253
22257
22259
22261
22265
22274
22281
22283
22290
22297
22299
22301
22303
22305
22314
22315
22337
22338
22349
22350
22353
22355
22361
22362
22363
22369
22375
22378
22379
22389
22391
22394
22402
22403
22405
22406
22410
22413
22417
22422
22423
22441
22453
22457
22466
22475
22477
22481
22497
22498
22499
22501
22505
22515
22517
22519
22523
22525
22527
22529
22530
22534
22537
22549
22565
22569
22570
22574
22575
22578
22585
22589
22593
22595
22599
22602
22609
22614
22618
22625
22634
22661
22677
22686
22697
22702
22705
22710
22718
22725
22727
22729
22730
22745
22749
22758
22762
22778
22786
22791
22793
22794
22797
22798
22799
22802
22806
22807
22810
22811
22818
22827
22833
22834
22835
22841
22846
22854
22859
22862
22866
22869
22873
22879
22885
22886
22889
22890
22897
22911
22915
22917
22919
22921
22926
22930
22931
22941
22954
22957
22958
22962
22963
22965
22969
22974
22985
22989
22990
22998
23001
23002
23009
23022
23023
23026
23031
23034
23035
23038
23042
23045
23059
23061
23063
23067
23070
23074
23075
23077
23090
23091
23093
23095
23098
23099
23105
23110
23113
23119
23122
23127
23129
23131
23137
23138
23143
23145
23149
23151
23154
23155
23157
23159
23178
23180
23181
23190
23191
23195
23200
23201
23207
23214
23217
23229
23231
23235
23239
23245
23249
23250
23254
23258
23259
23271
23275
23285
23286
23287
23289
23297
23298
23299
23303
23306
23309
23313
23317
23319
23331
23334
23339
23343
23349
23351
23354
23355
23359
23361
23365
23370
23375
23379
23383
23385
23386
23393
23398
23399
23405
23407
23411
23413
23417
23418
23422
23431
23433
23439
23441
23447
23450
23453
23454
23458
23459
23463
23474
23478
23481
23489
23498
23499
23502
23510
23517
23518
23522
23525
23529
23530
23537
23538
23539
23558
23561
23562
23570
23573
23578
23589
23593
23598
23602
23605
23609
23629
23630
23634
23637
23638
23641
23649
23661
23681
23682
23689
23690
23701
23718
23737
23742
23754
23757
23758
23773
23778
23789
23801
23805
23811
23815
23817
23823
23838
23842
23846
23847
23849
23853
23854
23859
23863
23873
23875
23881
23893
23897
23899
23903
23919
23922
23929
23933
23935
23936
23941
23945
23949
23963
23967
23971
23974
23975
23977
23979
23985
23990
24006
24011
24013
24017
24025
24026
24031
24033
24037
24038
24047
24049
24051
24055
24057
24070
24071
24077
24079
24081
24083
24087
24090
24095
24097
24103
24106
24110
24113
24121
24123
24126
24127
24129
24145
24153
24154
24164
24166
24171
24174
24175
24178
24182
24183
24185
24193
24195
24198
24202
24205
24211
24213
24217
24223
24226
24242
24249
24251
24254
24259
24270
24273
24278
24281
24287
24297
24302
24303
24306
24309
24310
24313
24319
24321
24322
24326
24327
24329
24330
24333
24335
24337
24342
24345
24346
24353
24354
24355
24358
24362
24363
24365
24371
24377
24379
24382
24386
24387
24390
24394
24397
24398
24401
24409
24410
24413
24419
24427
24431
24434
24435
24449
24450
24453
24454
24457
24473
24481
24485
24489
24491
24502
24510
24519
24526
24530
24534
24537
24539
24541
24543
24546
24547
24550
24554
24578
24582
24585
24586
24593
24598
24621
24633
24639
24641
24649
24658
24686
24697
24698
24701
24714
24722
24726
24737
24742
24750
24754
24758
24759
24777
24782
24790
24793
24794
24806
24822
24825
24843
24845
24850
24854
24855
24857
24859
24865
24870
24894
24895
24899
24909
24910
24911
24913
24933
24937
24943
24945
24946
24947
24962
24963
24981
24985
24989
24990
24993
25003
25005
25011
25015
25021
25022
25029
25034
25037
25039
25042
25049
25058
25062
25063
25067
25069
25070
25073
25078
25089
25090
25101
25103
25105
25107
25122
25126
25127
25133
25134
25138
25142
25145
25150
25155
25161
25162
25163
25165
25167
25169
25170
25175
25181
25189
25190
25193
25206
25209
25222
25227
25234
25239
25249
25251
25253
25255
25257
25261
25262
25266
25267
25269
25271
25273
25277
25278
25287
25297
25305
25307
25311
25313
25318
25319
25321
25327
25334
25335
25339
25342
25350
25351
25353
25354
25361
25369
25378
25379
25382
25383
25387
25393
25394
25395
25398
25406
25410
25425
25427
25431
25439
25446
25450
25455
25459
25461
25467
25471
25475
25477
25479
25481
25483
25487
25495
25505
25506
25507
25509
25514
25517
25537
25545
25559
25566
25567
25569
25573
25575
25578
25585
25586
25587
25589
25595
25598
25601
25610
25617
25622
25629
25634
25646
25650
25658
25661
25665
25673
25678
25681
25689
25698
25701
25705
25709
25730
25737
25738
25749
25750
25761
25769
25786
25789
25794
25797
25802
25805
25821
25822
25834
25841
25853
25854
25857
25859
25861
25875
25890
25893
25898
25902
25903
25905
25906
25910
25917
25919
25923
25930
25941
25942
25943
25945
25949
25955
25959
25961
25970
25978
25979
25991
25994
25997
26002
26007
26013
26021
26027
26031
26035
26037
26043
26045
26046
26050
26057
26061
26065
26069
26079
26085
26086
26087
26090
26094
26097
26098
26099
26131
26141
26145
26155
26157
26158
26165
26167
26169
26170
26174
26177
26178
26181
26191
26195
26198
26199
26201
26206
26207
26219
26229
26246
26253
26254
26262
26275
26278
26279
26281
26285
26290
26297
26301
26303
26311
26314
26317
26321
26323
26329
26338
26350
26361
26363
26378
26386
26391
26393
26395
26398
26406
26409
26410
26413
26418
26426
26429
26442
26443
26453
26458
26461
26462
26464
26470
26471
26477
26482
26489
26491
26495
26497
26501
26510
26511
26515
26527
26529
26546
26549
26550
26551
26553
26554
26566
26583
26586
26589
26591
26599
26605
26606
26607
26609
26610
26613
26614
26615
26619
26621
26622
26629
26642
26645
26654
26657
26665
26671
26682
26685
26693
26697
26710
26717
26725
26726
26730
26738
26742
26749
26761
26774
26782
26813
26817
26821
26825
26833
26837
26841
26846
26849
26857
26866
26870
26873
26883
26885
26889
26897
26901
26907
26911
26914
26917
26918
26921
26929
26937
26939
26949
26950
26957
26959
26962
26965
26966
26969
26971
26974
26975
26981
26985
26993
27006
27007
27014
27019
27021
27022
27033
27034
27045
27046
27047
27057
27065
27066
27070
27071
27079
27081
27083
27087
27091
27097
27099
27103
27107
27110
27111
27117
27121
27127
27131
27134
27141
27146
27149
27151
27155
27163
27167
27171
27175
27190
27194
27195
27197
27201
27205
27214
27217
27223
27225
27226
27229
27230
27235
27237
27239
27242
27243
27247
27248
27249
27262
27271
27275
27279
27281
27285
27289
27293
27294
27299
27306
27310
27319
27327
27329
27335
27339
27341
27342
27350
27357
27358
27359
27361
27363
27366
27369
27371
27373
27374
27389
27393
27397
27406
27411
27425
27429
27431
27442
27445
27446
27447
27449
27453
27454
27458
27461
27466
27470
27481
27483
27490
27499
27503
27506
27515
27522
27530
27538
27539
27541
27542
27543
27546
27551
27562
27563
27565
27567
27577
27581
27582
27590
27595
27598
27602
27606
27610
27611
27613
27625
27629
27631
27634
27635
27637
27641
27646
27647
27666
27671
27673
27681
27685
27686
27694
27697
27705
27709
27710
27734
27738
27745
27766
27773
27777
27781
27782
27794
27798
27802
27806
27813
27817
27818
27837
27838
27850
27858
27861
27862
27866
27870
27873
27877
27881
27882
27885
27886
27889
27897
27898
27906
27907
27914
27915
27918
27919
27931
27939
27941
27943
27949
27950
27951
27959
27962
27963
27971
27972
27973
27974
27977
27983
27985
27990
27995
27999
28002
28005
28009
28010
28013
28017
28022
28023
28025
28026
28031
28035
28041
28043
28049
28051
28057
28065
28069
28070
28074
28077
28083
28085
28087
28094
28099
28105
28111
28114
28121
28122
28123
28127
28130
28133
28138
28139
28142
28143
28149
28150
28154
28166
28169
28171
28175
28179
28185
28189
28193
28195
28197
28199
28207
28210
28213
28215
28229
28231
28242
28247
28251
28259
28266
28271
28275
28277
28287
28290
28294
28295
28299
28302
28303
28306
28310
28311
28314
28318
28326
28330
28345
28347
28350
28354
28358
28367
28378
28393
28398
28401
28405
28407
28410
28418
28423
28433
28435
28439
28455
28461
28478
28487
28495
28502
28503
28509
28514
28517
28518
28520
28523
28525
28531
28543
28547
28554
28555
28557
28565
28570
28573
28574
28577
28594
28598
28599
28603
28610
28617
28625
28631
28635
28638
28643
28650
28662
28673
28677
28681
28689
28690
28693
28694
28697
28702
28710
28714
28717
28721
28722
28725
28726
28734
28737
28741
28753
28754
28765
28798
28806
28811
28813
28818
28822
28825
28834
28851
28858
28865
28869
28873
28882
28893
28897
28898
28901
28902
28906
28909
28913
28921
28943
28949
28962
28965
28967
28971
28993
28994
29003
29014
29015
29019
29023
29026
29029
29030
29031
29035
29043
29045
29049
29051
29065
29067
29073
29078
29079
29081
29082
29083
29086
29094
29098
29099
29110
29114
29138
29150
29151
29153
29155
29157
29161
29162
29170
29171
29173
29175
29187
29190
29197
29203
29209
29213
29215
29219
29221
29227
29233
29235
29237
29258
29265
29270
29275
29278
29279
29281
29283
29289
29294
29295
29299
29306
29310
29313
29317
29323
29325
29327
29331
29342
29343
29351
29353
29357
29362
29365
29367
29369
29374
29378
29382
29383
29394
29395
29403
29409
29410
29413
29425
29430
29434
29445
29458
29463
29470
29473
29478
29481
29487
29491
29493
29494
29501
29507
29515
29526
29530
29537
29542
29545
29551
29559
29562
29563
29565
29569
29573
29575
29577
29578
29581
29587
29591
29595
29597
29599
29602
29606
29609
29611
29621
29626
29629
29637
29642
29643
29645
29651
29653
29657
29661
29663
29670
29678
29683
29685
29686
29690
29694
29695
29705
29721
29726
29737
29746
29753
29769
29774
29786
29790
29799
29806
29813
29825
29826
29837
29842
29849
29858
29861
29866
29874
29882
29894
29897
29898
29901
29909
29910
29913
29917
29930
29941
29954
29958
29961
29962
29963
29966
29971
29973
29974
29981
29983
29985
29986
29993
30006
30007
30009
30011
30013
30015
30017
30030
30031
30037
30039
30046
30055
30059
30066
30069
30079
30081
30083
30085
30086
30094
30095
30097
30102
30106
30107
30110
30111
30114
30122
30125
30126
30135
30139
30165
30175
30177
30183
30187
30188
30190
30191
30194
30197
30201
30203
30205
30210
30213
30214
30215
30222
30223
30229
30234
30237
30238
30246
30248
30249
30255
30259
30261
30263
30266
30267
30271
30273
30282
30285
30286
30291
30294
30295
30297
30299
30306
30315
30317
30322
30325
30327
30330
30333
30335
30337
30341
30343
30345
30346
30349
30357
30363
30366
30371
30373
30374
30378
30382
30383
30387
30394
30397
30402
30403
30405
30406
30407
30410
30413
30414
30415
30419
30431
30433
30434
30435
30438
30441
30451
30453
30454
30455
30459
30465
30470
30471
30473
30481
30485
30490
30497
30501
30502
30509
30513
30515
30521
30522
30523
30527
30531
30534
30541
30545
30547
30551
30569
30577
30578
30579
30590
30593
30598
30605
30607
30610
30614
30617
30623
30630
30631
30634
30635
30637
30639
30641
30643
30649
30651
30654
30657
30658
30662
30669
30671
30685
30686
30691
30695
30701
30714
30717
30718
30719
30722
30725
30730
30733
30745
30753
30757
30765
30766
30769
30770
30773
30777
30781
30787
30789
30798
30802
30806
30810
30813
30818
30821
30829
30838
30841
30853
30854
30858
30862
30866
30869
30885
30886
30890
30894
30897
30905
30914
30917
30918
30921
30922
30926
30937
30941
30942
30945
30961
30966
30969
30978
30982
30987
30993
30995
30998
31001
31005
31006
31010
31011
31013
31014
31015
31021
31025
31029
31031
31037
31038
31045
31050
31059
31061
31065
31069
31070
31081
31082
31086
31089
31094
31097
31098
31101
31105
31106
31107
31115
31117
31127
31138
31139
31141
31142
31143
31146
31149
31165
31177
31178
31179
31182
31186
31187
31189
31191
31194
31195
31196
31205
31209
31218
31230
31234
31238
31239
31245
31247
31251
31257
31262
31267
31269
31277
31282
31283
31285
31287
31299
31301
31302
31303
31317
31319
31325
31327
31334
31337
31339
31341
31346
31349
31351
31363
31365
31371
31378
31381
31390
31395
31397
31401
31402
31403
31418
31419
31423
31427
31429
31430
31431
31437
31441
31442
31443
31445
31447
31454
31462
31467
31470
31473
31477
31478
31483
31490
31493
31502
31503
31505
31509
31510
31511
31513
31515
31519
31521
31522
31523
31533
31537
31539
31541
31543
31554
31559
31561
31571
31578
31586
31591
31595
31599
31602
31603
31606
31614
31617
31621
31622
31627
31633
31634
31641
31642
31645
31647
31653
31657
31663
31665
31670
31673
31674
31675
31685
31686
31693
31694
31703
31711
31713
31717
31718
31719
31725
31727
31742
31743
31761
31765
31766
31777
31779
31781
31791
31798
31801
31807
31809
31813
31817
31818
31821
31829
31853
31854
31865
31866
31867
31869
31877
31885
31886
31902
31905
31909
31934
31942
31945
31947
31949
31954
31961
31969
31978
31982
31985
31990
31993
31998
32009
32014
32015
32018
32029
32038
32039
32043
32045
32047
32054
32058
32062
32065
32066
32082
32085
32090
32093
32103
32105
32106
32107
32109
32113
32117
32119
32126
32138
32158
32165
32167
32173
32175
32177
32179
32185
32186
32187
32190
32191
32193
32197
32202
32205
32213
32222
32223
32227
32230
32232
32233
32238
32241
32249
32251
32253
32255
32261
32266
32269
32270
32274
32275
32278
32283
32287
32291
32297
32298
32305
32311
32313
32323
32325
32327
32330
32339
32345
32347
32353
32354
32355
32358
32367
32373
32374
32395
32397
32399
32425
32426
32427
32438
32439
32443
32449
32451
32462
32463
32482
32483
32485
32503
32509
32515
32519
32522
32523
32527
32530
32531
32550
32553
32557
32559
32561
32565
32569
32573
32579
32583
32585
32587
32593
32597
32602
32603
32605
32611
32615
32617
32618
32619
32625
32626
32627
32630
32631
32634
32642
32643
32645
32650
32651
32655
32659
32661
32666
32673
32691
32694
32697
32701
32710
32717
32723
32726
32731
32735
32739
32747
32749
32750
32751
32765
32769
32770
32789
32794
32798
32801
32802
32817
32818
32826
32833
32834
32838
32842
32846
32847
32849
32857
32858
32862
32878
32883
32886
32889
32897
32901
32902
32934
32945
32946
32954
32961
32967
32969
32974
32977
32981
32985
32990
32993
32994
33001
33002
33005
33006
33013
33025
33026
33037
33043
33047
33049
33054
33058
33062
33063
33067
33077
33081
33082
33083
33086
33087
33089
33091
33093
33106
33115
33126
33131
33134
33139
33142
33143
33145
33146
33147
33151
33154
33155
33159
33162
33166
33174
33177
33179
33186
33189
33190
33199
33201
33206
33226
33234
33237
33239
33250
33256
33265
33267
33278
33281
33282
33285
33287
33290
33291
33293
33295
33297
33298
33303
33314
33315
33319
33323
33325
33329
33334
33335
33339
33341
33349
33353
33363
33367
33371
33377
33382
33383
33390
33395
33397
33402
33406
33427
33428
33437
33438
33439
33443
33453
33455
33458
33461
33469
33474
33475
33482
33485
33497
33508
33514
33521
33523
33527
33533
33538
33559
33562
33563
33573
33575
33577
33585
33586
33588
33591
33593
33595
33601
33602
33607
33611
33617
33621
33633
33638
33639
33642
33645
33646
33647
33655
33658
33663
33670
33678
33681
33682
33689
33697
33706
33713
33719
33726
33727
33731
33734
33737
33739
33742
33743
33749
33750
33754
33755
33758
33759
33766
33767
33774
33785
33786
33787
33793
33799
33801
33803
33813
33817
33821
33822
33841
33850
33857
33865
33869
33881
33885
33886
33890
33902
33921
33929
33945
33949
33950
33953
33954
33963
33965
33970
33977
33985
33986
33990
33994
34005
34014
34017
34025
34026
34027
34037
34051
34053
34059
34062
34069
34077
34086
34089
34091
34093
34095
34102
34103
34105
34106
34107
34112
34115
34121
34127
34135
34138
34142
34143
34151
34154
34155
34159
34161
34166
34167
34173
34175
34179
34186
34190
34191
34198
34199
34206
34207
34209
34215
34227
34239
34241
34243
34245
34246
34250
34254
34263
34267
34273
34277
34282
34286
34291
34294
34295
34297
34305
34311
34319
34326
34330
34334
34335
34346
34350
34354
34366
34373
34383
34387
34394
34397
34401
34402
34403
34415
34422
34427
34434
34441
34443
34446
34450
34453
34457
34458
34462
34463
34465
34467
34473
34479
34487
34494
34498
34502
34505
34507
34510
34515
34518
34527
34541
34542
34549
34561
34570
34575
34577
34581
34583
34598
34600
34601
34611
34617
34619
34622
34635
34639
34642
34646
34649
34650
34653
34654
34665
34666
34669
34670
34673
34677
34681
34683
34686
34687
34690
34691
34695
34697
34706
34709
34710
34713
34714
34719
34723
34726
34729
34730
34733
34735
34753
34754
34757
34759
34766
34767
34773
34778
34779
34782
34785
34790
34791
34795
34807
34811
34813
34821
34825
34826
34830
34834
34847
34858
34861
34862
34865
34870
34874
34878
34882
34893
34898
34905
34910
34911
34914
34925
34926
34937
34945
34946
34958
34966
34969
34970
34977
34978
34985
34997
34998
35014
35026
35045
35050
35079
35081
35082
35090
35093
35095
35101
35114
35122
35123
35125
35126
35127
35147
35153
35158
35163
35165
35173
35178
35182
35183
35186
35191
35193
35197
35198
35201
35202
35206
35207
35218
35223
35229
35233
35234
35235
35247
35254
35261
35262
35266
35267
35269
35274
35275
35281
35285
35289
35290
35293
35294
35299
35302
35305
35306
35307
35311
35313
35314
35325
35329
35330
35331
35336
35338
35342
35353
35358
35359
35362
35370
35373
35374
35375
35378
35381
35389
35391
35398
35399
35402
35406
35410
35411
35433
35435
35441
35443
35445
35466
35475
35478
35479
35482
35483
35485
35487
35489
35490
35495
35497
35499
35501
35517
35522
35523
35530
35531
35534
35537
35539
35550
35553
35559
35561
35577
35581
35582
35585
35587
35589
35593
35595
35597
35599
35602
35605
35609
35613
35615
35623
35625
35626
35627
35631
35634
35637
35642
35653
35657
35659
35662
35663
35669
35671
35674
35678
35679
35681
35685
35688
35695
35697
35698
35699
35703
35709
35715
35719
35722
35723
35726
35729
35730
35731
35738
35742
35749
35755
35765
35770
35773
35781
35801
35805
35806
35807
35809
35813
35814
35815
35818
35833
35849
35850
35861
35862
35870
35877
35882
35890
35893
35898
35909
35910
35929
35937
35941
35942
35950
35961
35965
35970
35974
35977
35978
35982
35985
35986
36001
36005
36014
36018
36019
36022
36038
36041
36042
36049
36053
36058
36069
36077
36081
36089
36098
36099
36109
36113
36114
36118
36125
36131
36133
36138
36139
36141
36142
36143
36154
36155
36170
36183
36187
36191
36201
36209
36214
36217
36226
36231
36233
36234
36239
36249
36255
36257
36262
36263
36266
36269
36271
36275
36277
36279
36281
36283
36286
36301
36302
36303
36313
36317
36321
36326
36331
36347
36350
36359
36361
36365
36369
36373
36375
36382
36387
36393
36394
36401
36405
36407
36417
36419
36427
36429
36433
36435
36441
36442
36446
36449
36454
36467
36469
36470
36473
36475
36487
36490
36501
36509
36510
36515
36517
36518
36521
36526
36527
36529
36541
36546
36547
36551
36555
36557
36561
36567
36574
36577
36581
36582
36591
36593
36594
36595
36609
36611
36617
36619
36622
36623
36625
36631
36633
36637
36638
36639
36645
36650
36651
36655
36665
36685
36686
36690
36699
36702
36705
36711
36714
36715
36717
36719
36722
36727
36733
36735
36742
36745
36747
36762
36770
36775
36777
36781
36785
36789
36790
36798
36803
36809
36813
36814
36825
36827
36835
36837
36838
36843
36851
36857
36858
36863
36869
36870
36873
36881
36885
36886
36889
36890
36894
36910
36913
36919
36926
36933
36934
36938
36953
36965
36969
36970
36977
36986
36997
36999
37001
37002
37009
37013
37021
37022
37030
37034
37053
37061
37062
37066
37073
37078
37081
37087
37093
37106
37109
37114
37118
37121
37122
37127
37131
37139
37145
37154
37157
37161
37166
37177
37179
37182
37183
37185
37186
37193
37195
37197
37198
37207
37211
37214
37215
37218
37221
37229
37231
37235
37242
37246
37249
37251
37254
37255
37257
37258
37261
37263
37265
37266
37267
37269
37271
37275
37278
37287
37293
37297
37301
37302
37303
37305
37319
37321
37325
37330
37337
37341
37347
37350
37351
37357
37358
37362
37363
37365
37367
37371
37373
37375
37377
37383
37389
37397
37399
37401
37402
37407
37409
37411
37415
37417
37423
37426
37435
37438
37442
37445
37449
37450
37462
37466
37470
37475
37479
37481
37482
37483
37485
37489
37493
37495
37498
37506
37515
37517
37519
37531
37538
37542
37543
37546
37549
37553
37554
37557
37562
37565
37567
37574
37581
37582
37583
37589
37590
37606
37611
37617
37619
37625
37630
37637
37638
37639
37654
37665
37681
37683
37685
37689
37693
37695
37698
37701
37717
37726
37727
37729
37730
37734
37739
37743
37747
37750
37751
37758
37763
37766
37774
37782
37789
37794
37795
37801
37802
37806
37809
37811
37818
37819
37825
37829
37831
37835
37841
37847
37849
37850
37855
37859
37863
37865
37867
37870
37874
37879
37882
37885
37893
37894
37897
37898
37902
37910
37913
37922
37926
37929
37933
37935
37946
37955
37957
37961
37967
37971
37978
37994
37998
37999
38003
38005
38010
38013
38021
38029
38038
38045
38050
38067
38079
38083
38086
38093
38097
38101
38102
38109
38121
38122
38145
38146
38149
38154
38158
38162
38171
38174
38177
38181
38186
38187
38193
38194
38195
38199
38201
38210
38231
38233
38235
38245
38249
38250
38251
38254
38255
38261
38270
38271
38274
38279
38281
38285
38291
38299
38301
38310
38314
38318
38321
38323
38326
38329
38335
38341
38353
38355
38361
38367
38371
38373
38374
38383
38385
38393
38398
38405
38407
38410
38411
38413
38415
38417
38425
38429
38433
38434
38435
38438
38442
38443
38446
38447
38451
38453
38458
38465
38468
38469
38477
38478
38494
38495
38506
38509
38510
38513
38529
38531
38533
38534
38537
38539
38541
38542
38553
38557
38559
38561
38562
38563
38567
38569
38570
38582
38602
38606
38607
38614
38618
38619
38633
38634
38637
38638
38641
38643
38649
38651
38653
38662
38666
38669
38678
38682
38683
38685
38703
38710
38711
38714
38715
38718
38721
38725
38726
38731
38733
38734
38735
38739
38743
38745
38757
38761
38763
38767
38771
38778
38779
38782
38790
38791
38795
38801
38803
38807
38813
38814
38817
38822
38825
38833
38834
38835
38838
38842
38845
38858
38862
38865
38869
38870
38871
38873
38877
38878
38881
38882
38883
38891
38902
38909
38913
38917
38918
38925
38930
38934
38937
38938
38941
38942
38966
38973
38974
38987
38990
38998
39014
39021
39029
39035
39038
39042
39045
39057
39061
39062
39074
39082
39093
39094
39102
39114
39117
39141
39142
39149
39154
39158
39161
39171
39174
39181
39185
39187
39199
39203
39205
39211
39214
39226
39227
39229
39230
39231
39233
39235
39242
39245
39251
39253
39255
39257
39266
39279
39280
39283
39285
39291
39294
39298
39299
39313
39315
39319
39321
39326
39329
39338
39342
39343
39345
39346
39347
39349
39351
39353
39355
39357
39361
39378
39383
39386
39389
39391
39397
39402
39405
39409
39411
39419
39423
39427
39431
39439
39441
39442
39446
39455
39457
39463
39470
39481
39482
39493
39495
39498
39505
39507
39510
39513
39514
39521
39525
39527
39529
39530
39537
39542
39546
39554
39558
39559
39561
39563
39565
39566
39571
39578
39579
39581
39582
39583
39585
39586
39587
39593
39594
39599
39603
39611
39614
39631
39634
39650
39653
39654
39658
39661
39662
39665
39671
39673
39674
39675
39678
39681
39687
39689
39693
39694
39705
39707
39709
39719
39722
39739
39741
39742
39750
39753
39755
39763
39771
39779
39790
39795
39797
39803
39805
39807
39811
39813
39821
39822
39825
39827
39829
39830
39838
39842
39843
39849
39854
39858
39861
39865
39867
39869
39871
39874
39883
39887
39889
39893
39894
39899
39901
39910
39913
39914
39918
39921
39925
39937
39941
39945
39947
39950
39953
39955
39959
39961
39990
39993
39994
39998
40005
40013
40018
40021
40022
40025
40026
40029
40041
40045
40058
40065
40085
40089
40090
40093
40097
40109
40111
40121
40129
40138
40141
40165
40170
40181
40190
40195
40197
40201
40214
40219
40221
40225
40230
40234
40235
40238
40241
40242
40243
40254
40261
40267
40271
40279
40281
40282
40283
40286
40287
40295
40299
40302
40312
40327
40331
40341
40342
40343
40351
40354
40359
40366
40377
40378
40385
40391
40398
40399
40409
40411
40423
40427
40430
40431
40433
40438
40446
40447
40449
40450
40454
40455
40457
40466
40471
40477
40478
40479
40482
40483
40491
40501
40503
40505
40507
40509
40511
40519
40522
40526
40529
40531
40533
40538
40546
40555
40563
40565
40567
40569
40577
40583
40585
40595
40603
40606
40615
40618
40622
40630
40631
40633
40637
40638
40639
40641
40642
40643
40651
40658
40659
40665
40673
40678
40685
40686
40689
40690
40693
40694
40697
40698
40705
40707
40710
40711
40715
40718
40722
40729
40734
40735
40739
40742
40745
40750
40753
40761
40763
40767
40775
40779
40782
40786
40789
40791
40797
40799
40802
40805
40809
40810
40813
40814
40815
40818
40822
40823
40826
40839
40842
40847
40849
40857
40858
40862
40867
40873
40881
40882
40890
40895
40897
40902
40905
40917
40921
40922
40923
40925
40934
40942
40945
40947
40951
40953
40966
40973
40974
40977
40983
40990
40994
41018
41025
41046
41053
41061
41062
41065
41077
41078
41097
41109
41122
41123
41130
41133
41134
41145
41150
41158
41167
41170
41193
41198
41206
41209
41213
41217
41218
41219
41221
41225
41238
41241
41250
41255
41257
41259
41262
41263
41270
41271
41281
41283
41289
41297
41298
41299
41301
41311
41314
41322
41323
41326
41329
41339
41342
41343
41347
41349
41351
41355
41359
41379
41381
41394
41397
41399
41401
41402
41409
41413
41417
41421
41422
41423
41425
41442
41446
41452
41453
41454
41455
41459
41461
41463
41465
41469
41473
41482
41487
41490
41491
41493
41495
41501
41502
41505
41509
41519
41523
41525
41527
41529
41530
41534
41535
41537
41539
41541
41542
41551
41553
41558
41559
41561
41562
41573
41575
41579
41581
41582
41583
41586
41587
41595
41599
41610
41614
41618
41619
41621
41625
41626
41627
41630
41634
41641
41642
41643
41653
41658
41659
41662
41663
41665
41666
41669
41670
41673
41675
41681
41682
41687
41690
41691
41693
41694
41698
41699
41701
41703
41710
41717
41721
41725
41726
41731
41735
41739
41755
41759
41762
41763
41769
41771
41773
41783
41786
41787
41791
41793
41797
41799
41803
41806
41814
41819
41821
41823
41825
41833
41839
41841
41850
41855
41858
41861
41866
41870
41878
41882
41885
41887
41891
41894
41898
41905
41909
41911
41914
41915
41918
41919
41922
41926
41931
41934
41938
41942
41943
41963
41970
41975
41978
41979
41981
41983
41985
41986
41998
42001
42021
42025
42030
42033
42045
42050
42054
42069
42081
42086
42089
42097
42105
42107
42113
42121
42122
42125
42126
42141
42142
42145
42146
42149
42154
42166
42169
42174
42178
42181
42185
42190
42201
42204
42210
42213
42229
42241
42243
42246
42266
42267
42270
42277
42279
42283
42287
42289
42291
42299
42301
42311
42323
42331
42334
42337
42343
42349
42354
42359
42382
42383
42387
42390
42391
42398
42406
42410
42411
42413
42414
42417
42421
42422
42427
42430
42431
42435
42438
42441
42442
42447
42453
42457
42459
42461
42482
42489
42493
42495
42497
42503
42513
42517
42518
42525
42526
42533
42535
42537
42539
42541
42545
42546
42549
42555
42570
42585
42586
42589
42590
42591
42592
42597
42607
42609
42614
42615
42618
42619
42623
42627
42631
42633
42634
42638
42641
42643
42645
42647
42649
42650
42653
42655
42659
42662
42666
42669
42674
42679
42689
42691
42697
42698
42702
42709
42710
42711
42717
42721
42726
42727
42730
42731
42733
42735
42753
42757
42759
42765
42771
42778
42781
42785
42801
42802
42803
42807
42809
42813
42814
42817
42818
42822
42823
42825
42827
42833
42834
42835
42839
42843
42845
42855
42857
42862
42869
42870
42871
42873
42875
42879
42882
42887
42890
42902
42907
42909
42918
42926
42929
42930
42933
42941
42942
42959
42961
42962
42966
42969
42971
42973
42978
42982
42997
43007
43013
43015
43017
43021
43025
43034
43038
43045
43050
43053
43069
43074
43082
43095
43098
43102
43109
43110
43115
43130
43141
43142
43145
43146
43147
43166
43170
43173
43185
43186
43194
43197
43198
43209
43213
43214
43225
43230
43234
43249
43250
43254
43257
43259
43261
43270
43271
43273
43274
43277
43281
43287
43288
43290
43291
43293
43295
43308
43310
43311
43314
43315
43327
43335
43339
43347
43350
43354
43357
43369
43370
43374
43376
43377
43382
43399
43402
43405
43407
43422
43425
43433
43434
43438
43450
43451
43453
43454
43463
43466
43469
43471
43477
43479
43485
43487
43495
43497
43499
43501
43509
43510
43511
43515
43531
43534
43538
43542
43545
43549
43562
43573
43575
43579
43586
43590
43594
43601
43603
43626
43629
43635
43651
43663
43666
43667
43671
43673
43678
43682
43690
43693
43695
43698
43703
43707
43715
43717
43718
43719
43726
43727
43731
43735
43737
43745
43755
43761
43763
43765
43766
43771
43774
43775
43785
43789
43799
43801
43807
43813
43814
43815
43817
43826
43827
43830
43831
43835
43836
43837
43843
43855
43866
43869
43870
43874
43882
43885
43891
43893
43933
43938
43941
43951
43953
43955
43965
43966
43973
43974
43979
43983
43999
44002
44009
44010
44014
44017
44021
44023
44027
44030
44038
44046
44057
44062
44069
44074
44090
44102
44105
44113
44121
44125
44133
44134
44137
44139
44142
44146
44150
44154
44173
44177
44183
44185
44197
44202
44203
44209
44211
44218
44225
44226
44238
44241
44246
44247
44265
44269
44270
44273
44274
44281
44290
44291
44297
44299
44300
44301
44302
44303
44305
44315
44316
44319
44321
44322
44329
44331
44338
44339
44342
44346
44347
44349
44351
44353
44355
44362
44369
44378
44379
44382
44383
44385
44386
44389
44395
44399
44401
44406
44407
44409
44415
44419
44434
44438
44439
44442
44450
44454
44463
44474
44477
44481
44482
44483
44487
44494
44501
44503
44519
44524
44529
44535
44545
44547
44554
44555
44557
44559
44561
44583
44590
44593
44594
44597
44602
44609
44610
44611
44614
44615
44618
44621
44623
44625
44627
44631
44633
44634
44637
44641
44643
44649
44650
44657
44658
44665
44666
44669
44673
44674
44678
44681
44683
44687
44707
44710
44714
44716
44722
44723
44730
44731
44734
44735
44741
44745
44747
44751
44753
44762
44763
44767
44777
44785
44795
44799
44803
44805
44809
44811
44817
44818
44822
44827
44829
44833
44834
44835
44839
44841
44842
44845
44846
44854
44857
44869
44870
44879
44883
44885
44890
44891
44895
44903
44907
44909
44910
44917
44919
44922
44927
44937
44938
44942
44945
44946
44955
44962
44967
44971
44973
44977
44978
44979
44993
44995
44997
45010
45013
45014
45018
45023
45027
45030
45039
45046
45053
45058
45059
45065
45066
45069
45070
45078
45089
45090
45093
45097
45114
45121
45122
45129
45131
45133
45134
45135
45141
45149
45162
45166
45169
45182
45185
45189
45190
45194
45205
45213
45217
45218
45227
45230
45234
45245
45246
45249
45250
45254
45257
45262
45270
45277
45279
45282
45289
45297
45298
45305
45313
45319
45322
45323
45327
45330
45331
45334
45338
45343
45349
45353
45354
45357
45359
45362
45363
45370
45371
45375
45379
45381
45382
45383
45385
45386
45390
45394
45397
45405
45407
45413
45417
45418
45419
45425
45434
45435
45442
45447
45456
45473
45478
45482
45485
45486
45487
45489
45493
45503
45514
45515
45521
45522
45525
45529
45530
45531
45539
45541
45543
45545
45553
45569
45571
45574
45577
45578
45581
45585
45587
45598
45603
45606
45610
45611
45612
45619
45623
45626
45642
45645
45647
45649
45653
45663
45667
45670
45677
45678
45679
45682
45683
45689
45699
45701
45702
45706
45707
45723
45725
45727
45729
45730
45735
45737
45738
45741
45747
45749
45750
45751
45753
45755
45762
45767
45778
45781
45782
45785
45786
45805
45806
45809
45813
45815
45821
45829
45833
45835
45837
45842
45846
45847
45853
45854
45861
45863
45865
45866
45869
45871
45874
45882
45886
45890
45895
45897
45898
45899
45902
45905
45910
45913
45923
45927
45929
45935
45938
45941
45942
45943
45947
45955
45959
45967
45973
45974
45977
45979
45983
45985
45986
45987
45989
45999
46007
46009
46019
46023
46026
46029
46034
46037
46038
46039
46050
46057
46058
46062
46066
46067
46069
46070
46075
46079
46081
46086
46106
46113
46117
46118
46121
46125
46129
46134
46145
46146
46150
46153
46154
46158
46166
46170
46186
46189
46193
46215
46219
46222
46237
46238
46246
46249
46254
46258
46277
46278
46282
46285
46289
46293
46297
46302
46309
46310
46326
46329
46338
46339
46351
46357
46361
46362
46365
46366
46373
46374
46382
46386
46391
46393
46397
46399
46401
46405
46415
46417
46418
46419
46421
46423
46427
46434
46435
46439
46445
46446
46450
46454
46465
46472
46475
46477
46483
46486
46491
46499
46501
46507
46513
46524
46525
46526
46529
46531
46533
46534
46538
46543
46549
46553
46559
46570
46571
46575
46581
46586
46589
46591
46597
46598
46599
46606
46611
46615
46617
46621
46631
46634
46635
46639
46646
46649
46654
46655
46663
46674
46675
46682
46683
46686
46689
46690
46691
46693
46702
46703
46705
46707
46711
46714
46715
46718
46721
46723
46725
46731
46735
46737
46743
46749
46751
46755
46758
46762
46767
46771
46782
46783
46785
46786
46790
46793
46797
46798
46801
46809
46817
46822
46826
46829
46830
46838
46842
46843
46845
46847
46849
46850
46853
46854
46862
46863
46865
46866
46871
46874
46879
46882
46883
46887
46889
46891
46898
46899
46903
46918
46921
46934
46939
46941
46943
46945
46946
46958
46963
46965
46969
46971
46973
46977
46978
46995
46997
47002
47011
47014
47021
47026
47029
47030
47038
47039
47042
47045
47049
47054
47058
47061
47069
47071
47075
47082
47095
47097
47099
47118
47129
47134
47137
47142
47145
47158
47165
47177
47181
47182
47189
47191
47198
47201
47203
47205
47206
47209
47217
47218
47221
47225
47227
47229
47230
47237
47249
47253
47254
47257
47263
47273
47274
47277
47278
47279
47286
47298
47310
47314
47318
47333
47337
47341
47345
47349
47350
47353
47362
47370
47377
47378
47381
47383
47390
47393
47397
47405
47407
47421
47425
47435
47438
47439
47445
47446
47447
47450
47457
47463
47466
47469
47470
47473
47479
47482
47485
47489
47495
47497
47498
47502
47505
47507
47509
47513
47517
47521
47533
47538
47543
47545
47547
47549
47550
47551
47554
47555
47566
47571
47577
47579
47582
47585
47602
47611
47621
47622
47629
47630
47634
47637
47641
47645
47646
47647
47651
47659
47661
47673
47675
47682
47683
47685
47686
47697
47698
47705
47711
47715
47731
47733
47739
47745
47749
47750
47761
47762
47763
47770
47771
47777
47781
47795
47797
47801
47802
47805
47817
47822
47835
47849
47850
47855
47866
47873
47877
47878
47881
47889
47894
47901
47905
47906
47907
47909
47911
47914
47915
47917
47918
47926
47931
47942
47946
47950
47954
47959
47961
47963
47969
47970
47973
47974
47977
47979
47981
47985
47986
47987
47998
48002
48013
48027
48029
48031
48035
48038
48043
48045
48057
48058
48061
48065
48075
48077
48083
48093
48098
48106
48107
48110
48111
48113
48115
48129
48130
48133
48134
48135
48141
48142
48145
48149
48153
48154
48158
48170
48173
48178
48181
48187
48198
48225
48230
48233
48242
48245
48249
48253
48258
48262
48269
48270
48273
48274
48282
48283
48286
48293
48297
48309
48331
48338
48353
48361
48362
48369
48385
48390
48393
48397
48398
48401
48402
48410
48411
48413
48417
48422
48426
48429
48433
48434
48435
48437
48438
48443
48447
48450
48451
48455
48470
48475
48482
48489
48491
48494
48499
48501
48502
48506
48513
48519
48527
48535
48550
48559
48561
48562
48566
48570
48573
48574
48577
48578
48579
48583
48587
48594
48595
48599
48602
48610
48617
48623
48631
48633
48637
48641
48642
48647
48649
48653
48654
48655
48662
48665
48666
48671
48672
48675
48677
48679
48690
48694
48697
48701
48702
48703
48707
48713
48714
48718
48734
48738
48743
48746
48747
48757
48761
48769
48773
48774
48781
48782
48798
48799
48810
48814
48817
48819
48822
48823
48825
48827
48831
48833
48834
48838
48842
48843
48849
48850
48871
48873
48878
48879
48881
48882
48889
48890
48893
48894
48897
48902
48903
48915
48917
48918
48921
48929
48930
48931
48934
48951
48965
48969
48970
48973
48977
48978
48979
48983
48991
48997
48999
49007
49013
49015
49019
49022
49026
49029
49038
49046
49049
49051
49055
49057
49061
49062
49073
49077
49078
49079
49081
49083
49089
49099
49109
49111
49117
49123
49125
49126
49129
49135
49138
49139
49147
49166
49169
49201
49210
49213
49217
49221
49225
49230
49238
49243
49253
49257
49258
49261
49262
49270
49277
49289
49290
49301
49305
49313
49314
49321
49326
49333
49338
49345
49349
49350
49353
49354
49361
49362
49377
49381
49389
49394
49397
49405
49413
49415
49418
49419
49422
49425
49431
49432
49434
49439
49441
49447
49451
49454
49459
49461
49466
49469
49473
49474
49475
49491
49498
49505
49506
49507
49509
49522
49523
49533
49534
49538
49545
49551
49558
49566
49569
49571
49573
49574
49575
49577
49581
49582
49594
49595
49597
49601
49618
49619
49628
49629
49631
49634
49639
49643
49645
49649
49650
49653
49657
49661
49670
49671
49675
49682
49697
49699
49701
49703
49710
49711
49713
49715
49718
49722
49726
49734
49737
49738
49743
49745
49757
49758
49763
49769
49779
49782
49791
49798
49799
49801
49802
49810
49811
49819
49821
49822
49825
49833
49835
49851
49859
49863
49874
49878
49881
49882
49883
49890
49893
49894
49895
49901
49902
49903
49905
49906
49911
49914
49915
49918
49926
49929
49930
49934
49937
49946
49949
49959
49963
49965
49967
49970
49973
49974
49975
49981
49982
49989
49997
49998
50001
50003
50011
50014
50015
50022
50026
50030
50038
50042
50053
50054
50058
50059
50062
50071
50073
50075
50079
50081
50083
50087
50089
50098
50099
50102
50105
50107
50109
50113
50129
50130
50131
50133
50134
50135
50137
50138
50139
50143
50145
50151
50153
50157
50158
50159
50163
50171
50178
50183
50190
50206
50210
50230
50233
50237
50238
50246
50254
50257
50261
50262
50277
50281
50289
50293
50294
50302
50306
50317
50337
50338
50345
50350
50357
50370
50374
50382
50385
50386
50387
50389
50401
50410
50421
50437
50439
50443
50447
50450
50459
50462
50463
50467
50470
50479
50487
50489
50490
50494
50497
50503
50505
50506
50511
50515
50517
50518
50519
50529
50530
50534
50544
50547
50550
50551
50558
50562
50563
50567
50569
50571
50579
50582
50583
50590
50595
50606
50607
50611
50618
50619
50621
50622
50623
50634
50650
50659
50667
50674
50675
50679
50683
50690
50695
50699
50702
50709
50714
50723
50731
50742
50746
50750
50753
50755
50758
50763
50765
50766
50773
50774
50777
50782
50786
50798
50802
50810
50814
50815
50818
50821
50827
50829
50830
50837
50838
50839
50846
50849
50858
50859
50861
50862
50863
50865
50870
50871
50874
50878
50882
50885
50887
50895
50898
50899
50905
50910
50914
50917
50919
50921
50923
50925
50929
50931
50937
50938
50941
50946
50955
50963
50965
50966
50967
50970
50971
50973
50978
50979
50981
50983
50986
50989
50997
50998
51002
51033
51034
51043
51046
51051
51053
51057
51059
51065
51066
51071
51074
51075
51077
51081
51083
51090
51091
51093
51099
51105
51110
51111
51114
51118
51119
51121
51122
51123
51126
51130
51133
51146
51147
51158
51162
51169
51170
51182
51189
51191
51193
51202
51203
51205
51206
51215
51217
51218
51221
51225
51233
51234
51238
51245
51255
51261
51265
51269
51278
51285
51289
51294
51298
51302
51306
51314
51321
51322
51325
51329
51330
51333
51334
51337
51353
51354
51357
51362
51377
51378
51382
51390
51393
51397
51401
51406
51410
51413
51418
51425
51433
51434
51439
51446
51465
51466
51467
51479
51482
51485
51486
51490
51491
51493
51495
51497
51501
51502
51518
51522
51527
51530
51542
51546
51555
51558
51560
51566
51573
51575
51578
51582
51586
51589
51590
51591
51593
51594
51598
51599
51602
51603
51607
51613
51615
51625
51626
51629
51633
51635
51637
51641
51645
51646
51649
51652
51654
51655
51659
51663
51665
51670
51671
51674
51677
51678
51681
51683
51686
51687
51689
51691
51693
51698
51703
51714
51715
51730
51737
51741
51743
51746
51749
51750
51751
51755
51757
51762
51765
51767
51773
51783
51785
51789
51791
51797
51807
51813
51814
51815
51826
51829
51835
51847
51849
51851
51857
51858
51863
51869
51874
51883
51895
51910
51913
51914
51917
51918
51926
51937
51943
51946
51948
51953
51954
51958
51962
51963
51967
51969
51971
51978
51981
52007
52010
52011
52014
52015
52019
52021
52022
52023
52025
52030
52042
52046
52058
52063
52067
52070
52075
52078
52085
52093
52095
52097
52102
52109
52115
52118
52127
52129
52131
52135
52137
52142
52145
52147
52155
52162
52163
52165
52166
52167
52171
52179
52186
52189
52191
52194
52195
52201
52202
52203
52206
52214
52217
52221
52226
52234
52238
52245
52250
52257
52266
52269
52273
52274
52277
52281
52282
52289
52293
52294
52301
52305
52306
52309
52310
52314
52321
52325
52326
52330
52342
52354
52358
52359
52361
52362
52365
52366
52369
52377
52381
52401
52409
52410
52413
52417
52425
52429
52430
52433
52434
52438
52442
52446
52469
52473
52474
52479
52482
52489
52493
52501
52507
52511
52514
52517
52518
52521
52525
52526
52529
52537
52538
52539
52550
52555
52561
52575
52581
52587
52589
52593
52594
52597
52598
52603
52607
52617
52631
52638
52643
52650
52663
52667
52675
52679
52681
52682
52683
52685
52697
52705
52706
52709
52710
52715
52717
52719
52721
52726
52727
52741
52749
52753
52754
52755
52757
52758
52759
52765
52766
52773
52777
52781
52787
52789
52790
52793
52799
52801
52817
52822
52823
52825
52834
52835
52837
52841
52846
52851
52857
52859
52866
52870
52877
52882
52890
52891
52901
52902
52905
52910
52914
52915
52921
52922
52925
52926
52927
52930
52931
52941
52943
52945
52946
52958
52963
52966
52967
52971
52973
52974
52978
52982
52986
52991
52994
53001
53002
53005
53006
53007
53017
53021
53027
53030
53037
53039
53042
53045
53051
53053
53057
53058
53059
53063
53065
53069
53070
53071
53073
53079
53093
53094
53095
53097
53098
53101
53102
53103
53105
53111
53117
53119
53121
53122
53125
53127
53133
53137
53151
53153
53158
53159
53162
53163
53173
53177
53178
53179
53181
53186
53189
53190
53194
53195
53197
53198
53199
53201
53206
53213
53217
53226
53229
53234
53235
53237
53238
53243
53249
53250
53253
53254
53257
53261
53263
53266
53270
53277
53281
53282
53285
53286
53302
53306
53313
53317
53322
53330
53333
53342
53349
53357
53358
53370
53381
53385
53387
53397
53405
53409
53414
53429
53430
53442
53445
53449
53454
53458
53461
53465
53466
53471
53474
53477
53478
53481
53489
53494
53498
53506
53507
53509
53514
53517
53518
53519
53522
53523
53525
53533
53534
53537
53539
53546
53554
53565
53566
53567
53571
53573
53582
53589
53591
53593
53594
53597
53598
53607
53614
53623
53626
53629
53630
53631
53635
53638
53642
53643
53647
53656
53661
53674
53675
53679
53681
53684
53687
53689
53691
53693
53698
53711
53714
53719
53721
53727
53729
53733
53738
53750
53758
53774
53775
53779
53781
53785
53789
53790
53791
53794
53795
53801
53803
53805
53813
53814
53815
53821
53826
53827
53830
53831
53839
53842
53853
53865
53877
53879
53881
53883
53893
53898
53899
53906
53914
53918
53919
53933
53934
53946
53949
53951
53953
53954
53957
53959
53961
53965
53973
53979
53986
53990
53999
54005
54013
54014
54018
54026
54027
54031
54034
54037
54045
54061
54065
54070
54077
54078
54079
54081
54089
54093
54102
54105
54109
54111
54114
54115
54118
54119
54125
54129
54133
54134
54135
54139
54141
54149
54157
54158
54161
54165
54167
54174
54175
54179
54181
54182
54185
54189
54194
54195
54198
54209
54213
54219
54223
54229
54233
54234
54237
54246
54257
54265
54266
54286
54289
54290
54298
54301
54302
54311
54325
54337
54341
54349
54350
54361
54362
54373
54377
54381
54393
54407
54409
54414
54418
54421
54426
54457
54461
54470
54494
54501
54509
54510
54517
54521
54525
54542
54554
54558
54566
54567
54571
54573
54575
54578
54582
54587
54589
54590
54595
54601
54605
54610
54611
54613
54618
54619
54621
54639
54641
54642
54649
54653
54655
54663
54667
54671
54673
54677
54681
54690
54691
54693
54694
54705
54711
54714
54719
54721
54722
54723
54726
54730
54733
54734
54738
54746
54749
54751
54759
54761
54766
54769
54771
54774
54775
54783
54787
54790
54791
54794
54799
54802
54803
54806
54807
54811
54815
54821
54823
54825
54826
54833
54837
54841
54842
54843
54861
54866
54869
54875
54885
54887
54894
54899
54902
54917
54919
54923
54926
54930
54934
54937
54941
54947
54955
54965
54971
54977
54981
54985
54986
54989
54993
54995
54999
55021
55026
55030
55033
55034
55039
55041
55043
55046
55049
55062
55071
55074
55078
55081
55086
55087
55089
55090
55091
55099
55101
55102
55110
55111
55117
55118
55119
55121
55123
55125
55126
55133
55138
55139
55142
55145
55153
55159
55174
55178
55179
55182
55187
55190
55194
55197
55198
55201
55206
55209
55214
55217
55221
55223
55225
55234
55237
55241
55245
55246
55247
55249
55251
55254
55255
55257
55270
55281
55286
55295
55305
55314
55317
55318
55321
55322
55326
55329
55342
55345
55349
55353
55354
55358
55365
55366
55373
55382
55387
55394
55397
55410
55418
55426
55433
55445
55454
55458
55471
55474
55478
55485
55497
55501
55506
55513
55514
55517
55522
55558
55559
55562
55567
55570
55577
55578
55579
55581
55585
55591
55601
55603
55605
55606
55613
55614
55621
55625
55627
55629
55630
55631
55637
55642
55647
55650
55654
55655
55661
55665
55667
55669
55670
55673
55675
55677
55681
55689
55699
55701
55706
55718
55726
55727
55730
55734
55739
55743
55745
55746
55750
55753
55758
55761
55762
55766
55767
55770
55774
55779
55783
55786
55787
55789
55790
55794
55798
55799
55802
55810
55815
55821
55823
55829
55831
55842
55847
55849
55854
55855
55857
55866
55867
55870
55871
55873
55875
55877
55883
55887
55889
55895
55899
55901
55907
55914
55921
55922
55926
55929
55931
55935
55938
55943
55963
55965
55966
55975
55978
55979
55985
55989
55991
55998
56003
56006
56010
56011
56030
56033
56035
56037
56038
56039
56043
56047
56053
56058
56059
56074
56079
56090
56093
56095
56099
56105
56107
56109
56111
56119
56121
56122
56125
56131
56134
56145
56147
56149
56153
56157
56161
56166
56167
56171
56179
56185
56186
56197
56201
56209
56214
56217
56219
56222
56226
56227
56229
56230
56231
56243
56245
56249
56254
56258
56265
56279
56286
56294
56303
56311
56313
56317
56330
56333
56334
56341
56345
56349
56353
56357
56358
56366
56370
56377
56381
56399
56405
56410
56413
56421
56434
56437
56438
56442
56445
56461
56481
56485
56490
56493
56509
56510
56513
56521
56526
56530
56534
56547
56553
56558
56566
56569
56570
56573
56577
56582
56583
56590
56602
56603
56609
56610
56614
56615
56618
56622
56625
56628
56633
56637
56638
56639
56641
56643
56649
56650
56654
56663
56665
56666
56670
56675
56682
56686
56687
56702
56705
56707
56713
56717
56719
56724
56725
56731
56733
56734
56737
56741
56745
56746
56749
56761
56763
56765
56766
56767
56774
56786
56790
56798
56807
56813
56815
56817
56819
56822
56826
56830
56831
56839
56841
56842
56845
56850
56853
56857
56862
56866
56870
56871
56873
56874
56878
56879
56887
56889
56890
56891
56897
56898
56899
56903
56905
56906
56919
56926
56927
56930
56931
56933
56934
56935
56938
56954
56958
56967
56969
56971
56977
56979
56993
56999
57001
57003
57005
57010
57014
57019
57029
57035
57037
57039
57040
57047
57051
57054
57066
57067
57070
57073
57078
57079
57085
57093
57097
57098
57101
57105
57106
57114
57121
57122
57125
57126
57135
57138
57142
57146
57150
57153
57155
57157
57159
57166
57173
57179
57182
57185
57189
57193
57199
57206
57207
57214
57215
57226
57230
57231
57234
57238
57247
57249
57262
57267
57269
57270
57277
57278
57279
57281
57285
57290
57299
57305
57306
57307
57311
57313
57315
57317
57318
57322
57325
57334
57337
57339
57341
57342
57357
57361
57363
57369
57373
57413
57418
57422
57434
57437
57442
57445
57446
57449
57453
57458
57470
57494
57497
57498
57501
57506
57510
57514
57518
57521
57526
57530
57541
57542
57550
57553
57557
57566
57582
57585
57589
57598
57610
57618
57621
57622
57623
57625
57633
57634
57638
57645
57649
57654
57658
57661
57665
57669
57671
57674
57682
57697
57698
57711
57713
57714
57715
57726
57727
57730
57731
57733
57735
57741
57745
57759
57761
57774
57777
57779
57787
57790
57791
57794
57795
57798
57809
57813
57818
57822
57823
57829
57830
57831
57833
57838
57845
57846
57849
57850
57851
57855
57866
57871
57875
57879
57883
57893
57894
57895
57897
57898
57899
57903
57905
57907
57909
57914
57919
57921
57922
57926
57934
57935
57939
57943
57949
57951
57957
57965
57966
57969
57971
57978
57986
57990
57993
57995
57997
58005
58007
58011
58013
58018
58021
58023
58029
58031
58033
58034
58035
58039
58045
58046
58050
58055
58059
58061
58063
58067
58069
58070
58071
58073
58079
58081
58087
58091
58094
58097
58099
58105
58107
58110
58119
58121
58122
58123
58126
58134
58135
58143
58145
58153
58155
58157
58161
58162
58169
58171
58173
58177
58179
58183
58191
58194
58195
58203
58205
58209
58210
58214
58215
58218
58221
58222
58226
58234
58237
58238
58243
58247
58258
58261
58281
58291
58301
58306
58307
58313
58317
58318
58319
58321
58326
58327
58330
58337
58338
58342
58343
58350
58351
58355
58367
58377
58378
58381
58386
58389
58390
58401
58406
58407
58414
58418
58426
58429
58433
58442
58445
58446
58450
58454
58457
58462
58469
58470
58481
58485
58486
58490
58494
58502
58505
58510
58517
58518
58529
58538
58554
58562
58563
58569
58578
58586
58589
58590
58597
58610
58614
58622
58625
58627
58629
58631
58633
58639
58642
58645
58654
58655
58658
58659
58669
58677
58679
58681
58689
58695
58706
58707
58709
58710
58718
58722
58727
58730
58735
58741
58743
58745
58749
58750
58751
58757
58765
58767
58770
58775
58783
58793
58797
58801
58807
58809
58811
58817
58819
58825
58826
58841
58842
58846
58847
58849
58850
58858
58859
58863
58875
58878
58882
58883
58889
58890
58898
58901
58913
58922
58923
58925
58929
58938
58939
58942
58946
58947
58949
58953
58958
58965
58970
58973
58982
58983
58985
58986
58991
59003
59005
59010
59013
59014
59015
59023
59030
59034
59039
59041
59042
59057
59059
59065
59074
59077
59078
59085
59086
59091
59093
59098
59103
59115
59117
59119
59125
59131
59132
59135
59137
59145
59159
59171
59173
59174
59195
59198
59211
59219
59222
59227
59229
59231
59235
59238
59242
59247
59251
59253
59254
59261
59262
59263
59265
59273
59277
59282
59283
59285
59287
59298
59301
59302
59303
59305
59310
59314
59318
59333
59335
59339
59346
59349
59350
59353
59355
59357
59358
59362
59375
59377
59379
59381
59385
59389
59390
59394
59397
59406
59409
59410
59417
59421
59422
59425
59426
59430
59437
59438
59441
59442
59446
59450
59458
59461
59466
59474
59475
59477
59481
59485
59490
59494
59501
59505
59514
59525
59526
59538
59545
59547
59550
59553
59554
59562
59570
59586
59590
59606
59609
59610
59614
59617
59629
59633
59634
59638
59641
59650
59657
59662
59663
59671
59686
59691
59702
59703
59707
59709
59710
59719
59721
59734
59738
59743
59746
59749
59753
59755
59767
59768
59769
59775
59778
59779
59781
59782
59786
59790
59795
59797
59804
59811
59814
59815
59826
59830
59831
59834
59837
59838
59843
59849
59850
59861
59862
59870
59871
59874
59875
59879
59885
59887
59890
59891
59893
59894
59902
59907
59911
59914
59915
59918
59922
59925
59930
59933
59935
59937
59953
59955
59957
59959
59961
59966
59969
59970
59973
59975
59978
59979
59987
59991
59995
60005
60007
60011
60014
60015
60019
60021
60031
60033
60035
60037
60042
60043
60045
60047
60049
60050
60053
60054
60055
60061
60065
60067
60070
60071
60073
60074
60075
60078
60085
60086
60087
60091
60101
60106
60109
60110
60113
60123
60131
60133
60134
60137
60138
60155
60166
60170
60173
60186
60191
60193
60194
60195
60198
60199
60201
60205
60215
60226
60230
60233
60238
60239
60243
60249
60250
60251
60255
60262
60265
60266
60270
60274
60278
60282
60285
60286
60291
60297
60303
60305
60313
60317
60318
60322
60323
60326
60327
60329
60345
60346
60351
60355
60357
60358
60359
60365
60367
60370
60373
60374
60378
60379
60383
60385
60389
60395
60397
60399
60417
60421
60427
60434
60442
60453
60458
60466
60477
60478
60494
60497
60517
60518
60533
60545
60557
60561
60573
60581
60586
60593
60594
60605
60606
60610
60618
60622
60625
60629
60634
60637
60641
60642
60649
60657
60662
60665
60669
60670
60687
60689
60698
60701
60705
60706
60707
60714
60718
60721
60723
60727
60730
60734
60737
60739
60742
60743
60745
60756
60759
60762
60765
60769
60770
60775
60779
60793
60797
60799
60803
60807
60813
60814
60822
60833
60834
60842
60849
60854
60855
60859
60863
60874
60875
60877
60887
60893
60899
60902
60903
60906
60914
60918
60919
60923
60925
60930
60931
60933
60941
60942
60946
60950
60957
60959
60962
60970
60981
60983
60985
60991
60993
61006
61011
61017
61018
61021
61023
61029
61039
61042
61045
61048
61051
61055
61063
61065
61070
61075
61085
61087
61091
61097
61101
61111
61117
61118
61125
61130
61131
61137
61138
61143
61149
61154
61155
61158
61161
61163
61167
61169
61173
61174
61175
61179
61181
61183
61186
61190
61193
61195
61197
61201
61206
61207
61209
61211
61214
61217
61222
61225
61226
61227
61230
61235
61237
61245
61250
61253
61254
61255
61257
61266
61271
61273
61281
61289
61291
61293
61301
61305
61313
61315
61321
61322
61323
61339
61346
61357
61358
61367
61369
61373
61374
61375
61377
61381
61393
61395
61399
61402
61403
61405
61407
61413
61414
61430
61433
61438
61441
61449
61450
61453
61458
61466
61469
61474
61481
61486
61494
61509
61513
61514
61517
61530
61533
61534
61538
61542
61549
61561
61570
61582
61586
61593
61594
61601
61609
61617
61622
61625
61626
61629
61637
61641
61657
61681
61690
61701
61706
61709
61713
61715
61717
61722
61725
61727
61729
61737
61738
61741
61746
61750
61757
61759
61765
61766
61771
61778
61779
61782
61783
61789
61790
61799
61801
61805
61809
61811
61813
61814
61818
61822
61834
61835
61849
61850
61851
61854
61857
61859
61869
61877
61878
61881
61882
61887
61894
61895
61897
61901
61905
61907
61909
61913
61918
61921
61922
61923
61933
61938
61939
61942
61943
61947
61950
61958
61959
61966
61969
61971
61978
61979
61981
61982
61987
61989
61993
61998
62005
62013
62022
62030
62035
62041
62042
62045
62047
62054
62058
62059
62073
62075
62093
62094
62095
62098
62099
62105
62106
62109
62111
62113
62114
62118
62119
62121
62127
62130
62142
62143
62146
62149
62151
62158
62159
62166
62170
62179
62183
62186
62189
62190
62193
62198
62206
62207
62217
62218
62221
62223
62229
62250
62257
62258
62265
62266
62285
62286
62287
62294
62298
62299
62301
62303
62305
62309
62310
62314
62315
62323
62325
62334
62335
62337
62338
62349
62350
62358
62362
62366
62370
62373
62381
62385
62386
62391
62393
62410
62417
62418
62419
62422
62425
62426
62437
62450
62453
62457
62458
62469
62470
62473
62474
62477
62479
62486
62502
62505
62518
62521
62522
62530
62538
62541
62545
62549
62550
62554
62558
62562
62565
62566
62570
62574
62581
62594
62606
62610
62614
62618
62621
62623
62626
62630
62646
62658
62665
62686
62690
62702
62705
62707
62709
62710
62714
62717
62723
62727
62729
62733
62739
62746
62759
62761
62767
62770
62774
62785
62786
62789
62794
62799
62802
62806
62809
62810
62813
62817
62821
62822
62823
62837
62841
62843
62845
62853
62859
62861
62867
62869
62871
62884
62899
62901
62903
62906
62909
62923
62925
62926
62929
62933
62935
62937
62942
62947
62949
62951
62957
62958
62962
62965
62970
62973
62974
62979
62986
62995
63002
63011
63014
63026
63029
63030
63037
63041
63049
63054
63055
63062
63065
63067
63074
63078
63079
63087
63089
63093
63095
63111
63118
63119
63122
63127
63129
63130
63131
63133
63135
63138
63139
63142
63150
63151
63157
63159
63170
63175
63182
63189
63190
63203
63205
63206
63211
63213
63214
63222
63229
63233
63238
63247
63250
63254
63259
63261
63271
63273
63275
63277
63287
63295
63298
63299
63302
63311
63313
63314
63317
63321
63325
63329
63330
63331
63333
63334
63337
63338
63350
63353
63355
63358
63361
63363
63381
63383
63387
63389
63391
63394
63395
63398
63402
63411
63415
63426
63430
63438
63441
63442
63443
63446
63449
63451
63453
63454
63458
63463
63465
63466
63467
63470
63473
63478
63479
63481
63482
63485
63486
63489
63493
63497
63498
63509
63513
63517
63531
63533
63537
63538
63541
63549
63554
63561
63565
63573
63578
63582
63585
63590
63601
63602
63606
63618
63622
63633
63638
63642
63657
63670
63673
63678
63685
63686
63701
63705
63713
63714
63718
63730
63733
63741
63742
63750
63755
63757
63758
63762
63765
63774
63775
63783
63789
63790
63795
63797
63798
63801
63806
63809
63815
63819
63821
63826
63834
63836
63843
63847
63851
63853
63862
63866
63870
63875
63887
63893
63897
63899
63909
63910
63911
63913
63914
63915
63923
63927
63930
63931
63933
63934
63938
63942
63943
63950
63951
63953
63957
63958
63961
63969
63973
63977
63979
63983
63987
63989
63993
63998
64009
64011
64013
64018
64022
64029
64031
64038
64041
64046
64050
64055
64057
64063
64066
64071
64073
64077
64079
64081
64082
64083
64087
64095
64098
64099
64103
64106
64109
64111
64113
64114
64115
64117
64118
64122
64125
64126
64133
64134
64137
64143
64145
64150
64153
64155
64159
64161
64172
64179
64183
64187
64189
64190
64197
64201
64202
64205
64210
64211
64214
64226
64229
64230
64231
64233
64238
64239
64241
64242
64250
64253
64255
64263
64273
64274
64275
64282
64289
64291
64294
64295
64305
64309
64313
64319
64321
64329
64337
64338
64339
64341
64342
64343
64345
64349
64357
64359
64361
64362
64366
64371
64373
64378
64379
64383
64386
64389
64391
64394
64398
64399
64405
64409
64411
64414
64421
64422
64427
64453
64454
64457
64471
64475
64477
64478
64486
64494
64495
64503
64505
64506
64513
64522
64525
64529
64533
64546
64547
64553
64557
64569
64570
64581
64595
64597
64602
64614
64626
64629
64633
64645
64650
64651
64653
64658
64661
64670
64673
64674
64681
64685
64701
64702
64706
64710
64713
64714
64717
64718
64722
64733
64734
64738
64745
64750
64753
64761
64773
64778
64781
64790
64794
64798
64799
64801
64810
64814
64818
64821
64822
64823
64826
64831
64838
64843
64845
64847
64854
64855
64857
64858
64863
64865
64867
64870
64877
64879
64891
64898
64907
64913
64934
64935
64942
64946
64953
64955
64957
64969
64970
64978
64983
64994
64999
65002
65003
65012
65014
65015
65019
65025
65026
65027
65031
65033
65034
65035
65037
65038
65039
65041
65043
65045
65049
65058
65061
65063
65066
65069
65071
65074
65077
65082
65083
65085
65086
65087
65089
65091
65095
65103
65106
65111
65113
65123
65129
65130
65137
65142
65143
65147
65154
65157
65159
65165
65167
65170
65176
65177
65178
65179
65187
65189
65191
65199
65205
65207
65209
65210
65218
65227
65229
65231
65234
65235
65242
65247
65249
65253
65255
65259
65262
65267
65269
65277
65279
65287
65290
65294
65303
65305
65306
65309
65317
65329
65330
65333
65335
65339
65345
65346
65350
65361
65362
65363
65365
65371
65374
65375
65377
65378
65389
65397
65405
65407
65410
65413
65415
65418
65426
65429
65430
65434
65437
65443
65447
65449
65450
65459
65462
65463
65470
65473
65479
65505
65510
65514
65519
65522
65523
65526
65531
65534
