Counter 2 (10 bits) 10b-ToT and 10b-PC (Event Count)
Binary		|Hex	|Decimal	|
-------------------------------------
1111111111	|3ff	|0			|
1111111110	|3fe	|1			|
1111111100	|3fc	|2			|
1111111000	|3f8	|3			|
1111110000	|3f0	|4			|
1111100000	|3e0	|5			|
1111000000	|3c0	|6			|
1110000000	|380	|7			|
1100000001	|301	|8			|
1000000011	|203	|9			|
0000000111	|007	|10			|
0000001110	|00e	|11			|
0000011100	|01c	|12			|
0000111000	|038	|13			|
0001110000	|070	|14			|
0011100001	|0e1	|15			|
0111000011	|1c3	|16			|
1110000111	|387	|17			|
1100001111	|30f	|18			|
1000011111	|21f	|19			|
0000111111	|03f	|20			|
0001111110	|07e	|21			|
0011111101	|0fd	|22			|
0111111011	|1fb	|23			|
1111110111	|3f7	|24			|
1111101110	|3ee	|25			|
1111011100	|3dc	|26			|
1110111000	|3b8	|27			|
1101110001	|371	|28			|
1011100010	|2e2	|29			|
0111000100	|1c4	|30			|
1110001001	|389	|31			|
1100010011	|313	|32			|
1000100111	|227	|33			|
0001001111	|04f	|34			|
0010011111	|09f	|35			|
0100111110	|13e	|36			|
1001111100	|27c	|37			|
0011111000	|0f8	|38			|
0111110001	|1f1	|39			|
1111100011	|3e3	|40			|
1111000110	|3c6	|41			|
1110001100	|38c	|42			|
1100011001	|319	|43			|
1000110011	|233	|44			|
0001100111	|067	|45			|
0011001111	|0cf	|46			|
0110011111	|19f	|47			|
1100111110	|33e	|48			|
1001111101	|27d	|49			|
0011111010	|0fa	|50			|
0111110101	|1f5	|51			|
1111101011	|3eb	|52			|
1111010110	|3d6	|53			|
1110101100	|3ac	|54			|
1101011001	|359	|55			|
1010110010	|2b2	|56			|
0101100101	|165	|57			|
1011001011	|2cb	|58			|
0110010110	|196	|59			|
1100101100	|32c	|60			|
1001011001	|259	|61			|
0010110010	|0b2	|62			|
0101100100	|164	|63			|
1011001001	|2c9	|64			|
0110010010	|192	|65			|
1100100100	|324	|66			|
1001001001	|249	|67			|
0010010010	|092	|68			|
0100100100	|124	|69			|
1001001000	|248	|70			|
0010010000	|090	|71			|
0100100000	|120	|72			|
1001000000	|240	|73			|
0010000000	|080	|74			|
0100000000	|100	|75			|
1000000000	|200	|76			|
0000000001	|001	|77			|
0000000010	|002	|78			|
0000000100	|004	|79			|
0000001000	|008	|80			|
0000010000	|010	|81			|
0000100000	|020	|82			|
0001000000	|040	|83			|
0010000001	|081	|84			|
0100000010	|102	|85			|
1000000100	|204	|86			|
0000001001	|009	|87			|
0000010010	|012	|88			|
0000100100	|024	|89			|
0001001000	|048	|90			|
0010010001	|091	|91			|
0100100010	|122	|92			|
1001000100	|244	|93			|
0010001000	|088	|94			|
0100010000	|110	|95			|
1000100000	|220	|96			|
0001000001	|041	|97			|
0010000011	|083	|98			|
0100000110	|106	|99			|
1000001100	|20c	|100			|
0000011001	|019	|101			|
0000110010	|032	|102			|
0001100100	|064	|103			|
0011001001	|0c9	|104			|
0110010011	|193	|105			|
1100100110	|326	|106			|
1001001101	|24d	|107			|
0010011010	|09a	|108			|
0100110100	|134	|109			|
1001101000	|268	|110			|
0011010000	|0d0	|111			|
0110100001	|1a1	|112			|
1101000010	|342	|113			|
1010000100	|284	|114			|
0100001001	|109	|115			|
1000010010	|212	|116			|
0000100101	|025	|117			|
0001001010	|04a	|118			|
0010010101	|095	|119			|
0100101010	|12a	|120			|
1001010100	|254	|121			|
0010101000	|0a8	|122			|
0101010000	|150	|123			|
1010100001	|2a1	|124			|
0101000011	|143	|125			|
1010000111	|287	|126			|
0100001111	|10f	|127			|
1000011110	|21e	|128			|
0000111101	|03d	|129			|
0001111010	|07a	|130			|
0011110101	|0f5	|131			|
0111101011	|1eb	|132			|
1111010111	|3d7	|133			|
1110101110	|3ae	|134			|
1101011101	|35d	|135			|
1010111010	|2ba	|136			|
0101110101	|175	|137			|
1011101011	|2eb	|138			|
0111010110	|1d6	|139			|
1110101101	|3ad	|140			|
1101011011	|35b	|141			|
1010110110	|2b6	|142			|
0101101101	|16d	|143			|
1011011011	|2db	|144			|
0110110110	|1b6	|145			|
1101101100	|36c	|146			|
1011011000	|2d8	|147			|
0110110000	|1b0	|148			|
1101100000	|360	|149			|
1011000000	|2c0	|150			|
0110000000	|180	|151			|
1100000000	|300	|152			|
1000000001	|201	|153			|
0000000011	|003	|154			|
0000000110	|006	|155			|
0000001100	|00c	|156			|
0000011000	|018	|157			|
0000110000	|030	|158			|
0001100000	|060	|159			|
0011000001	|0c1	|160			|
0110000011	|183	|161			|
1100000110	|306	|162			|
1000001101	|20d	|163			|
0000011011	|01b	|164			|
0000110110	|036	|165			|
0001101100	|06c	|166			|
0011011001	|0d9	|167			|
0110110011	|1b3	|168			|
1101100110	|366	|169			|
1011001100	|2cc	|170			|
0110011000	|198	|171			|
1100110000	|330	|172			|
1001100001	|261	|173			|
0011000010	|0c2	|174			|
0110000101	|185	|175			|
1100001010	|30a	|176			|
1000010101	|215	|177			|
0000101011	|02b	|178			|
0001010110	|056	|179			|
0010101101	|0ad	|180			|
0101011010	|15a	|181			|
1010110101	|2b5	|182			|
0101101011	|16b	|183			|
1011010111	|2d7	|184			|
0110101110	|1ae	|185			|
1101011100	|35c	|186			|
1010111000	|2b8	|187			|
0101110001	|171	|188			|
1011100011	|2e3	|189			|
0111000110	|1c6	|190			|
1110001101	|38d	|191			|
1100011011	|31b	|192			|
1000110111	|237	|193			|
0001101111	|06f	|194			|
0011011111	|0df	|195			|
0110111111	|1bf	|196			|
1101111110	|37e	|197			|
1011111100	|2fc	|198			|
0111111000	|1f8	|199			|
1111110001	|3f1	|200			|
1111100010	|3e2	|201			|
1111000100	|3c4	|202			|
1110001000	|388	|203			|
1100010001	|311	|204			|
1000100011	|223	|205			|
0001000111	|047	|206			|
0010001111	|08f	|207			|
0100011110	|11e	|208			|
1000111100	|23c	|209			|
0001111001	|079	|210			|
0011110011	|0f3	|211			|
0111100111	|1e7	|212			|
1111001111	|3cf	|213			|
1110011110	|39e	|214			|
1100111101	|33d	|215			|
1001111011	|27b	|216			|
0011110110	|0f6	|217			|
0111101101	|1ed	|218			|
1111011011	|3db	|219			|
1110110110	|3b6	|220			|
1101101101	|36d	|221			|
1011011010	|2da	|222			|
0110110100	|1b4	|223			|
1101101000	|368	|224			|
1011010000	|2d0	|225			|
0110100000	|1a0	|226			|
1101000000	|340	|227			|
1010000000	|280	|228			|
0100000001	|101	|229			|
1000000010	|202	|230			|
0000000101	|005	|231			|
0000001010	|00a	|232			|
0000010100	|014	|233			|
0000101000	|028	|234			|
0001010000	|050	|235			|
0010100001	|0a1	|236			|
0101000010	|142	|237			|
1010000101	|285	|238			|
0100001011	|10b	|239			|
1000010110	|216	|240			|
0000101101	|02d	|241			|
0001011010	|05a	|242			|
0010110101	|0b5	|243			|
0101101010	|16a	|244			|
1011010101	|2d5	|245			|
0110101010	|1aa	|246			|
1101010100	|354	|247			|
1010101000	|2a8	|248			|
0101010001	|151	|249			|
1010100011	|2a3	|250			|
0101000111	|147	|251			|
1010001111	|28f	|252			|
0100011111	|11f	|253			|
1000111110	|23e	|254			|
0001111101	|07d	|255			|
0011111011	|0fb	|256			|
0111110111	|1f7	|257			|
1111101111	|3ef	|258			|
1111011110	|3de	|259			|
1110111100	|3bc	|260			|
1101111001	|379	|261			|
1011110010	|2f2	|262			|
0111100100	|1e4	|263			|
1111001001	|3c9	|264			|
1110010010	|392	|265			|
1100100101	|325	|266			|
1001001011	|24b	|267			|
0010010110	|096	|268			|
0100101100	|12c	|269			|
1001011000	|258	|270			|
0010110000	|0b0	|271			|
0101100000	|160	|272			|
1011000001	|2c1	|273			|
0110000010	|182	|274			|
1100000100	|304	|275			|
1000001001	|209	|276			|
0000010011	|013	|277			|
0000100110	|026	|278			|
0001001100	|04c	|279			|
0010011001	|099	|280			|
0100110010	|132	|281			|
1001100100	|264	|282			|
0011001000	|0c8	|283			|
0110010001	|191	|284			|
1100100010	|322	|285			|
1001000101	|245	|286			|
0010001010	|08a	|287			|
0100010100	|114	|288			|
1000101000	|228	|289			|
0001010001	|051	|290			|
0010100011	|0a3	|291			|
0101000110	|146	|292			|
1010001101	|28d	|293			|
0100011011	|11b	|294			|
1000110110	|236	|295			|
0001101101	|06d	|296			|
0011011011	|0db	|297			|
0110110111	|1b7	|298			|
1101101110	|36e	|299			|
1011011100	|2dc	|300			|
0110111000	|1b8	|301			|
1101110000	|370	|302			|
1011100000	|2e0	|303			|
0111000000	|1c0	|304			|
1110000001	|381	|305			|
1100000011	|303	|306			|
1000000111	|207	|307			|
0000001111	|00f	|308			|
0000011110	|01e	|309			|
0000111100	|03c	|310			|
0001111000	|078	|311			|
0011110001	|0f1	|312			|
0111100011	|1e3	|313			|
1111000111	|3c7	|314			|
1110001110	|38e	|315			|
1100011101	|31d	|316			|
1000111011	|23b	|317			|
0001110111	|077	|318			|
0011101111	|0ef	|319			|
0111011111	|1df	|320			|
1110111111	|3bf	|321			|
1101111111	|37f	|322			|
1011111110	|2fe	|323			|
0111111100	|1fc	|324			|
1111111001	|3f9	|325			|
1111110010	|3f2	|326			|
1111100100	|3e4	|327			|
1111001000	|3c8	|328			|
1110010000	|390	|329			|
1100100001	|321	|330			|
1001000011	|243	|331			|
0010000110	|086	|332			|
0100001100	|10c	|333			|
1000011000	|218	|334			|
0000110001	|031	|335			|
0001100010	|062	|336			|
0011000101	|0c5	|337			|
0110001011	|18b	|338			|
1100010110	|316	|339			|
1000101101	|22d	|340			|
0001011011	|05b	|341			|
0010110111	|0b7	|342			|
0101101110	|16e	|343			|
1011011101	|2dd	|344			|
0110111010	|1ba	|345			|
1101110100	|374	|346			|
1011101000	|2e8	|347			|
0111010000	|1d0	|348			|
1110100001	|3a1	|349			|
1101000011	|343	|350			|
1010000110	|286	|351			|
0100001101	|10d	|352			|
1000011010	|21a	|353			|
0000110101	|035	|354			|
0001101010	|06a	|355			|
0011010101	|0d5	|356			|
0110101011	|1ab	|357			|
1101010110	|356	|358			|
1010101100	|2ac	|359			|
0101011001	|159	|360			|
1010110011	|2b3	|361			|
0101100111	|167	|362			|
1011001111	|2cf	|363			|
0110011110	|19e	|364			|
1100111100	|33c	|365			|
1001111001	|279	|366			|
0011110010	|0f2	|367			|
0111100101	|1e5	|368			|
1111001011	|3cb	|369			|
1110010110	|396	|370			|
1100101101	|32d	|371			|
1001011011	|25b	|372			|
0010110110	|0b6	|373			|
0101101100	|16c	|374			|
1011011001	|2d9	|375			|
0110110010	|1b2	|376			|
1101100100	|364	|377			|
1011001000	|2c8	|378			|
0110010000	|190	|379			|
1100100000	|320	|380			|
1001000001	|241	|381			|
0010000010	|082	|382			|
0100000100	|104	|383			|
1000001000	|208	|384			|
0000010001	|011	|385			|
0000100010	|022	|386			|
0001000100	|044	|387			|
0010001001	|089	|388			|
0100010010	|112	|389			|
1000100100	|224	|390			|
0001001001	|049	|391			|
0010010011	|093	|392			|
0100100110	|126	|393			|
1001001100	|24c	|394			|
0010011000	|098	|395			|
0100110000	|130	|396			|
1001100000	|260	|397			|
0011000000	|0c0	|398			|
0110000001	|181	|399			|
1100000010	|302	|400			|
1000000101	|205	|401			|
0000001011	|00b	|402			|
0000010110	|016	|403			|
0000101100	|02c	|404			|
0001011000	|058	|405			|
0010110001	|0b1	|406			|
0101100010	|162	|407			|
1011000101	|2c5	|408			|
0110001010	|18a	|409			|
1100010100	|314	|410			|
1000101001	|229	|411			|
0001010011	|053	|412			|
0010100111	|0a7	|413			|
0101001110	|14e	|414			|
1010011101	|29d	|415			|
0100111011	|13b	|416			|
1001110110	|276	|417			|
0011101100	|0ec	|418			|
0111011001	|1d9	|419			|
1110110011	|3b3	|420			|
1101100111	|367	|421			|
1011001110	|2ce	|422			|
0110011100	|19c	|423			|
1100111000	|338	|424			|
1001110001	|271	|425			|
0011100010	|0e2	|426			|
0111000101	|1c5	|427			|
1110001011	|38b	|428			|
1100010111	|317	|429			|
1000101111	|22f	|430			|
0001011111	|05f	|431			|
0010111111	|0bf	|432			|
0101111110	|17e	|433			|
1011111101	|2fd	|434			|
0111111010	|1fa	|435			|
1111110101	|3f5	|436			|
1111101010	|3ea	|437			|
1111010100	|3d4	|438			|
1110101000	|3a8	|439			|
1101010001	|351	|440			|
1010100010	|2a2	|441			|
0101000101	|145	|442			|
1010001011	|28b	|443			|
0100010111	|117	|444			|
1000101110	|22e	|445			|
0001011101	|05d	|446			|
0010111011	|0bb	|447			|
0101110110	|176	|448			|
1011101101	|2ed	|449			|
0111011010	|1da	|450			|
1110110101	|3b5	|451			|
1101101011	|36b	|452			|
1011010110	|2d6	|453			|
0110101100	|1ac	|454			|
1101011000	|358	|455			|
1010110000	|2b0	|456			|
0101100001	|161	|457			|
1011000011	|2c3	|458			|
0110000110	|186	|459			|
1100001100	|30c	|460			|
1000011001	|219	|461			|
0000110011	|033	|462			|
0001100110	|066	|463			|
0011001101	|0cd	|464			|
0110011011	|19b	|465			|
1100110110	|336	|466			|
1001101101	|26d	|467			|
0011011010	|0da	|468			|
0110110101	|1b5	|469			|
1101101010	|36a	|470			|
1011010100	|2d4	|471			|
0110101000	|1a8	|472			|
1101010000	|350	|473			|
1010100000	|2a0	|474			|
0101000001	|141	|475			|
1010000011	|283	|476			|
0100000111	|107	|477			|
1000001110	|20e	|478			|
0000011101	|01d	|479			|
0000111010	|03a	|480			|
0001110100	|074	|481			|
0011101001	|0e9	|482			|
0111010011	|1d3	|483			|
1110100111	|3a7	|484			|
1101001111	|34f	|485			|
1010011110	|29e	|486			|
0100111101	|13d	|487			|
1001111010	|27a	|488			|
0011110100	|0f4	|489			|
0111101001	|1e9	|490			|
1111010011	|3d3	|491			|
1110100110	|3a6	|492			|
1101001101	|34d	|493			|
1010011010	|29a	|494			|
0100110101	|135	|495			|
1001101010	|26a	|496			|
0011010100	|0d4	|497			|
0110101001	|1a9	|498			|
1101010010	|352	|499			|
1010100100	|2a4	|500			|
0101001001	|149	|501			|
1010010011	|293	|502			|
0100100111	|127	|503			|
1001001110	|24e	|504			|
0010011100	|09c	|505			|
0100111000	|138	|506			|
1001110000	|270	|507			|
0011100000	|0e0	|508			|
0111000001	|1c1	|509			|
1110000011	|383	|510			|
1100000111	|307	|511			|
1000001111	|20f	|512			|
0000011111	|01f	|513			|
0000111110	|03e	|514			|
0001111100	|07c	|515			|
0011111001	|0f9	|516			|
0111110011	|1f3	|517			|
1111100111	|3e7	|518			|
1111001110	|3ce	|519			|
1110011100	|39c	|520			|
1100111001	|339	|521			|
1001110011	|273	|522			|
0011100110	|0e6	|523			|
0111001101	|1cd	|524			|
1110011011	|39b	|525			|
1100110111	|337	|526			|
1001101111	|26f	|527			|
0011011110	|0de	|528			|
0110111101	|1bd	|529			|
1101111010	|37a	|530			|
1011110100	|2f4	|531			|
0111101000	|1e8	|532			|
1111010001	|3d1	|533			|
1110100010	|3a2	|534			|
1101000101	|345	|535			|
1010001010	|28a	|536			|
0100010101	|115	|537			|
1000101010	|22a	|538			|
0001010101	|055	|539			|
0010101011	|0ab	|540			|
0101010110	|156	|541			|
1010101101	|2ad	|542			|
0101011011	|15b	|543			|
1010110111	|2b7	|544			|
0101101111	|16f	|545			|
1011011111	|2df	|546			|
0110111110	|1be	|547			|
1101111100	|37c	|548			|
1011111000	|2f8	|549			|
0111110000	|1f0	|550			|
1111100001	|3e1	|551			|
1111000010	|3c2	|552			|
1110000100	|384	|553			|
1100001001	|309	|554			|
1000010011	|213	|555			|
0000100111	|027	|556			|
0001001110	|04e	|557			|
0010011101	|09d	|558			|
0100111010	|13a	|559			|
1001110100	|274	|560			|
0011101000	|0e8	|561			|
0111010001	|1d1	|562			|
1110100011	|3a3	|563			|
1101000111	|347	|564			|
1010001110	|28e	|565			|
0100011101	|11d	|566			|
1000111010	|23a	|567			|
0001110101	|075	|568			|
0011101011	|0eb	|569			|
0111010111	|1d7	|570			|
1110101111	|3af	|571			|
1101011111	|35f	|572			|
1010111110	|2be	|573			|
0101111101	|17d	|574			|
1011111011	|2fb	|575			|
0111110110	|1f6	|576			|
1111101101	|3ed	|577			|
1111011010	|3da	|578			|
1110110100	|3b4	|579			|
1101101001	|369	|580			|
1011010010	|2d2	|581			|
0110100100	|1a4	|582			|
1101001000	|348	|583			|
1010010000	|290	|584			|
0100100001	|121	|585			|
1001000010	|242	|586			|
0010000100	|084	|587			|
0100001000	|108	|588			|
1000010000	|210	|589			|
0000100001	|021	|590			|
0001000010	|042	|591			|
0010000101	|085	|592			|
0100001010	|10a	|593			|
1000010100	|214	|594			|
0000101001	|029	|595			|
0001010010	|052	|596			|
0010100101	|0a5	|597			|
0101001010	|14a	|598			|
1010010101	|295	|599			|
0100101011	|12b	|600			|
1001010110	|256	|601			|
0010101100	|0ac	|602			|
0101011000	|158	|603			|
1010110001	|2b1	|604			|
0101100011	|163	|605			|
1011000111	|2c7	|606			|
0110001110	|18e	|607			|
1100011100	|31c	|608			|
1000111001	|239	|609			|
0001110011	|073	|610			|
0011100111	|0e7	|611			|
0111001111	|1cf	|612			|
1110011111	|39f	|613			|
1100111111	|33f	|614			|
1001111111	|27f	|615			|
0011111110	|0fe	|616			|
0111111101	|1fd	|617			|
1111111011	|3fb	|618			|
1111110110	|3f6	|619			|
1111101100	|3ec	|620			|
1111011000	|3d8	|621			|
1110110000	|3b0	|622			|
1101100001	|361	|623			|
1011000010	|2c2	|624			|
0110000100	|184	|625			|
1100001000	|308	|626			|
1000010001	|211	|627			|
0000100011	|023	|628			|
0001000110	|046	|629			|
0010001101	|08d	|630			|
0100011010	|11a	|631			|
1000110100	|234	|632			|
0001101001	|069	|633			|
0011010011	|0d3	|634			|
0110100111	|1a7	|635			|
1101001110	|34e	|636			|
1010011100	|29c	|637			|
0100111001	|139	|638			|
1001110010	|272	|639			|
0011100100	|0e4	|640			|
0111001001	|1c9	|641			|
1110010011	|393	|642			|
1100100111	|327	|643			|
1001001111	|24f	|644			|
0010011110	|09e	|645			|
0100111100	|13c	|646			|
1001111000	|278	|647			|
0011110000	|0f0	|648			|
0111100001	|1e1	|649			|
1111000011	|3c3	|650			|
1110000110	|386	|651			|
1100001101	|30d	|652			|
1000011011	|21b	|653			|
0000110111	|037	|654			|
0001101110	|06e	|655			|
0011011101	|0dd	|656			|
0110111011	|1bb	|657			|
1101110110	|376	|658			|
1011101100	|2ec	|659			|
0111011000	|1d8	|660			|
1110110001	|3b1	|661			|
1101100011	|363	|662			|
1011000110	|2c6	|663			|
0110001100	|18c	|664			|
1100011000	|318	|665			|
1000110001	|231	|666			|
0001100011	|063	|667			|
0011000111	|0c7	|668			|
0110001111	|18f	|669			|
1100011110	|31e	|670			|
1000111101	|23d	|671			|
0001111011	|07b	|672			|
0011110111	|0f7	|673			|
0111101111	|1ef	|674			|
1111011111	|3df	|675			|
1110111110	|3be	|676			|
1101111101	|37d	|677			|
1011111010	|2fa	|678			|
0111110100	|1f4	|679			|
1111101001	|3e9	|680			|
1111010010	|3d2	|681			|
1110100100	|3a4	|682			|
1101001001	|349	|683			|
1010010010	|292	|684			|
0100100101	|125	|685			|
1001001010	|24a	|686			|
0010010100	|094	|687			|
0100101000	|128	|688			|
1001010000	|250	|689			|
0010100000	|0a0	|690			|
0101000000	|140	|691			|
1010000001	|281	|692			|
0100000011	|103	|693			|
1000000110	|206	|694			|
0000001101	|00d	|695			|
0000011010	|01a	|696			|
0000110100	|034	|697			|
0001101000	|068	|698			|
0011010001	|0d1	|699			|
0110100011	|1a3	|700			|
1101000110	|346	|701			|
1010001100	|28c	|702			|
0100011001	|119	|703			|
1000110010	|232	|704			|
0001100101	|065	|705			|
0011001011	|0cb	|706			|
0110010111	|197	|707			|
1100101110	|32e	|708			|
1001011101	|25d	|709			|
0010111010	|0ba	|710			|
0101110100	|174	|711			|
1011101001	|2e9	|712			|
0111010010	|1d2	|713			|
1110100101	|3a5	|714			|
1101001011	|34b	|715			|
1010010110	|296	|716			|
0100101101	|12d	|717			|
1001011010	|25a	|718			|
0010110100	|0b4	|719			|
0101101000	|168	|720			|
1011010001	|2d1	|721			|
0110100010	|1a2	|722			|
1101000100	|344	|723			|
1010001000	|288	|724			|
0100010001	|111	|725			|
1000100010	|222	|726			|
0001000101	|045	|727			|
0010001011	|08b	|728			|
0100010110	|116	|729			|
1000101100	|22c	|730			|
0001011001	|059	|731			|
0010110011	|0b3	|732			|
0101100110	|166	|733			|
1011001101	|2cd	|734			|
0110011010	|19a	|735			|
1100110100	|334	|736			|
1001101001	|269	|737			|
0011010010	|0d2	|738			|
0110100101	|1a5	|739			|
1101001010	|34a	|740			|
1010010100	|294	|741			|
0100101001	|129	|742			|
1001010010	|252	|743			|
0010100100	|0a4	|744			|
0101001000	|148	|745			|
1010010001	|291	|746			|
0100100011	|123	|747			|
1001000110	|246	|748			|
0010001100	|08c	|749			|
0100011000	|118	|750			|
1000110000	|230	|751			|
0001100001	|061	|752			|
0011000011	|0c3	|753			|
0110000111	|187	|754			|
1100001110	|30e	|755			|
1000011101	|21d	|756			|
0000111011	|03b	|757			|
0001110110	|076	|758			|
0011101101	|0ed	|759			|
0111011011	|1db	|760			|
1110110111	|3b7	|761			|
1101101111	|36f	|762			|
1011011110	|2de	|763			|
0110111100	|1bc	|764			|
1101111000	|378	|765			|
1011110000	|2f0	|766			|
0111100000	|1e0	|767			|
1111000001	|3c1	|768			|
1110000010	|382	|769			|
1100000101	|305	|770			|
1000001011	|20b	|771			|
0000010111	|017	|772			|
0000101110	|02e	|773			|
0001011100	|05c	|774			|
0010111001	|0b9	|775			|
0101110010	|172	|776			|
1011100101	|2e5	|777			|
0111001010	|1ca	|778			|
1110010101	|395	|779			|
1100101011	|32b	|780			|
1001010111	|257	|781			|
0010101110	|0ae	|782			|
0101011100	|15c	|783			|
1010111001	|2b9	|784			|
0101110011	|173	|785			|
1011100111	|2e7	|786			|
0111001110	|1ce	|787			|
1110011101	|39d	|788			|
1100111011	|33b	|789			|
1001110111	|277	|790			|
0011101110	|0ee	|791			|
0111011101	|1dd	|792			|
1110111011	|3bb	|793			|
1101110111	|377	|794			|
1011101110	|2ee	|795			|
0111011100	|1dc	|796			|
1110111001	|3b9	|797			|
1101110011	|373	|798			|
1011100110	|2e6	|799			|
0111001100	|1cc	|800			|
1110011001	|399	|801			|
1100110011	|333	|802			|
1001100111	|267	|803			|
0011001110	|0ce	|804			|
0110011101	|19d	|805			|
1100111010	|33a	|806			|
1001110101	|275	|807			|
0011101010	|0ea	|808			|
0111010101	|1d5	|809			|
1110101011	|3ab	|810			|
1101010111	|357	|811			|
1010101110	|2ae	|812			|
0101011101	|15d	|813			|
1010111011	|2bb	|814			|
0101110111	|177	|815			|
1011101111	|2ef	|816			|
0111011110	|1de	|817			|
1110111101	|3bd	|818			|
1101111011	|37b	|819			|
1011110110	|2f6	|820			|
0111101100	|1ec	|821			|
1111011001	|3d9	|822			|
1110110010	|3b2	|823			|
1101100101	|365	|824			|
1011001010	|2ca	|825			|
0110010100	|194	|826			|
1100101000	|328	|827			|
1001010001	|251	|828			|
0010100010	|0a2	|829			|
0101000100	|144	|830			|
1010001001	|289	|831			|
0100010011	|113	|832			|
1000100110	|226	|833			|
0001001101	|04d	|834			|
0010011011	|09b	|835			|
0100110110	|136	|836			|
1001101100	|26c	|837			|
0011011000	|0d8	|838			|
0110110001	|1b1	|839			|
1101100010	|362	|840			|
1011000100	|2c4	|841			|
0110001000	|188	|842			|
1100010000	|310	|843			|
1000100001	|221	|844			|
0001000011	|043	|845			|
0010000111	|087	|846			|
0100001110	|10e	|847			|
1000011100	|21c	|848			|
0000111001	|039	|849			|
0001110010	|072	|850			|
0011100101	|0e5	|851			|
0111001011	|1cb	|852			|
1110010111	|397	|853			|
1100101111	|32f	|854			|
1001011111	|25f	|855			|
0010111110	|0be	|856			|
0101111100	|17c	|857			|
1011111001	|2f9	|858			|
0111110010	|1f2	|859			|
1111100101	|3e5	|860			|
1111001010	|3ca	|861			|
1110010100	|394	|862			|
1100101001	|329	|863			|
1001010011	|253	|864			|
0010100110	|0a6	|865			|
0101001100	|14c	|866			|
1010011001	|299	|867			|
0100110011	|133	|868			|
1001100110	|266	|869			|
0011001100	|0cc	|870			|
0110011001	|199	|871			|
1100110010	|332	|872			|
1001100101	|265	|873			|
0011001010	|0ca	|874			|
0110010101	|195	|875			|
1100101010	|32a	|876			|
1001010101	|255	|877			|
0010101010	|0aa	|878			|
0101010100	|154	|879			|
1010101001	|2a9	|880			|
0101010011	|153	|881			|
1010100111	|2a7	|882			|
0101001111	|14f	|883			|
1010011111	|29f	|884			|
0100111111	|13f	|885			|
1001111110	|27e	|886			|
0011111100	|0fc	|887			|
0111111001	|1f9	|888			|
1111110011	|3f3	|889			|
1111100110	|3e6	|890			|
1111001100	|3cc	|891			|
1110011000	|398	|892			|
1100110001	|331	|893			|
1001100011	|263	|894			|
0011000110	|0c6	|895			|
0110001101	|18d	|896			|
1100011010	|31a	|897			|
1000110101	|235	|898			|
0001101011	|06b	|899			|
0011010111	|0d7	|900			|
0110101111	|1af	|901			|
1101011110	|35e	|902			|
1010111100	|2bc	|903			|
0101111001	|179	|904			|
1011110011	|2f3	|905			|
0111100110	|1e6	|906			|
1111001101	|3cd	|907			|
1110011010	|39a	|908			|
1100110101	|335	|909			|
1001101011	|26b	|910			|
0011010110	|0d6	|911			|
0110101101	|1ad	|912			|
1101011010	|35a	|913			|
1010110100	|2b4	|914			|
0101101001	|169	|915			|
1011010011	|2d3	|916			|
0110100110	|1a6	|917			|
1101001100	|34c	|918			|
1010011000	|298	|919			|
0100110001	|131	|920			|
1001100010	|262	|921			|
0011000100	|0c4	|922			|
0110001001	|189	|923			|
1100010010	|312	|924			|
1000100101	|225	|925			|
0001001011	|04b	|926			|
0010010111	|097	|927			|
0100101110	|12e	|928			|
1001011100	|25c	|929			|
0010111000	|0b8	|930			|
0101110000	|170	|931			|
1011100001	|2e1	|932			|
0111000010	|1c2	|933			|
1110000101	|385	|934			|
1100001011	|30b	|935			|
1000010111	|217	|936			|
0000101111	|02f	|937			|
0001011110	|05e	|938			|
0010111101	|0bd	|939			|
0101111010	|17a	|940			|
1011110101	|2f5	|941			|
0111101010	|1ea	|942			|
1111010101	|3d5	|943			|
1110101010	|3aa	|944			|
1101010101	|355	|945			|
1010101010	|2aa	|946			|
0101010101	|155	|947			|
1010101011	|2ab	|948			|
0101010111	|157	|949			|
1010101111	|2af	|950			|
0101011111	|15f	|951			|
1010111111	|2bf	|952			|
0101111111	|17f	|953			|
1011111111	|2ff	|954			|
0111111110	|1fe	|955			|
1111111101	|3fd	|956			|
1111111010	|3fa	|957			|
1111110100	|3f4	|958			|
1111101000	|3e8	|959			|
1111010000	|3d0	|960			|
1110100000	|3a0	|961			|
1101000001	|341	|962			|
1010000010	|282	|963			|
0100000101	|105	|964			|
1000001010	|20a	|965			|
0000010101	|015	|966			|
0000101010	|02a	|967			|
0001010100	|054	|968			|
0010101001	|0a9	|969			|
0101010010	|152	|970			|
1010100101	|2a5	|971			|
0101001011	|14b	|972			|
1010010111	|297	|973			|
0100101111	|12f	|974			|
1001011110	|25e	|975			|
0010111100	|0bc	|976			|
0101111000	|178	|977			|
1011110001	|2f1	|978			|
0111100010	|1e2	|979			|
1111000101	|3c5	|980			|
1110001010	|38a	|981			|
1100010101	|315	|982			|
1000101011	|22b	|983			|
0001010111	|057	|984			|
0010101111	|0af	|985			|
0101011110	|15e	|986			|
1010111101	|2bd	|987			|
0101111011	|17b	|988			|
1011110111	|2f7	|989			|
0111101110	|1ee	|990			|
1111011101	|3dd	|991			|
1110111010	|3ba	|992			|
1101110101	|375	|993			|
1011101010	|2ea	|994			|
0111010100	|1d4	|995			|
1110101001	|3a9	|996			|
1101010011	|353	|997			|
1010100110	|2a6	|998			|
0101001101	|14d	|999			|
1010011011	|29b	|1000			|
0100110111	|137	|1001			|
1001101110	|26e	|1002			|
0011011100	|0dc	|1003			|
0110111001	|1b9	|1004			|
1101110010	|372	|1005			|
1011100100	|2e4	|1006			|
0111001000	|1c8	|1007			|
1110010001	|391	|1008			|
1100100011	|323	|1009			|
1001000111	|247	|1010			|
0010001110	|08e	|1011			|
0100011100	|11c	|1012			|
1000111000	|238	|1013			|
0001110001	|071	|1014			|
0011100011	|0e3	|1015			|
0111000111	|1c7	|1016			|
1110001111	|38f	|1017			|
1100011111	|31f	|1018			|
1000111111	|23f	|1019			|
0001111111	|07f	|1020			|
0011111111	|0ff	|1021			|
0111111111	|1ff	|1022			|
-------------------------------------
