1.000E-03	1.227E+01	3.268E-03	4.641E+03	0.000E+00	0.000E+00	4.653E+03	4.641E+03	
1.500E-03	1.181E+01	6.066E-03	2.077E+03	0.000E+00	0.000E+00	2.089E+03	2.077E+03	
2.000E-03	1.127E+01	8.955E-03	1.125E+03	0.000E+00	0.000E+00	1.137E+03	1.125E+03	
2.500E-03	1.069E+01	1.181E-02	2.270E+03	0.000E+00	0.000E+00	2.281E+03	2.270E+03	
3.000E-03	1.011E+01	1.459E-02	2.039E+03	0.000E+00	0.000E+00	2.049E+03	2.039E+03	
3.500E-03	9.548E+00	1.727E-02	1.560E+03	0.000E+00	0.000E+00	1.569E+03	1.560E+03	
4.000E-03	9.007E+00	1.991E-02	1.135E+03	0.000E+00	0.000E+00	1.144E+03	1.135E+03	
4.500E-03	8.502E+00	2.248E-02	8.510E+02	0.000E+00	0.000E+00	8.595E+02	8.510E+02	
5.000E-03	8.032E+00	2.499E-02	6.580E+02	0.000E+00	0.000E+00	6.660E+02	6.580E+02	
5.500E-03	7.594E+00	2.746E-02	5.190E+02	0.000E+00	0.000E+00	5.266E+02	5.190E+02	
6.000E-03	7.188E+00	2.987E-02	4.180E+02	0.000E+00	0.000E+00	4.252E+02	4.180E+02	
6.500E-03	6.813E+00	3.222E-02	3.411E+02	0.000E+00	0.000E+00	3.479E+02	3.411E+02	
7.000E-03	6.466E+00	3.449E-02	2.826E+02	0.000E+00	0.000E+00	2.891E+02	2.826E+02	
7.500E-03	6.145E+00	3.667E-02	2.372E+02	0.000E+00	0.000E+00	2.433E+02	2.372E+02	
8.000E-03	5.846E+00	3.877E-02	2.013E+02	0.000E+00	0.000E+00	2.072E+02	2.013E+02	
8.500E-03	5.568E+00	4.077E-02	1.722E+02	0.000E+00	0.000E+00	1.778E+02	1.722E+02	
9.000E-03	5.308E+00	4.269E-02	1.486E+02	0.000E+00	0.000E+00	1.539E+02	1.486E+02	
9.500E-03	5.065E+00	4.452E-02	1.293E+02	0.000E+00	0.000E+00	1.344E+02	1.293E+02	
1.000E-02	4.837E+00	4.629E-02	1.132E+02	0.000E+00	0.000E+00	1.181E+02	1.133E+02	
1.050E-02	4.623E+00	4.799E-02	9.974E+01	0.000E+00	0.000E+00	1.044E+02	9.978E+01	
1.100E-02	4.421E+00	4.962E-02	8.836E+01	0.000E+00	0.000E+00	9.283E+01	8.841E+01	
1.150E-02	4.232E+00	5.117E-02	7.870E+01	0.000E+00	0.000E+00	8.298E+01	7.875E+01	
1.200E-02	4.053E+00	5.264E-02	1.796E+02	0.000E+00	0.000E+00	1.837E+02	1.796E+02	
1.250E-02	3.885E+00	5.402E-02	1.608E+02	0.000E+00	0.000E+00	1.648E+02	1.609E+02	
1.300E-02	3.726E+00	5.535E-02	1.447E+02	0.000E+00	0.000E+00	1.484E+02	1.447E+02	
1.350E-02	3.577E+00	5.664E-02	1.307E+02	0.000E+00	0.000E+00	1.343E+02	1.307E+02	
1.400E-02	3.436E+00	5.791E-02	1.650E+02	0.000E+00	0.000E+00	1.685E+02	1.651E+02	
1.450E-02	3.304E+00	5.916E-02	1.750E+02	0.000E+00	0.000E+00	1.783E+02	1.750E+02	
1.500E-02	3.180E+00	6.035E-02	1.605E+02	0.000E+00	0.000E+00	1.637E+02	1.605E+02	
1.550E-02	3.062E+00	6.151E-02	1.475E+02	0.000E+00	0.000E+00	1.506E+02	1.475E+02	
1.600E-02	2.950E+00	6.264E-02	1.359E+02	0.000E+00	0.000E+00	1.389E+02	1.360E+02	
1.650E-02	2.844E+00	6.373E-02	1.256E+02	0.000E+00	0.000E+00	1.285E+02	1.256E+02	
1.700E-02	2.743E+00	6.478E-02	1.163E+02	0.000E+00	0.000E+00	1.191E+02	1.163E+02	
1.750E-02	2.648E+00	6.581E-02	1.079E+02	0.000E+00	0.000E+00	1.106E+02	1.080E+02	
1.800E-02	2.558E+00	6.681E-02	1.003E+02	0.000E+00	0.000E+00	1.030E+02	1.004E+02	
1.850E-02	2.472E+00	6.778E-02	9.351E+01	0.000E+00	0.000E+00	9.605E+01	9.358E+01	
1.900E-02	2.391E+00	6.872E-02	8.730E+01	0.000E+00	0.000E+00	8.976E+01	8.737E+01	
1.950E-02	2.314E+00	6.964E-02	8.165E+01	0.000E+00	0.000E+00	8.404E+01	8.172E+01	
2.000E-02	2.242E+00	7.054E-02	7.650E+01	0.000E+00	0.000E+00	7.881E+01	7.657E+01	
2.050E-02	2.173E+00	7.141E-02	7.165E+01	0.000E+00	0.000E+00	7.389E+01	7.172E+01	
2.100E-02	2.108E+00	7.225E-02	6.722E+01	0.000E+00	0.000E+00	6.940E+01	6.729E+01	
2.150E-02	2.046E+00	7.308E-02	6.315E+01	0.000E+00	0.000E+00	6.527E+01	6.323E+01	
2.200E-02	1.987E+00	7.389E-02	5.942E+01	0.000E+00	0.000E+00	6.148E+01	5.949E+01	
2.250E-02	1.930E+00	7.467E-02	5.598E+01	0.000E+00	0.000E+00	5.799E+01	5.606E+01	
2.300E-02	1.877E+00	7.544E-02	5.281E+01	0.000E+00	0.000E+00	5.477E+01	5.289E+01	
2.350E-02	1.826E+00	7.618E-02	4.989E+01	0.000E+00	0.000E+00	5.179E+01	4.996E+01	
2.400E-02	1.777E+00	7.690E-02	4.718E+01	0.000E+00	0.000E+00	4.903E+01	4.726E+01	
2.450E-02	1.730E+00	7.761E-02	4.467E+01	0.000E+00	0.000E+00	4.648E+01	4.475E+01	
2.500E-02	1.685E+00	7.830E-02	4.234E+01	0.000E+00	0.000E+00	4.410E+01	4.242E+01	
2.550E-02	1.642E+00	7.897E-02	4.018E+01	0.000E+00	0.000E+00	4.190E+01	4.025E+01	
2.600E-02	1.601E+00	7.962E-02	3.816E+01	0.000E+00	0.000E+00	3.984E+01	3.824E+01	
2.650E-02	1.561E+00	8.026E-02	3.628E+01	0.000E+00	0.000E+00	3.792E+01	3.636E+01	
2.700E-02	1.523E+00	8.088E-02	3.453E+01	0.000E+00	0.000E+00	3.613E+01	3.461E+01	
2.750E-02	1.487E+00	8.148E-02	3.289E+01	0.000E+00	0.000E+00	3.446E+01	3.297E+01	
2.800E-02	1.452E+00	8.207E-02	3.135E+01	0.000E+00	0.000E+00	3.289E+01	3.144E+01	
2.850E-02	1.418E+00	8.264E-02	2.992E+01	0.000E+00	0.000E+00	3.142E+01	3.000E+01	
2.900E-02	1.385E+00	8.319E-02	2.857E+01	0.000E+00	0.000E+00	3.004E+01	2.865E+01	
2.950E-02	1.353E+00	8.374E-02	2.730E+01	0.000E+00	0.000E+00	2.874E+01	2.739E+01	
3.000E-02	1.323E+00	8.426E-02	2.611E+01	0.000E+00	0.000E+00	2.752E+01	2.620E+01	
3.050E-02	1.294E+00	8.478E-02	2.497E+01	0.000E+00	0.000E+00	2.635E+01	2.506E+01	
3.100E-02	1.265E+00	8.528E-02	2.390E+01	0.000E+00	0.000E+00	2.525E+01	2.399E+01	
3.150E-02	1.238E+00	8.576E-02	2.289E+01	0.000E+00	0.000E+00	2.421E+01	2.298E+01	
3.200E-02	1.211E+00	8.624E-02	2.194E+01	0.000E+00	0.000E+00	2.323E+01	2.202E+01	
3.250E-02	1.185E+00	8.670E-02	2.104E+01	0.000E+00	0.000E+00	2.231E+01	2.112E+01	
3.300E-02	1.161E+00	8.714E-02	2.019E+01	0.000E+00	0.000E+00	2.144E+01	2.028E+01	
3.350E-02	1.136E+00	8.758E-02	1.939E+01	0.000E+00	0.000E+00	2.061E+01	1.947E+01	
3.400E-02	1.113E+00	8.800E-02	1.863E+01	0.000E+00	0.000E+00	1.983E+01	1.871E+01	
3.450E-02	1.090E+00	8.842E-02	1.791E+01	0.000E+00	0.000E+00	1.908E+01	1.799E+01	
3.500E-02	1.068E+00	8.882E-02	1.722E+01	0.000E+00	0.000E+00	1.838E+01	1.731E+01	
3.550E-02	1.047E+00	8.921E-02	1.658E+01	0.000E+00	0.000E+00	1.771E+01	1.667E+01	
3.600E-02	1.026E+00	8.959E-02	1.596E+01	0.000E+00	0.000E+00	1.708E+01	1.605E+01	
3.650E-02	1.006E+00	8.996E-02	1.538E+01	0.000E+00	0.000E+00	1.647E+01	1.547E+01	
3.700E-02	9.866E-01	9.032E-02	1.482E+01	0.000E+00	0.000E+00	1.590E+01	1.491E+01	
3.750E-02	9.676E-01	9.067E-02	1.430E+01	0.000E+00	0.000E+00	1.535E+01	1.439E+01	
3.800E-02	9.491E-01	9.101E-02	1.379E+01	0.000E+00	0.000E+00	1.483E+01	1.388E+01	
3.850E-02	9.311E-01	9.134E-02	1.332E+01	0.000E+00	0.000E+00	1.434E+01	1.341E+01	
3.900E-02	9.136E-01	9.166E-02	1.286E+01	0.000E+00	0.000E+00	1.386E+01	1.295E+01	
3.950E-02	8.965E-01	9.197E-02	1.242E+01	0.000E+00	0.000E+00	1.341E+01	1.252E+01	
4.000E-02	8.799E-01	9.227E-02	1.201E+01	0.000E+00	0.000E+00	1.298E+01	1.210E+01	
4.050E-02	8.638E-01	9.257E-02	1.161E+01	0.000E+00	0.000E+00	1.257E+01	1.170E+01	
4.100E-02	8.480E-01	9.285E-02	1.123E+01	0.000E+00	0.000E+00	1.217E+01	1.132E+01	
4.150E-02	8.327E-01	9.313E-02	1.086E+01	0.000E+00	0.000E+00	1.179E+01	1.096E+01	
4.200E-02	8.177E-01	9.340E-02	1.051E+01	0.000E+00	0.000E+00	1.143E+01	1.061E+01	
4.250E-02	8.031E-01	9.366E-02	1.018E+01	0.000E+00	0.000E+00	1.108E+01	1.027E+01	
4.300E-02	7.889E-01	9.392E-02	9.861E+00	0.000E+00	0.000E+00	1.074E+01	9.955E+00	
4.350E-02	7.751E-01	9.417E-02	9.555E+00	0.000E+00	0.000E+00	1.042E+01	9.649E+00	
4.400E-02	7.616E-01	9.441E-02	9.262E+00	0.000E+00	0.000E+00	1.012E+01	9.356E+00	
4.450E-02	7.485E-01	9.464E-02	8.981E+00	0.000E+00	0.000E+00	9.824E+00	9.076E+00	
4.500E-02	7.357E-01	9.487E-02	8.712E+00	0.000E+00	0.000E+00	9.542E+00	8.806E+00	
4.550E-02	7.232E-01	9.509E-02	8.453E+00	0.000E+00	0.000E+00	9.271E+00	8.548E+00	
4.600E-02	7.110E-01	9.531E-02	8.205E+00	0.000E+00	0.000E+00	9.011E+00	8.300E+00	
4.650E-02	6.992E-01	9.552E-02	7.967E+00	0.000E+00	0.000E+00	8.761E+00	8.062E+00	
4.700E-02	6.876E-01	9.572E-02	7.738E+00	0.000E+00	0.000E+00	8.521E+00	7.833E+00	
4.750E-02	6.764E-01	9.592E-02	7.518E+00	0.000E+00	0.000E+00	8.290E+00	7.614E+00	
4.800E-02	6.654E-01	9.611E-02	7.306E+00	0.000E+00	0.000E+00	8.068E+00	7.402E+00	
4.850E-02	6.546E-01	9.630E-02	7.103E+00	0.000E+00	0.000E+00	7.854E+00	7.199E+00	
4.900E-02	6.442E-01	9.648E-02	6.907E+00	0.000E+00	0.000E+00	7.648E+00	7.003E+00	
4.950E-02	6.340E-01	9.666E-02	6.718E+00	0.000E+00	0.000E+00	7.449E+00	6.815E+00	
5.000E-02	6.240E-01	9.683E-02	6.537E+00	0.000E+00	0.000E+00	7.258E+00	6.634E+00	
5.050E-02	6.143E-01	9.700E-02	6.361E+00	0.000E+00	0.000E+00	7.072E+00	6.458E+00	
5.100E-02	6.048E-01	9.716E-02	6.191E+00	0.000E+00	0.000E+00	6.893E+00	6.288E+00	
5.150E-02	5.956E-01	9.732E-02	6.027E+00	0.000E+00	0.000E+00	6.720E+00	6.125E+00	
5.200E-02	5.866E-01	9.747E-02	5.869E+00	0.000E+00	0.000E+00	6.553E+00	5.967E+00	
5.250E-02	5.777E-01	9.762E-02	5.717E+00	0.000E+00	0.000E+00	6.393E+00	5.815E+00	
5.300E-02	5.691E-01	9.777E-02	5.570E+00	0.000E+00	0.000E+00	6.237E+00	5.668E+00	
5.350E-02	5.607E-01	9.791E-02	5.429E+00	0.000E+00	0.000E+00	6.087E+00	5.527E+00	
5.400E-02	5.525E-01	9.804E-02	5.292E+00	0.000E+00	0.000E+00	5.942E+00	5.390E+00	
5.450E-02	5.445E-01	9.818E-02	5.159E+00	0.000E+00	0.000E+00	5.802E+00	5.258E+00	
5.500E-02	5.366E-01	9.830E-02	5.032E+00	0.000E+00	0.000E+00	5.667E+00	5.130E+00	
5.550E-02	5.290E-01	9.843E-02	4.908E+00	0.000E+00	0.000E+00	5.536E+00	5.007E+00	
5.600E-02	5.215E-01	9.855E-02	4.789E+00	0.000E+00	0.000E+00	5.409E+00	4.887E+00	
5.650E-02	5.141E-01	9.866E-02	4.673E+00	0.000E+00	0.000E+00	5.286E+00	4.772E+00	
5.700E-02	5.070E-01	9.878E-02	4.562E+00	0.000E+00	0.000E+00	5.167E+00	4.660E+00	
5.750E-02	5.000E-01	9.888E-02	4.454E+00	0.000E+00	0.000E+00	5.052E+00	4.552E+00	
5.800E-02	4.931E-01	9.899E-02	4.349E+00	0.000E+00	0.000E+00	4.941E+00	4.448E+00	
5.850E-02	4.864E-01	9.909E-02	4.248E+00	0.000E+00	0.000E+00	4.833E+00	4.347E+00	
5.900E-02	4.799E-01	9.918E-02	4.150E+00	0.000E+00	0.000E+00	4.729E+00	4.249E+00	
5.950E-02	4.735E-01	9.928E-02	4.055E+00	0.000E+00	0.000E+00	4.627E+00	4.154E+00	
6.000E-02	4.672E-01	9.937E-02	3.962E+00	0.000E+00	0.000E+00	4.529E+00	4.062E+00	
6.050E-02	4.610E-01	9.945E-02	3.873E+00	0.000E+00	0.000E+00	4.433E+00	3.972E+00	
6.100E-02	4.550E-01	9.953E-02	3.786E+00	0.000E+00	0.000E+00	4.340E+00	3.885E+00	
6.150E-02	4.491E-01	9.961E-02	3.701E+00	0.000E+00	0.000E+00	4.250E+00	3.801E+00	
6.200E-02	4.434E-01	9.969E-02	3.619E+00	0.000E+00	0.000E+00	4.162E+00	3.719E+00	
6.250E-02	4.377E-01	9.976E-02	3.540E+00	0.000E+00	0.000E+00	4.078E+00	3.640E+00	
6.300E-02	4.322E-01	9.983E-02	3.463E+00	0.000E+00	0.000E+00	3.995E+00	3.563E+00	
6.350E-02	4.267E-01	9.990E-02	3.388E+00	0.000E+00	0.000E+00	3.915E+00	3.488E+00	
6.400E-02	4.214E-01	9.996E-02	3.316E+00	0.000E+00	0.000E+00	3.837E+00	3.416E+00	
6.450E-02	4.162E-01	1.000E-01	3.245E+00	0.000E+00	0.000E+00	3.761E+00	3.345E+00	
6.500E-02	4.111E-01	1.001E-01	3.177E+00	0.000E+00	0.000E+00	3.688E+00	3.277E+00	
6.550E-02	4.061E-01	1.001E-01	3.110E+00	0.000E+00	0.000E+00	3.616E+00	3.210E+00	
6.600E-02	4.012E-01	1.002E-01	3.046E+00	0.000E+00	0.000E+00	3.547E+00	3.146E+00	
6.650E-02	3.963E-01	1.002E-01	2.983E+00	0.000E+00	0.000E+00	3.479E+00	3.083E+00	
6.700E-02	3.916E-01	1.003E-01	2.922E+00	0.000E+00	0.000E+00	3.414E+00	3.022E+00	
6.750E-02	3.869E-01	1.003E-01	2.862E+00	0.000E+00	0.000E+00	3.350E+00	2.963E+00	
6.800E-02	3.824E-01	1.004E-01	2.805E+00	0.000E+00	0.000E+00	3.287E+00	2.905E+00	
6.850E-02	3.779E-01	1.004E-01	2.748E+00	0.000E+00	0.000E+00	3.227E+00	2.849E+00	
6.900E-02	3.735E-01	1.005E-01	2.694E+00	0.000E+00	0.000E+00	3.168E+00	2.794E+00	
6.950E-02	3.692E-01	1.005E-01	2.641E+00	0.000E+00	0.000E+00	3.110E+00	2.741E+00	
7.000E-02	3.649E-01	1.006E-01	2.589E+00	0.000E+00	0.000E+00	3.054E+00	2.689E+00	
7.050E-02	3.608E-01	1.006E-01	2.538E+00	0.000E+00	0.000E+00	3.000E+00	2.639E+00	
7.100E-02	3.567E-01	1.006E-01	2.489E+00	0.000E+00	0.000E+00	2.947E+00	2.590E+00	
7.150E-02	3.527E-01	1.007E-01	2.442E+00	0.000E+00	0.000E+00	2.895E+00	2.542E+00	
7.200E-02	3.487E-01	1.007E-01	2.395E+00	0.000E+00	0.000E+00	2.844E+00	2.496E+00	
7.250E-02	3.448E-01	1.007E-01	2.350E+00	0.000E+00	0.000E+00	2.795E+00	2.450E+00	
7.300E-02	3.410E-01	1.008E-01	2.306E+00	0.000E+00	0.000E+00	2.747E+00	2.406E+00	
7.350E-02	3.372E-01	1.008E-01	2.262E+00	0.000E+00	0.000E+00	2.701E+00	2.363E+00	
7.400E-02	3.335E-01	1.008E-01	2.221E+00	0.000E+00	0.000E+00	2.655E+00	2.321E+00	
7.450E-02	3.299E-01	1.009E-01	2.180E+00	0.000E+00	0.000E+00	2.610E+00	2.280E+00	
7.500E-02	3.263E-01	1.009E-01	2.140E+00	0.000E+00	0.000E+00	2.567E+00	2.241E+00	
7.550E-02	3.228E-01	1.009E-01	2.101E+00	0.000E+00	0.000E+00	2.525E+00	2.202E+00	
7.600E-02	3.193E-01	1.009E-01	2.063E+00	0.000E+00	0.000E+00	2.483E+00	2.164E+00	
7.650E-02	3.159E-01	1.010E-01	2.026E+00	0.000E+00	0.000E+00	2.443E+00	2.127E+00	
7.700E-02	3.126E-01	1.010E-01	1.990E+00	0.000E+00	0.000E+00	2.403E+00	2.091E+00	
7.750E-02	3.093E-01	1.010E-01	1.954E+00	0.000E+00	0.000E+00	2.365E+00	2.056E+00	
7.800E-02	3.060E-01	1.010E-01	1.920E+00	0.000E+00	0.000E+00	2.327E+00	2.021E+00	
7.850E-02	3.028E-01	1.011E-01	1.887E+00	0.000E+00	0.000E+00	2.290E+00	1.988E+00	
7.900E-02	2.997E-01	1.011E-01	1.854E+00	0.000E+00	0.000E+00	2.255E+00	1.955E+00	
7.950E-02	2.966E-01	1.011E-01	1.822E+00	0.000E+00	0.000E+00	2.219E+00	1.923E+00	
8.000E-02	2.935E-01	1.011E-01	1.790E+00	0.000E+00	0.000E+00	2.185E+00	1.892E+00	
8.050E-02	2.905E-01	1.012E-01	1.760E+00	0.000E+00	0.000E+00	2.151E+00	1.861E+00	
8.100E-02	2.876E-01	1.012E-01	8.436E+00	0.000E+00	0.000E+00	8.825E+00	8.538E+00	
8.150E-02	2.847E-01	1.012E-01	8.301E+00	0.000E+00	0.000E+00	8.687E+00	8.403E+00	
8.200E-02	2.818E-01	1.012E-01	8.169E+00	0.000E+00	0.000E+00	8.552E+00	8.271E+00	
8.250E-02	2.790E-01	1.012E-01	8.040E+00	0.000E+00	0.000E+00	8.421E+00	8.142E+00	
8.300E-02	2.762E-01	1.012E-01	7.914E+00	0.000E+00	0.000E+00	8.292E+00	8.015E+00	
8.350E-02	2.735E-01	1.012E-01	7.791E+00	0.000E+00	0.000E+00	8.165E+00	7.892E+00	
8.400E-02	2.708E-01	1.013E-01	7.670E+00	0.000E+00	0.000E+00	8.042E+00	7.771E+00	
8.450E-02	2.682E-01	1.013E-01	7.551E+00	0.000E+00	0.000E+00	7.921E+00	7.652E+00	
8.500E-02	2.656E-01	1.013E-01	7.435E+00	0.000E+00	0.000E+00	7.802E+00	7.537E+00	
8.550E-02	2.630E-01	1.013E-01	7.322E+00	0.000E+00	0.000E+00	7.686E+00	7.423E+00	
8.600E-02	2.605E-01	1.013E-01	7.211E+00	0.000E+00	0.000E+00	7.573E+00	7.312E+00	
8.650E-02	2.580E-01	1.013E-01	7.102E+00	0.000E+00	0.000E+00	7.461E+00	7.203E+00	
8.700E-02	2.555E-01	1.013E-01	6.996E+00	0.000E+00	0.000E+00	7.353E+00	7.097E+00	
8.750E-02	2.531E-01	1.013E-01	6.891E+00	0.000E+00	0.000E+00	7.246E+00	6.993E+00	
8.800E-02	2.507E-01	1.012E-01	6.789E+00	0.000E+00	0.000E+00	7.141E+00	6.891E+00	
8.850E-02	2.484E-01	1.012E-01	6.689E+00	0.000E+00	0.000E+00	7.039E+00	6.790E+00	
8.900E-02	2.461E-01	1.012E-01	6.591E+00	0.000E+00	0.000E+00	6.938E+00	6.692E+00	
8.950E-02	2.438E-01	1.012E-01	6.495E+00	0.000E+00	0.000E+00	6.840E+00	6.596E+00	
9.000E-02	2.415E-01	1.012E-01	6.401E+00	0.000E+00	0.000E+00	6.744E+00	6.502E+00	
9.050E-02	2.393E-01	1.012E-01	6.309E+00	0.000E+00	0.000E+00	6.649E+00	6.410E+00	
9.100E-02	2.371E-01	1.012E-01	6.218E+00	0.000E+00	0.000E+00	6.556E+00	6.319E+00	
9.150E-02	2.350E-01	1.012E-01	6.129E+00	0.000E+00	0.000E+00	6.466E+00	6.231E+00	
9.200E-02	2.328E-01	1.011E-01	6.043E+00	0.000E+00	0.000E+00	6.377E+00	6.144E+00	
9.250E-02	2.308E-01	1.011E-01	5.957E+00	0.000E+00	0.000E+00	6.289E+00	6.058E+00	
9.300E-02	2.287E-01	1.011E-01	5.874E+00	0.000E+00	0.000E+00	6.203E+00	5.975E+00	
9.350E-02	2.266E-01	1.011E-01	5.792E+00	0.000E+00	0.000E+00	6.119E+00	5.893E+00	
9.400E-02	2.246E-01	1.011E-01	5.711E+00	0.000E+00	0.000E+00	6.037E+00	5.812E+00	
9.450E-02	2.226E-01	1.011E-01	5.632E+00	0.000E+00	0.000E+00	5.956E+00	5.733E+00	
9.500E-02	2.207E-01	1.010E-01	5.555E+00	0.000E+00	0.000E+00	5.877E+00	5.656E+00	
9.550E-02	2.187E-01	1.010E-01	5.479E+00	0.000E+00	0.000E+00	5.799E+00	5.580E+00	
9.600E-02	2.168E-01	1.010E-01	5.404E+00	0.000E+00	0.000E+00	5.722E+00	5.505E+00	
9.650E-02	2.150E-01	1.010E-01	5.331E+00	0.000E+00	0.000E+00	5.647E+00	5.432E+00	
9.700E-02	2.131E-01	1.009E-01	5.259E+00	0.000E+00	0.000E+00	5.573E+00	5.360E+00	
9.750E-02	2.113E-01	1.009E-01	5.189E+00	0.000E+00	0.000E+00	5.501E+00	5.290E+00	
9.800E-02	2.094E-01	1.009E-01	5.120E+00	0.000E+00	0.000E+00	5.430E+00	5.221E+00	
9.850E-02	2.076E-01	1.009E-01	5.052E+00	0.000E+00	0.000E+00	5.360E+00	5.153E+00	
9.900E-02	2.059E-01	1.008E-01	4.985E+00	0.000E+00	0.000E+00	5.292E+00	5.086E+00	
9.950E-02	2.041E-01	1.008E-01	4.920E+00	0.000E+00	0.000E+00	5.224E+00	5.020E+00	
1.000E-01	2.024E-01	1.008E-01	4.855E+00	0.000E+00	0.000E+00	5.158E+00	4.956E+00	
1.005E-01	2.007E-01	1.007E-01	4.792E+00	0.000E+00	0.000E+00	5.093E+00	4.893E+00	
1.010E-01	1.990E-01	1.007E-01	4.730E+00	0.000E+00	0.000E+00	5.030E+00	4.831E+00	
1.015E-01	1.974E-01	1.007E-01	4.669E+00	0.000E+00	0.000E+00	4.967E+00	4.770E+00	
1.020E-01	1.957E-01	1.007E-01	4.609E+00	0.000E+00	0.000E+00	4.906E+00	4.710E+00	
1.025E-01	1.941E-01	1.006E-01	4.550E+00	0.000E+00	0.000E+00	4.845E+00	4.651E+00	
1.030E-01	1.925E-01	1.006E-01	4.493E+00	0.000E+00	0.000E+00	4.786E+00	4.593E+00	
1.035E-01	1.909E-01	1.006E-01	4.436E+00	0.000E+00	0.000E+00	4.727E+00	4.536E+00	
1.040E-01	1.893E-01	1.005E-01	4.380E+00	0.000E+00	0.000E+00	4.670E+00	4.480E+00	
1.045E-01	1.878E-01	1.005E-01	4.325E+00	0.000E+00	0.000E+00	4.613E+00	4.426E+00	
1.050E-01	1.863E-01	1.005E-01	4.271E+00	0.000E+00	0.000E+00	4.558E+00	4.372E+00	
1.055E-01	1.847E-01	1.004E-01	4.218E+00	0.000E+00	0.000E+00	4.503E+00	4.319E+00	
1.060E-01	1.833E-01	1.004E-01	4.166E+00	0.000E+00	0.000E+00	4.450E+00	4.266E+00	
1.065E-01	1.818E-01	1.004E-01	4.115E+00	0.000E+00	0.000E+00	4.397E+00	4.215E+00	
1.070E-01	1.803E-01	1.003E-01	4.065E+00	0.000E+00	0.000E+00	4.345E+00	4.165E+00	
1.075E-01	1.789E-01	1.003E-01	4.015E+00	0.000E+00	0.000E+00	4.294E+00	4.115E+00	
1.080E-01	1.775E-01	1.003E-01	3.966E+00	0.000E+00	0.000E+00	4.244E+00	4.067E+00	
1.085E-01	1.760E-01	1.002E-01	3.918E+00	0.000E+00	0.000E+00	4.195E+00	4.019E+00	
1.090E-01	1.747E-01	1.002E-01	3.871E+00	0.000E+00	0.000E+00	4.146E+00	3.971E+00	
1.095E-01	1.733E-01	1.002E-01	3.825E+00	0.000E+00	0.000E+00	4.098E+00	3.925E+00	
1.100E-01	1.719E-01	1.001E-01	3.779E+00	0.000E+00	0.000E+00	4.051E+00	3.880E+00	
1.105E-01	1.706E-01	1.001E-01	3.735E+00	0.000E+00	0.000E+00	4.005E+00	3.835E+00	
1.110E-01	1.693E-01	1.000E-01	3.690E+00	0.000E+00	0.000E+00	3.960E+00	3.790E+00	
1.115E-01	1.679E-01	1.000E-01	3.647E+00	0.000E+00	0.000E+00	3.915E+00	3.747E+00	
1.120E-01	1.666E-01	9.997E-02	3.604E+00	0.000E+00	0.000E+00	3.871E+00	3.704E+00	
1.125E-01	1.654E-01	9.994E-02	3.562E+00	0.000E+00	0.000E+00	3.828E+00	3.662E+00	
1.130E-01	1.641E-01	9.990E-02	3.521E+00	0.000E+00	0.000E+00	3.785E+00	3.621E+00	
1.135E-01	1.628E-01	9.986E-02	3.480E+00	0.000E+00	0.000E+00	3.743E+00	3.580E+00	
1.140E-01	1.616E-01	9.982E-02	3.440E+00	0.000E+00	0.000E+00	3.702E+00	3.540E+00	
1.145E-01	1.604E-01	9.978E-02	3.401E+00	0.000E+00	0.000E+00	3.661E+00	3.501E+00	
1.150E-01	1.592E-01	9.974E-02	3.362E+00	0.000E+00	0.000E+00	3.621E+00	3.462E+00	
1.155E-01	1.580E-01	9.970E-02	3.324E+00	0.000E+00	0.000E+00	3.581E+00	3.423E+00	
1.160E-01	1.568E-01	9.966E-02	3.286E+00	0.000E+00	0.000E+00	3.543E+00	3.386E+00	
1.165E-01	1.556E-01	9.962E-02	3.249E+00	0.000E+00	0.000E+00	3.504E+00	3.349E+00	
1.170E-01	1.544E-01	9.958E-02	3.213E+00	0.000E+00	0.000E+00	3.467E+00	3.312E+00	
1.175E-01	1.533E-01	9.954E-02	3.177E+00	0.000E+00	0.000E+00	3.430E+00	3.276E+00	
1.180E-01	1.522E-01	9.950E-02	3.141E+00	0.000E+00	0.000E+00	3.393E+00	3.241E+00	
1.185E-01	1.510E-01	9.946E-02	3.107E+00	0.000E+00	0.000E+00	3.357E+00	3.206E+00	
1.190E-01	1.499E-01	9.942E-02	3.072E+00	0.000E+00	0.000E+00	3.322E+00	3.172E+00	
1.195E-01	1.488E-01	9.937E-02	3.038E+00	0.000E+00	0.000E+00	3.287E+00	3.138E+00	
1.200E-01	1.477E-01	9.933E-02	3.005E+00	0.000E+00	0.000E+00	3.252E+00	3.104E+00	
1.205E-01	1.467E-01	9.929E-02	2.972E+00	0.000E+00	0.000E+00	3.218E+00	3.072E+00	
1.210E-01	1.456E-01	9.925E-02	2.940E+00	0.000E+00	0.000E+00	3.185E+00	3.039E+00	
1.215E-01	1.446E-01	9.920E-02	2.908E+00	0.000E+00	0.000E+00	3.152E+00	3.007E+00	
1.220E-01	1.435E-01	9.916E-02	2.877E+00	0.000E+00	0.000E+00	3.120E+00	2.976E+00	
1.225E-01	1.425E-01	9.912E-02	2.846E+00	0.000E+00	0.000E+00	3.088E+00	2.945E+00	
1.230E-01	1.415E-01	9.907E-02	2.816E+00	0.000E+00	0.000E+00	3.056E+00	2.915E+00	
1.235E-01	1.405E-01	9.903E-02	2.786E+00	0.000E+00	0.000E+00	3.025E+00	2.885E+00	
1.240E-01	1.395E-01	9.899E-02	2.756E+00	0.000E+00	0.000E+00	2.994E+00	2.855E+00	
1.245E-01	1.385E-01	9.894E-02	2.727E+00	0.000E+00	0.000E+00	2.964E+00	2.826E+00	
1.250E-01	1.375E-01	9.890E-02	2.698E+00	0.000E+00	0.000E+00	2.935E+00	2.797E+00	
1.255E-01	1.366E-01	9.885E-02	2.670E+00	0.000E+00	0.000E+00	2.905E+00	2.769E+00	
1.260E-01	1.356E-01	9.881E-02	2.642E+00	0.000E+00	0.000E+00	2.876E+00	2.741E+00	
1.265E-01	1.347E-01	9.876E-02	2.614E+00	0.000E+00	0.000E+00	2.848E+00	2.713E+00	
1.270E-01	1.337E-01	9.872E-02	2.587E+00	0.000E+00	0.000E+00	2.820E+00	2.686E+00	
1.275E-01	1.328E-01	9.867E-02	2.561E+00	0.000E+00	0.000E+00	2.792E+00	2.659E+00	
1.280E-01	1.319E-01	9.863E-02	2.534E+00	0.000E+00	0.000E+00	2.765E+00	2.633E+00	
1.285E-01	1.310E-01	9.858E-02	2.508E+00	0.000E+00	0.000E+00	2.738E+00	2.607E+00	
1.290E-01	1.301E-01	9.854E-02	2.483E+00	0.000E+00	0.000E+00	2.711E+00	2.581E+00	
1.295E-01	1.292E-01	9.849E-02	2.457E+00	0.000E+00	0.000E+00	2.685E+00	2.556E+00	
1.300E-01	1.283E-01	9.844E-02	2.432E+00	0.000E+00	0.000E+00	2.659E+00	2.531E+00	
1.305E-01	1.274E-01	9.840E-02	2.408E+00	0.000E+00	0.000E+00	2.634E+00	2.506E+00	
1.310E-01	1.266E-01	9.835E-02	2.383E+00	0.000E+00	0.000E+00	2.608E+00	2.482E+00	
1.315E-01	1.257E-01	9.830E-02	2.360E+00	0.000E+00	0.000E+00	2.584E+00	2.458E+00	
1.320E-01	1.249E-01	9.826E-02	2.336E+00	0.000E+00	0.000E+00	2.559E+00	2.434E+00	
1.325E-01	1.241E-01	9.821E-02	2.313E+00	0.000E+00	0.000E+00	2.535E+00	2.411E+00	
1.330E-01	1.232E-01	9.816E-02	2.290E+00	0.000E+00	0.000E+00	2.511E+00	2.388E+00	
1.335E-01	1.224E-01	9.811E-02	2.267E+00	0.000E+00	0.000E+00	2.488E+00	2.365E+00	
1.340E-01	1.216E-01	9.806E-02	2.245E+00	0.000E+00	0.000E+00	2.464E+00	2.343E+00	
1.345E-01	1.208E-01	9.802E-02	2.223E+00	0.000E+00	0.000E+00	2.442E+00	2.321E+00	
1.350E-01	1.200E-01	9.797E-02	2.201E+00	0.000E+00	0.000E+00	2.419E+00	2.299E+00	
1.355E-01	1.192E-01	9.792E-02	2.180E+00	0.000E+00	0.000E+00	2.397E+00	2.277E+00	
1.360E-01	1.184E-01	9.787E-02	2.158E+00	0.000E+00	0.000E+00	2.375E+00	2.256E+00	
1.365E-01	1.177E-01	9.782E-02	2.137E+00	0.000E+00	0.000E+00	2.353E+00	2.235E+00	
1.370E-01	1.169E-01	9.777E-02	2.117E+00	0.000E+00	0.000E+00	2.331E+00	2.215E+00	
1.375E-01	1.162E-01	9.773E-02	2.096E+00	0.000E+00	0.000E+00	2.310E+00	2.194E+00	
1.380E-01	1.154E-01	9.768E-02	2.076E+00	0.000E+00	0.000E+00	2.289E+00	2.174E+00	
1.385E-01	1.147E-01	9.763E-02	2.057E+00	0.000E+00	0.000E+00	2.269E+00	2.154E+00	
1.390E-01	1.139E-01	9.758E-02	2.037E+00	0.000E+00	0.000E+00	2.248E+00	2.135E+00	
1.395E-01	1.132E-01	9.753E-02	2.018E+00	0.000E+00	0.000E+00	2.228E+00	2.115E+00	
1.400E-01	1.125E-01	9.748E-02	1.999E+00	0.000E+00	0.000E+00	2.209E+00	2.096E+00	
1.405E-01	1.118E-01	9.743E-02	1.980E+00	0.000E+00	0.000E+00	2.189E+00	2.077E+00	
1.410E-01	1.111E-01	9.738E-02	1.961E+00	0.000E+00	0.000E+00	2.170E+00	2.059E+00	
1.415E-01	1.104E-01	9.733E-02	1.943E+00	0.000E+00	0.000E+00	2.150E+00	2.040E+00	
1.420E-01	1.097E-01	9.728E-02	1.925E+00	0.000E+00	0.000E+00	2.132E+00	2.022E+00	
1.425E-01	1.090E-01	9.723E-02	1.907E+00	0.000E+00	0.000E+00	2.113E+00	2.004E+00	
1.430E-01	1.083E-01	9.718E-02	1.889E+00	0.000E+00	0.000E+00	2.095E+00	1.986E+00	
1.435E-01	1.076E-01	9.713E-02	1.872E+00	0.000E+00	0.000E+00	2.076E+00	1.969E+00	
1.440E-01	1.070E-01	9.708E-02	1.854E+00	0.000E+00	0.000E+00	2.059E+00	1.952E+00	
1.445E-01	1.063E-01	9.703E-02	1.837E+00	0.000E+00	0.000E+00	2.041E+00	1.934E+00	
1.450E-01	1.057E-01	9.698E-02	1.821E+00	0.000E+00	0.000E+00	2.023E+00	1.918E+00	
1.455E-01	1.050E-01	9.693E-02	1.804E+00	0.000E+00	0.000E+00	2.006E+00	1.901E+00	
1.460E-01	1.044E-01	9.687E-02	1.788E+00	0.000E+00	0.000E+00	1.989E+00	1.885E+00	
1.465E-01	1.037E-01	9.682E-02	1.771E+00	0.000E+00	0.000E+00	1.972E+00	1.868E+00	
1.470E-01	1.031E-01	9.677E-02	1.755E+00	0.000E+00	0.000E+00	1.955E+00	1.852E+00	
1.475E-01	1.025E-01	9.672E-02	1.740E+00	0.000E+00	0.000E+00	1.939E+00	1.836E+00	
1.480E-01	1.019E-01	9.667E-02	1.724E+00	0.000E+00	0.000E+00	1.923E+00	1.821E+00	
1.485E-01	1.013E-01	9.662E-02	1.709E+00	0.000E+00	0.000E+00	1.907E+00	1.805E+00	
1.490E-01	1.007E-01	9.657E-02	1.693E+00	0.000E+00	0.000E+00	1.891E+00	1.790E+00	
1.495E-01	1.001E-01	9.651E-02	1.678E+00	0.000E+00	0.000E+00	1.875E+00	1.775E+00	
1.500E-01	9.946E-02	9.646E-02	1.664E+00	0.000E+00	0.000E+00	1.859E+00	1.760E+00	
1.505E-01	9.887E-02	9.641E-02	1.649E+00	0.000E+00	0.000E+00	1.844E+00	1.745E+00	
1.510E-01	9.828E-02	9.636E-02	1.634E+00	0.000E+00	0.000E+00	1.829E+00	1.731E+00	
1.515E-01	9.771E-02	9.631E-02	1.620E+00	0.000E+00	0.000E+00	1.814E+00	1.716E+00	
1.520E-01	9.713E-02	9.625E-02	1.606E+00	0.000E+00	0.000E+00	1.799E+00	1.702E+00	
1.525E-01	9.656E-02	9.620E-02	1.592E+00	0.000E+00	0.000E+00	1.785E+00	1.688E+00	
1.530E-01	9.600E-02	9.615E-02	1.578E+00	0.000E+00	0.000E+00	1.770E+00	1.674E+00	
1.535E-01	9.544E-02	9.610E-02	1.564E+00	0.000E+00	0.000E+00	1.756E+00	1.660E+00	
1.540E-01	9.489E-02	9.604E-02	1.551E+00	0.000E+00	0.000E+00	1.742E+00	1.647E+00	
1.545E-01	9.434E-02	9.599E-02	1.537E+00	0.000E+00	0.000E+00	1.728E+00	1.633E+00	
1.550E-01	9.380E-02	9.594E-02	1.524E+00	0.000E+00	0.000E+00	1.714E+00	1.620E+00	
1.555E-01	9.326E-02	9.589E-02	1.511E+00	0.000E+00	0.000E+00	1.700E+00	1.607E+00	
1.560E-01	9.272E-02	9.583E-02	1.498E+00	0.000E+00	0.000E+00	1.687E+00	1.594E+00	
1.565E-01	9.219E-02	9.578E-02	1.486E+00	0.000E+00	0.000E+00	1.674E+00	1.581E+00	
1.570E-01	9.167E-02	9.573E-02	1.473E+00	0.000E+00	0.000E+00	1.660E+00	1.569E+00	
1.575E-01	9.115E-02	9.567E-02	1.461E+00	0.000E+00	0.000E+00	1.647E+00	1.556E+00	
1.580E-01	9.063E-02	9.562E-02	1.448E+00	0.000E+00	0.000E+00	1.635E+00	1.544E+00	
1.585E-01	9.012E-02	9.557E-02	1.436E+00	0.000E+00	0.000E+00	1.622E+00	1.532E+00	
1.590E-01	8.961E-02	9.552E-02	1.424E+00	0.000E+00	0.000E+00	1.609E+00	1.520E+00	
1.595E-01	8.911E-02	9.546E-02	1.412E+00	0.000E+00	0.000E+00	1.597E+00	1.508E+00	
1.600E-01	8.861E-02	9.541E-02	1.400E+00	0.000E+00	0.000E+00	1.584E+00	1.496E+00	
1.605E-01	8.812E-02	9.536E-02	1.389E+00	0.000E+00	0.000E+00	1.572E+00	1.484E+00	
1.610E-01	8.763E-02	9.530E-02	1.377E+00	0.000E+00	0.000E+00	1.560E+00	1.473E+00	
1.615E-01	8.714E-02	9.525E-02	1.366E+00	0.000E+00	0.000E+00	1.548E+00	1.461E+00	
1.620E-01	8.666E-02	9.520E-02	1.355E+00	0.000E+00	0.000E+00	1.537E+00	1.450E+00	
1.625E-01	8.619E-02	9.514E-02	1.344E+00	0.000E+00	0.000E+00	1.525E+00	1.439E+00	
1.630E-01	8.571E-02	9.509E-02	1.333E+00	0.000E+00	0.000E+00	1.513E+00	1.428E+00	
1.635E-01	8.524E-02	9.503E-02	1.322E+00	0.000E+00	0.000E+00	1.502E+00	1.417E+00	
1.640E-01	8.478E-02	9.498E-02	1.311E+00	0.000E+00	0.000E+00	1.491E+00	1.406E+00	
1.645E-01	8.432E-02	9.493E-02	1.300E+00	0.000E+00	0.000E+00	1.480E+00	1.395E+00	
1.650E-01	8.386E-02	9.487E-02	1.290E+00	0.000E+00	0.000E+00	1.469E+00	1.385E+00	
1.655E-01	8.341E-02	9.482E-02	1.279E+00	0.000E+00	0.000E+00	1.458E+00	1.374E+00	
1.660E-01	8.296E-02	9.477E-02	1.269E+00	0.000E+00	0.000E+00	1.447E+00	1.364E+00	
1.665E-01	8.251E-02	9.471E-02	1.259E+00	0.000E+00	0.000E+00	1.436E+00	1.354E+00	
1.670E-01	8.207E-02	9.466E-02	1.249E+00	0.000E+00	0.000E+00	1.426E+00	1.344E+00	
1.675E-01	8.163E-02	9.460E-02	1.239E+00	0.000E+00	0.000E+00	1.415E+00	1.334E+00	
1.680E-01	8.119E-02	9.455E-02	1.229E+00	0.000E+00	0.000E+00	1.405E+00	1.324E+00	
1.685E-01	8.076E-02	9.450E-02	1.219E+00	0.000E+00	0.000E+00	1.395E+00	1.314E+00	
1.690E-01	8.033E-02	9.444E-02	1.210E+00	0.000E+00	0.000E+00	1.385E+00	1.304E+00	
1.695E-01	7.991E-02	9.439E-02	1.200E+00	0.000E+00	0.000E+00	1.375E+00	1.295E+00	
1.700E-01	7.949E-02	9.434E-02	1.191E+00	0.000E+00	0.000E+00	1.365E+00	1.285E+00	
1.705E-01	7.907E-02	9.428E-02	1.182E+00	0.000E+00	0.000E+00	1.355E+00	1.276E+00	
1.710E-01	7.865E-02	9.423E-02	1.172E+00	0.000E+00	0.000E+00	1.345E+00	1.267E+00	
1.715E-01	7.824E-02	9.417E-02	1.163E+00	0.000E+00	0.000E+00	1.336E+00	1.257E+00	
1.720E-01	7.783E-02	9.412E-02	1.154E+00	0.000E+00	0.000E+00	1.326E+00	1.248E+00	
1.725E-01	7.743E-02	9.407E-02	1.145E+00	0.000E+00	0.000E+00	1.317E+00	1.239E+00	
1.730E-01	7.703E-02	9.401E-02	1.136E+00	0.000E+00	0.000E+00	1.307E+00	1.230E+00	
1.735E-01	7.663E-02	9.396E-02	1.128E+00	0.000E+00	0.000E+00	1.298E+00	1.222E+00	
1.740E-01	7.623E-02	9.390E-02	1.119E+00	0.000E+00	0.000E+00	1.289E+00	1.213E+00	
1.745E-01	7.584E-02	9.385E-02	1.110E+00	0.000E+00	0.000E+00	1.280E+00	1.204E+00	
1.750E-01	7.545E-02	9.380E-02	1.102E+00	0.000E+00	0.000E+00	1.271E+00	1.196E+00	
1.755E-01	7.507E-02	9.374E-02	1.094E+00	0.000E+00	0.000E+00	1.262E+00	1.187E+00	
1.760E-01	7.469E-02	9.369E-02	1.085E+00	0.000E+00	0.000E+00	1.254E+00	1.179E+00	
1.765E-01	7.431E-02	9.363E-02	1.077E+00	0.000E+00	0.000E+00	1.245E+00	1.171E+00	
1.770E-01	7.393E-02	9.358E-02	1.069E+00	0.000E+00	0.000E+00	1.237E+00	1.163E+00	
1.775E-01	7.355E-02	9.353E-02	1.061E+00	0.000E+00	0.000E+00	1.228E+00	1.155E+00	
1.780E-01	7.318E-02	9.347E-02	1.053E+00	0.000E+00	0.000E+00	1.220E+00	1.146E+00	
1.785E-01	7.281E-02	9.342E-02	1.045E+00	0.000E+00	0.000E+00	1.211E+00	1.139E+00	
1.790E-01	7.245E-02	9.336E-02	1.037E+00	0.000E+00	0.000E+00	1.203E+00	1.131E+00	
1.795E-01	7.209E-02	9.331E-02	1.030E+00	0.000E+00	0.000E+00	1.195E+00	1.123E+00	
1.800E-01	7.173E-02	9.326E-02	1.022E+00	0.000E+00	0.000E+00	1.187E+00	1.115E+00	
1.805E-01	7.137E-02	9.320E-02	1.014E+00	0.000E+00	0.000E+00	1.179E+00	1.108E+00	
1.810E-01	7.102E-02	9.315E-02	1.007E+00	0.000E+00	0.000E+00	1.171E+00	1.100E+00	
1.815E-01	7.066E-02	9.309E-02	9.996E-01	0.000E+00	0.000E+00	1.163E+00	1.093E+00	
1.820E-01	7.031E-02	9.304E-02	9.922E-01	0.000E+00	0.000E+00	1.156E+00	1.085E+00	
1.825E-01	6.997E-02	9.299E-02	9.850E-01	0.000E+00	0.000E+00	1.148E+00	1.078E+00	
1.830E-01	6.962E-02	9.293E-02	9.778E-01	0.000E+00	0.000E+00	1.140E+00	1.071E+00	
1.835E-01	6.928E-02	9.288E-02	9.707E-01	0.000E+00	0.000E+00	1.133E+00	1.064E+00	
1.840E-01	6.894E-02	9.282E-02	9.636E-01	0.000E+00	0.000E+00	1.125E+00	1.056E+00	
1.845E-01	6.861E-02	9.277E-02	9.567E-01	0.000E+00	0.000E+00	1.118E+00	1.049E+00	
1.850E-01	6.827E-02	9.272E-02	9.498E-01	0.000E+00	0.000E+00	1.111E+00	1.042E+00	
1.855E-01	6.794E-02	9.266E-02	9.429E-01	0.000E+00	0.000E+00	1.104E+00	1.036E+00	
1.860E-01	6.761E-02	9.261E-02	9.362E-01	0.000E+00	0.000E+00	1.096E+00	1.029E+00	
1.865E-01	6.729E-02	9.255E-02	9.295E-01	0.000E+00	0.000E+00	1.089E+00	1.022E+00	
1.870E-01	6.696E-02	9.250E-02	9.228E-01	0.000E+00	0.000E+00	1.082E+00	1.015E+00	
1.875E-01	6.664E-02	9.245E-02	9.163E-01	0.000E+00	0.000E+00	1.075E+00	1.009E+00	
1.880E-01	6.632E-02	9.239E-02	9.098E-01	0.000E+00	0.000E+00	1.068E+00	1.002E+00	
1.885E-01	6.601E-02	9.234E-02	9.033E-01	0.000E+00	0.000E+00	1.062E+00	9.957E-01	
1.890E-01	6.569E-02	9.229E-02	8.969E-01	0.000E+00	0.000E+00	1.055E+00	9.892E-01	
1.895E-01	6.538E-02	9.223E-02	8.906E-01	0.000E+00	0.000E+00	1.048E+00	9.829E-01	
1.900E-01	6.507E-02	9.218E-02	8.844E-01	0.000E+00	0.000E+00	1.042E+00	9.766E-01	
1.905E-01	6.476E-02	9.212E-02	8.782E-01	0.000E+00	0.000E+00	1.035E+00	9.703E-01	
1.910E-01	6.446E-02	9.207E-02	8.720E-01	0.000E+00	0.000E+00	1.029E+00	9.641E-01	
1.915E-01	6.415E-02	9.202E-02	8.660E-01	0.000E+00	0.000E+00	1.022E+00	9.580E-01	
1.920E-01	6.385E-02	9.196E-02	8.600E-01	0.000E+00	0.000E+00	1.016E+00	9.519E-01	
1.925E-01	6.355E-02	9.191E-02	8.540E-01	0.000E+00	0.000E+00	1.009E+00	9.459E-01	
1.930E-01	6.326E-02	9.186E-02	8.481E-01	0.000E+00	0.000E+00	1.003E+00	9.400E-01	
1.935E-01	6.296E-02	9.180E-02	8.422E-01	0.000E+00	0.000E+00	9.970E-01	9.341E-01	
1.940E-01	6.267E-02	9.175E-02	8.365E-01	0.000E+00	0.000E+00	9.909E-01	9.282E-01	
1.945E-01	6.238E-02	9.170E-02	8.307E-01	0.000E+00	0.000E+00	9.848E-01	9.224E-01	
1.950E-01	6.209E-02	9.164E-02	8.250E-01	0.000E+00	0.000E+00	9.788E-01	9.167E-01	
1.955E-01	6.180E-02	9.159E-02	8.194E-01	0.000E+00	0.000E+00	9.728E-01	9.110E-01	
1.960E-01	6.152E-02	9.154E-02	8.138E-01	0.000E+00	0.000E+00	9.669E-01	9.054E-01	
1.965E-01	6.124E-02	9.148E-02	8.083E-01	0.000E+00	0.000E+00	9.610E-01	8.998E-01	
1.970E-01	6.096E-02	9.143E-02	8.029E-01	0.000E+00	0.000E+00	9.552E-01	8.943E-01	
1.975E-01	6.068E-02	9.138E-02	7.974E-01	0.000E+00	0.000E+00	9.495E-01	8.888E-01	
1.980E-01	6.040E-02	9.132E-02	7.921E-01	0.000E+00	0.000E+00	9.438E-01	8.834E-01	
1.985E-01	6.013E-02	9.127E-02	7.867E-01	0.000E+00	0.000E+00	9.381E-01	8.780E-01	
1.990E-01	5.985E-02	9.122E-02	7.815E-01	0.000E+00	0.000E+00	9.326E-01	8.727E-01	
1.995E-01	5.958E-02	9.116E-02	7.763E-01	0.000E+00	0.000E+00	9.270E-01	8.674E-01	
