1.000E-03	3.582E+00	1.494E-02	4.862E+03	0.000E+00	0.000E+00	4.866E+03	4.862E+03	
1.500E-03	3.259E+00	2.356E-02	1.710E+03	0.000E+00	0.000E+00	1.713E+03	1.710E+03	
2.000E-03	2.963E+00	3.100E-02	7.968E+02	0.000E+00	0.000E+00	7.998E+02	7.969E+02	
2.500E-03	2.697E+00	3.804E-02	4.348E+02	0.000E+00	0.000E+00	4.375E+02	4.348E+02	
3.000E-03	2.463E+00	4.481E-02	2.651E+02	0.000E+00	0.000E+00	2.676E+02	2.651E+02	
3.500E-03	2.252E+00	5.120E-02	1.731E+02	0.000E+00	0.000E+00	1.754E+02	1.732E+02	
4.000E-03	2.051E+00	5.716E-02	1.197E+02	0.000E+00	0.000E+00	1.218E+02	1.198E+02	
4.034E-03	2.036E+00	5.759E-02	1.021E+03	0.000E+00	0.000E+00	1.023E+03	1.021E+03	
4.038E-03	2.036E+00	5.759E-02	1.166E+02	0.000E+00	0.000E+00	1.187E+02	1.167E+02	
4.500E-03	1.872E+00	6.273E-02	7.830E+02	0.000E+00	0.000E+00	7.849E+02	7.831E+02	
5.000E-03	1.720E+00	6.795E-02	6.007E+02	0.000E+00	0.000E+00	6.025E+02	6.008E+02	
5.500E-03	1.585E+00	7.277E-02	4.684E+02	0.000E+00	0.000E+00	4.701E+02	4.685E+02	
6.000E-03	1.465E+00	7.722E-02	3.716E+02	0.000E+00	0.000E+00	3.731E+02	3.717E+02	
6.500E-03	1.360E+00	8.131E-02	3.001E+02	0.000E+00	0.000E+00	3.015E+02	3.002E+02	
7.000E-03	1.268E+00	8.507E-02	2.460E+02	0.000E+00	0.000E+00	2.474E+02	2.461E+02	
7.500E-03	1.188E+00	8.854E-02	2.043E+02	0.000E+00	0.000E+00	2.056E+02	2.044E+02	
8.000E-03	1.116E+00	9.173E-02	1.714E+02	0.000E+00	0.000E+00	1.727E+02	1.715E+02	
8.500E-03	1.053E+00	9.469E-02	1.452E+02	0.000E+00	0.000E+00	1.463E+02	1.453E+02	
9.000E-03	9.951E-01	9.743E-02	1.240E+02	0.000E+00	0.000E+00	1.251E+02	1.241E+02	
9.500E-03	9.430E-01	9.998E-02	1.067E+02	0.000E+00	0.000E+00	1.077E+02	1.068E+02	
1.000E-02	8.954E-01	1.024E-01	9.241E+01	0.000E+00	0.000E+00	9.341E+01	9.251E+01	
1.050E-02	8.516E-01	1.047E-01	8.058E+01	0.000E+00	0.000E+00	8.153E+01	8.068E+01	
1.100E-02	8.110E-01	1.068E-01	7.067E+01	0.000E+00	0.000E+00	7.159E+01	7.078E+01	
1.150E-02	7.733E-01	1.088E-01	6.232E+01	0.000E+00	0.000E+00	6.320E+01	6.243E+01	
1.200E-02	7.381E-01	1.108E-01	5.522E+01	0.000E+00	0.000E+00	5.607E+01	5.533E+01	
1.250E-02	7.052E-01	1.126E-01	4.916E+01	0.000E+00	0.000E+00	4.998E+01	4.927E+01	
1.300E-02	6.743E-01	1.144E-01	4.394E+01	0.000E+00	0.000E+00	4.473E+01	4.406E+01	
1.350E-02	6.451E-01	1.160E-01	3.944E+01	0.000E+00	0.000E+00	4.020E+01	3.955E+01	
1.400E-02	6.177E-01	1.176E-01	3.552E+01	0.000E+00	0.000E+00	3.626E+01	3.564E+01	
1.450E-02	5.917E-01	1.192E-01	3.210E+01	0.000E+00	0.000E+00	3.281E+01	3.222E+01	
1.500E-02	5.671E-01	1.206E-01	2.911E+01	0.000E+00	0.000E+00	2.979E+01	2.923E+01	
1.550E-02	5.438E-01	1.220E-01	2.647E+01	0.000E+00	0.000E+00	2.713E+01	2.659E+01	
1.600E-02	5.217E-01	1.234E-01	2.413E+01	0.000E+00	0.000E+00	2.478E+01	2.426E+01	
1.650E-02	5.007E-01	1.247E-01	2.207E+01	0.000E+00	0.000E+00	2.269E+01	2.219E+01	
1.700E-02	4.809E-01	1.259E-01	2.022E+01	0.000E+00	0.000E+00	2.083E+01	2.035E+01	
1.750E-02	4.622E-01	1.271E-01	1.858E+01	0.000E+00	0.000E+00	1.917E+01	1.871E+01	
1.800E-02	4.444E-01	1.282E-01	1.711E+01	0.000E+00	0.000E+00	1.768E+01	1.724E+01	
1.850E-02	4.276E-01	1.293E-01	1.579E+01	0.000E+00	0.000E+00	1.634E+01	1.591E+01	
1.900E-02	4.116E-01	1.303E-01	1.459E+01	0.000E+00	0.000E+00	1.514E+01	1.472E+01	
1.950E-02	3.966E-01	1.313E-01	1.352E+01	0.000E+00	0.000E+00	1.405E+01	1.365E+01	
2.000E-02	3.823E-01	1.322E-01	1.255E+01	0.000E+00	0.000E+00	1.306E+01	1.268E+01	
2.050E-02	3.687E-01	1.331E-01	1.166E+01	0.000E+00	0.000E+00	1.216E+01	1.179E+01	
2.100E-02	3.559E-01	1.340E-01	1.086E+01	0.000E+00	0.000E+00	1.135E+01	1.099E+01	
2.150E-02	3.437E-01	1.348E-01	1.013E+01	0.000E+00	0.000E+00	1.060E+01	1.026E+01	
2.200E-02	3.321E-01	1.356E-01	9.458E+00	0.000E+00	0.000E+00	9.925E+00	9.593E+00	
2.250E-02	3.211E-01	1.363E-01	8.846E+00	0.000E+00	0.000E+00	9.303E+00	8.982E+00	
2.300E-02	3.106E-01	1.370E-01	8.285E+00	0.000E+00	0.000E+00	8.733E+00	8.422E+00	
2.350E-02	3.006E-01	1.377E-01	7.770E+00	0.000E+00	0.000E+00	8.209E+00	7.908E+00	
2.400E-02	2.911E-01	1.383E-01	7.297E+00	0.000E+00	0.000E+00	7.726E+00	7.435E+00	
2.450E-02	2.821E-01	1.389E-01	6.860E+00	0.000E+00	0.000E+00	7.281E+00	6.999E+00	
2.500E-02	2.735E-01	1.395E-01	6.458E+00	0.000E+00	0.000E+00	6.871E+00	6.597E+00	
2.550E-02	2.653E-01	1.400E-01	6.085E+00	0.000E+00	0.000E+00	6.491E+00	6.225E+00	
2.600E-02	2.574E-01	1.405E-01	5.741E+00	0.000E+00	0.000E+00	6.139E+00	5.881E+00	
2.650E-02	2.499E-01	1.410E-01	5.422E+00	0.000E+00	0.000E+00	5.813E+00	5.563E+00	
2.700E-02	2.428E-01	1.415E-01	5.125E+00	0.000E+00	0.000E+00	5.509E+00	5.267E+00	
2.750E-02	2.359E-01	1.420E-01	4.850E+00	0.000E+00	0.000E+00	5.228E+00	4.992E+00	
2.800E-02	2.294E-01	1.424E-01	4.593E+00	0.000E+00	0.000E+00	4.965E+00	4.736E+00	
2.850E-02	2.231E-01	1.428E-01	4.355E+00	0.000E+00	0.000E+00	4.721E+00	4.497E+00	
2.900E-02	2.171E-01	1.432E-01	4.132E+00	0.000E+00	0.000E+00	4.492E+00	4.275E+00	
2.950E-02	2.114E-01	1.435E-01	3.924E+00	0.000E+00	0.000E+00	4.279E+00	4.067E+00	
3.000E-02	2.059E-01	1.439E-01	3.729E+00	0.000E+00	0.000E+00	4.079E+00	3.873E+00	
3.050E-02	2.006E-01	1.442E-01	3.547E+00	0.000E+00	0.000E+00	3.892E+00	3.692E+00	
3.100E-02	1.955E-01	1.445E-01	3.377E+00	0.000E+00	0.000E+00	3.717E+00	3.522E+00	
3.150E-02	1.906E-01	1.448E-01	3.217E+00	0.000E+00	0.000E+00	3.553E+00	3.362E+00	
3.200E-02	1.859E-01	1.451E-01	3.067E+00	0.000E+00	0.000E+00	3.398E+00	3.212E+00	
3.250E-02	1.814E-01	1.454E-01	2.926E+00	0.000E+00	0.000E+00	3.253E+00	3.071E+00	
3.300E-02	1.771E-01	1.456E-01	2.793E+00	0.000E+00	0.000E+00	3.116E+00	2.939E+00	
3.350E-02	1.729E-01	1.459E-01	2.668E+00	0.000E+00	0.000E+00	2.987E+00	2.814E+00	
3.400E-02	1.689E-01	1.461E-01	2.551E+00	0.000E+00	0.000E+00	2.866E+00	2.697E+00	
3.450E-02	1.650E-01	1.463E-01	2.440E+00	0.000E+00	0.000E+00	2.751E+00	2.586E+00	
3.500E-02	1.613E-01	1.465E-01	2.335E+00	0.000E+00	0.000E+00	2.643E+00	2.482E+00	
3.550E-02	1.577E-01	1.467E-01	2.236E+00	0.000E+00	0.000E+00	2.541E+00	2.383E+00	
3.600E-02	1.542E-01	1.469E-01	2.143E+00	0.000E+00	0.000E+00	2.444E+00	2.290E+00	
3.650E-02	1.508E-01	1.471E-01	2.055E+00	0.000E+00	0.000E+00	2.352E+00	2.202E+00	
3.700E-02	1.476E-01	1.473E-01	1.971E+00	0.000E+00	0.000E+00	2.266E+00	2.118E+00	
3.750E-02	1.445E-01	1.474E-01	1.892E+00	0.000E+00	0.000E+00	2.183E+00	2.039E+00	
3.800E-02	1.414E-01	1.476E-01	1.816E+00	0.000E+00	0.000E+00	2.105E+00	1.964E+00	
3.850E-02	1.385E-01	1.477E-01	1.745E+00	0.000E+00	0.000E+00	2.031E+00	1.893E+00	
3.900E-02	1.356E-01	1.478E-01	1.678E+00	0.000E+00	0.000E+00	1.961E+00	1.825E+00	
3.950E-02	1.329E-01	1.479E-01	1.613E+00	0.000E+00	0.000E+00	1.894E+00	1.761E+00	
4.000E-02	1.302E-01	1.481E-01	1.552E+00	0.000E+00	0.000E+00	1.830E+00	1.700E+00	
4.050E-02	1.276E-01	1.482E-01	1.494E+00	0.000E+00	0.000E+00	1.770E+00	1.642E+00	
4.100E-02	1.251E-01	1.483E-01	1.439E+00	0.000E+00	0.000E+00	1.712E+00	1.587E+00	
4.150E-02	1.227E-01	1.483E-01	1.386E+00	0.000E+00	0.000E+00	1.657E+00	1.535E+00	
4.200E-02	1.203E-01	1.484E-01	1.336E+00	0.000E+00	0.000E+00	1.605E+00	1.485E+00	
4.250E-02	1.180E-01	1.485E-01	1.288E+00	0.000E+00	0.000E+00	1.555E+00	1.437E+00	
4.300E-02	1.158E-01	1.486E-01	1.243E+00	0.000E+00	0.000E+00	1.507E+00	1.391E+00	
4.350E-02	1.137E-01	1.487E-01	1.199E+00	0.000E+00	0.000E+00	1.462E+00	1.348E+00	
4.400E-02	1.116E-01	1.487E-01	1.158E+00	0.000E+00	0.000E+00	1.418E+00	1.306E+00	
4.450E-02	1.095E-01	1.488E-01	1.118E+00	0.000E+00	0.000E+00	1.376E+00	1.267E+00	
4.500E-02	1.075E-01	1.488E-01	1.080E+00	0.000E+00	0.000E+00	1.337E+00	1.229E+00	
4.550E-02	1.056E-01	1.489E-01	1.044E+00	0.000E+00	0.000E+00	1.299E+00	1.193E+00	
4.600E-02	1.037E-01	1.489E-01	1.009E+00	0.000E+00	0.000E+00	1.262E+00	1.158E+00	
4.650E-02	1.019E-01	1.490E-01	9.763E-01	0.000E+00	0.000E+00	1.227E+00	1.125E+00	
4.700E-02	1.001E-01	1.490E-01	9.445E-01	0.000E+00	0.000E+00	1.194E+00	1.094E+00	
4.750E-02	9.840E-02	1.490E-01	9.141E-01	0.000E+00	0.000E+00	1.162E+00	1.063E+00	
4.800E-02	9.672E-02	1.490E-01	8.850E-01	0.000E+00	0.000E+00	1.131E+00	1.034E+00	
4.850E-02	9.508E-02	1.491E-01	8.571E-01	0.000E+00	0.000E+00	1.101E+00	1.006E+00	
4.900E-02	9.348E-02	1.491E-01	8.303E-01	0.000E+00	0.000E+00	1.073E+00	9.794E-01	
4.950E-02	9.192E-02	1.491E-01	8.047E-01	0.000E+00	0.000E+00	1.046E+00	9.537E-01	
5.000E-02	9.040E-02	1.491E-01	7.800E-01	0.000E+00	0.000E+00	1.019E+00	9.291E-01	
5.050E-02	8.891E-02	1.491E-01	7.563E-01	0.000E+00	0.000E+00	9.943E-01	9.054E-01	
5.100E-02	8.747E-02	1.491E-01	7.336E-01	0.000E+00	0.000E+00	9.702E-01	8.827E-01	
5.150E-02	8.606E-02	1.491E-01	7.118E-01	0.000E+00	0.000E+00	9.469E-01	8.609E-01	
5.200E-02	8.468E-02	1.491E-01	6.908E-01	0.000E+00	0.000E+00	9.245E-01	8.398E-01	
5.250E-02	8.333E-02	1.491E-01	6.706E-01	0.000E+00	0.000E+00	9.030E-01	8.196E-01	
5.300E-02	8.202E-02	1.491E-01	6.511E-01	0.000E+00	0.000E+00	8.822E-01	8.002E-01	
5.350E-02	8.074E-02	1.490E-01	6.325E-01	0.000E+00	0.000E+00	8.622E-01	7.815E-01	
5.400E-02	7.949E-02	1.490E-01	6.145E-01	0.000E+00	0.000E+00	8.430E-01	7.635E-01	
5.450E-02	7.826E-02	1.490E-01	5.971E-01	0.000E+00	0.000E+00	8.244E-01	7.461E-01	
5.500E-02	7.707E-02	1.490E-01	5.804E-01	0.000E+00	0.000E+00	8.065E-01	7.294E-01	
5.550E-02	7.590E-02	1.490E-01	5.644E-01	0.000E+00	0.000E+00	7.892E-01	7.133E-01	
5.600E-02	7.476E-02	1.489E-01	5.488E-01	0.000E+00	0.000E+00	7.725E-01	6.978E-01	
5.650E-02	7.364E-02	1.489E-01	5.339E-01	0.000E+00	0.000E+00	7.564E-01	6.828E-01	
5.700E-02	7.255E-02	1.489E-01	5.195E-01	0.000E+00	0.000E+00	7.409E-01	6.683E-01	
5.750E-02	7.148E-02	1.488E-01	5.055E-01	0.000E+00	0.000E+00	7.258E-01	6.544E-01	
5.800E-02	7.044E-02	1.488E-01	4.921E-01	0.000E+00	0.000E+00	7.113E-01	6.409E-01	
5.850E-02	6.941E-02	1.487E-01	4.791E-01	0.000E+00	0.000E+00	6.973E-01	6.279E-01	
5.900E-02	6.841E-02	1.487E-01	4.666E-01	0.000E+00	0.000E+00	6.837E-01	6.153E-01	
5.950E-02	6.743E-02	1.486E-01	4.545E-01	0.000E+00	0.000E+00	6.706E-01	6.032E-01	
6.000E-02	6.648E-02	1.486E-01	4.428E-01	0.000E+00	0.000E+00	6.579E-01	5.914E-01	
6.050E-02	6.554E-02	1.485E-01	4.315E-01	0.000E+00	0.000E+00	6.456E-01	5.801E-01	
6.100E-02	6.462E-02	1.485E-01	4.206E-01	0.000E+00	0.000E+00	6.337E-01	5.691E-01	
6.150E-02	6.372E-02	1.484E-01	4.100E-01	0.000E+00	0.000E+00	6.222E-01	5.584E-01	
6.200E-02	6.283E-02	1.484E-01	3.998E-01	0.000E+00	0.000E+00	6.110E-01	5.482E-01	
6.250E-02	6.197E-02	1.483E-01	3.899E-01	0.000E+00	0.000E+00	6.002E-01	5.382E-01	
6.300E-02	6.112E-02	1.483E-01	3.803E-01	0.000E+00	0.000E+00	5.897E-01	5.286E-01	
6.350E-02	6.029E-02	1.482E-01	3.710E-01	0.000E+00	0.000E+00	5.795E-01	5.192E-01	
6.400E-02	5.948E-02	1.481E-01	3.621E-01	0.000E+00	0.000E+00	5.697E-01	5.102E-01	
6.450E-02	5.868E-02	1.481E-01	3.534E-01	0.000E+00	0.000E+00	5.601E-01	5.014E-01	
6.500E-02	5.790E-02	1.480E-01	3.450E-01	0.000E+00	0.000E+00	5.509E-01	4.930E-01	
6.550E-02	5.713E-02	1.479E-01	3.368E-01	0.000E+00	0.000E+00	5.419E-01	4.847E-01	
6.600E-02	5.638E-02	1.479E-01	3.289E-01	0.000E+00	0.000E+00	5.331E-01	4.767E-01	
6.650E-02	5.565E-02	1.478E-01	3.212E-01	0.000E+00	0.000E+00	5.246E-01	4.690E-01	
6.700E-02	5.492E-02	1.477E-01	3.138E-01	0.000E+00	0.000E+00	5.164E-01	4.615E-01	
6.750E-02	5.421E-02	1.476E-01	3.066E-01	0.000E+00	0.000E+00	5.084E-01	4.542E-01	
6.800E-02	5.352E-02	1.476E-01	2.996E-01	0.000E+00	0.000E+00	5.006E-01	4.471E-01	
6.850E-02	5.284E-02	1.475E-01	2.928E-01	0.000E+00	0.000E+00	4.931E-01	4.403E-01	
6.900E-02	5.217E-02	1.474E-01	2.862E-01	0.000E+00	0.000E+00	4.858E-01	4.336E-01	
6.950E-02	5.151E-02	1.473E-01	2.798E-01	0.000E+00	0.000E+00	4.786E-01	4.271E-01	
7.000E-02	5.086E-02	1.472E-01	2.736E-01	0.000E+00	0.000E+00	4.717E-01	4.208E-01	
7.050E-02	5.023E-02	1.472E-01	2.676E-01	0.000E+00	0.000E+00	4.649E-01	4.147E-01	
7.100E-02	4.961E-02	1.471E-01	2.617E-01	0.000E+00	0.000E+00	4.584E-01	4.088E-01	
7.150E-02	4.900E-02	1.470E-01	2.560E-01	0.000E+00	0.000E+00	4.520E-01	4.030E-01	
7.200E-02	4.840E-02	1.469E-01	2.505E-01	0.000E+00	0.000E+00	4.458E-01	3.974E-01	
7.250E-02	4.781E-02	1.468E-01	2.451E-01	0.000E+00	0.000E+00	4.397E-01	3.919E-01	
7.300E-02	4.723E-02	1.467E-01	2.399E-01	0.000E+00	0.000E+00	4.339E-01	3.866E-01	
7.350E-02	4.667E-02	1.466E-01	2.348E-01	0.000E+00	0.000E+00	4.281E-01	3.815E-01	
7.400E-02	4.611E-02	1.466E-01	2.299E-01	0.000E+00	0.000E+00	4.225E-01	3.764E-01	
7.450E-02	4.556E-02	1.465E-01	2.251E-01	0.000E+00	0.000E+00	4.171E-01	3.715E-01	
7.500E-02	4.502E-02	1.464E-01	2.204E-01	0.000E+00	0.000E+00	4.118E-01	3.668E-01	
7.550E-02	4.449E-02	1.463E-01	2.159E-01	0.000E+00	0.000E+00	4.066E-01	3.621E-01	
7.600E-02	4.397E-02	1.462E-01	2.114E-01	0.000E+00	0.000E+00	4.016E-01	3.576E-01	
7.650E-02	4.346E-02	1.461E-01	2.071E-01	0.000E+00	0.000E+00	3.967E-01	3.532E-01	
7.700E-02	4.296E-02	1.460E-01	2.029E-01	0.000E+00	0.000E+00	3.919E-01	3.489E-01	
7.750E-02	4.247E-02	1.459E-01	1.989E-01	0.000E+00	0.000E+00	3.872E-01	3.448E-01	
7.800E-02	4.198E-02	1.458E-01	1.949E-01	0.000E+00	0.000E+00	3.827E-01	3.407E-01	
7.850E-02	4.150E-02	1.457E-01	1.910E-01	0.000E+00	0.000E+00	3.782E-01	3.367E-01	
7.900E-02	4.103E-02	1.456E-01	1.873E-01	0.000E+00	0.000E+00	3.739E-01	3.329E-01	
7.950E-02	4.057E-02	1.455E-01	1.836E-01	0.000E+00	0.000E+00	3.697E-01	3.291E-01	
8.000E-02	4.012E-02	1.454E-01	1.800E-01	0.000E+00	0.000E+00	3.655E-01	3.254E-01	
8.050E-02	3.967E-02	1.453E-01	1.765E-01	0.000E+00	0.000E+00	3.615E-01	3.218E-01	
8.100E-02	3.923E-02	1.452E-01	1.731E-01	0.000E+00	0.000E+00	3.576E-01	3.183E-01	
8.150E-02	3.880E-02	1.451E-01	1.698E-01	0.000E+00	0.000E+00	3.537E-01	3.149E-01	
8.200E-02	3.838E-02	1.450E-01	1.666E-01	0.000E+00	0.000E+00	3.500E-01	3.116E-01	
8.250E-02	3.796E-02	1.449E-01	1.634E-01	0.000E+00	0.000E+00	3.463E-01	3.083E-01	
8.300E-02	3.755E-02	1.448E-01	1.604E-01	0.000E+00	0.000E+00	3.427E-01	3.052E-01	
8.350E-02	3.714E-02	1.447E-01	1.574E-01	0.000E+00	0.000E+00	3.392E-01	3.021E-01	
8.400E-02	3.675E-02	1.446E-01	1.545E-01	0.000E+00	0.000E+00	3.358E-01	2.990E-01	
8.450E-02	3.635E-02	1.445E-01	1.516E-01	0.000E+00	0.000E+00	3.324E-01	2.961E-01	
8.500E-02	3.597E-02	1.444E-01	1.488E-01	0.000E+00	0.000E+00	3.292E-01	2.932E-01	
8.550E-02	3.559E-02	1.443E-01	1.461E-01	0.000E+00	0.000E+00	3.260E-01	2.904E-01	
8.600E-02	3.521E-02	1.442E-01	1.435E-01	0.000E+00	0.000E+00	3.228E-01	2.876E-01	
8.650E-02	3.485E-02	1.441E-01	1.409E-01	0.000E+00	0.000E+00	3.198E-01	2.849E-01	
8.700E-02	3.448E-02	1.440E-01	1.383E-01	0.000E+00	0.000E+00	3.168E-01	2.823E-01	
8.750E-02	3.413E-02	1.438E-01	1.359E-01	0.000E+00	0.000E+00	3.138E-01	2.797E-01	
8.800E-02	3.377E-02	1.437E-01	1.335E-01	0.000E+00	0.000E+00	3.110E-01	2.772E-01	
8.850E-02	3.343E-02	1.436E-01	1.311E-01	0.000E+00	0.000E+00	3.082E-01	2.747E-01	
8.900E-02	3.309E-02	1.435E-01	1.288E-01	0.000E+00	0.000E+00	3.054E-01	2.723E-01	
8.950E-02	3.275E-02	1.434E-01	1.266E-01	0.000E+00	0.000E+00	3.027E-01	2.700E-01	
9.000E-02	3.242E-02	1.433E-01	1.244E-01	0.000E+00	0.000E+00	3.001E-01	2.677E-01	
9.050E-02	3.210E-02	1.432E-01	1.222E-01	0.000E+00	0.000E+00	2.975E-01	2.654E-01	
9.100E-02	3.178E-02	1.431E-01	1.201E-01	0.000E+00	0.000E+00	2.950E-01	2.632E-01	
9.150E-02	3.146E-02	1.430E-01	1.181E-01	0.000E+00	0.000E+00	2.925E-01	2.610E-01	
9.200E-02	3.115E-02	1.429E-01	1.161E-01	0.000E+00	0.000E+00	2.901E-01	2.589E-01	
9.250E-02	3.084E-02	1.428E-01	1.141E-01	0.000E+00	0.000E+00	2.877E-01	2.569E-01	
9.300E-02	3.054E-02	1.426E-01	1.122E-01	0.000E+00	0.000E+00	2.854E-01	2.548E-01	
9.350E-02	3.024E-02	1.425E-01	1.103E-01	0.000E+00	0.000E+00	2.831E-01	2.529E-01	
9.400E-02	2.995E-02	1.424E-01	1.085E-01	0.000E+00	0.000E+00	2.809E-01	2.509E-01	
9.450E-02	2.966E-02	1.423E-01	1.067E-01	0.000E+00	0.000E+00	2.787E-01	2.490E-01	
9.500E-02	2.937E-02	1.422E-01	1.049E-01	0.000E+00	0.000E+00	2.765E-01	2.471E-01	
9.550E-02	2.909E-02	1.421E-01	1.032E-01	0.000E+00	0.000E+00	2.744E-01	2.453E-01	
9.600E-02	2.881E-02	1.420E-01	1.015E-01	0.000E+00	0.000E+00	2.723E-01	2.435E-01	
9.650E-02	2.854E-02	1.419E-01	9.990E-02	0.000E+00	0.000E+00	2.703E-01	2.418E-01	
9.700E-02	2.827E-02	1.417E-01	9.829E-02	0.000E+00	0.000E+00	2.683E-01	2.400E-01	
9.750E-02	2.801E-02	1.416E-01	9.671E-02	0.000E+00	0.000E+00	2.664E-01	2.383E-01	
9.800E-02	2.774E-02	1.415E-01	9.517E-02	0.000E+00	0.000E+00	2.644E-01	2.367E-01	
9.850E-02	2.749E-02	1.414E-01	9.366E-02	0.000E+00	0.000E+00	2.626E-01	2.351E-01	
9.900E-02	2.723E-02	1.413E-01	9.218E-02	0.000E+00	0.000E+00	2.607E-01	2.335E-01	
9.950E-02	2.698E-02	1.412E-01	9.073E-02	0.000E+00	0.000E+00	2.589E-01	2.319E-01	
1.000E-01	2.673E-02	1.411E-01	8.931E-02	0.000E+00	0.000E+00	2.571E-01	2.304E-01	
1.005E-01	2.649E-02	1.410E-01	8.793E-02	0.000E+00	0.000E+00	2.554E-01	2.289E-01	
1.010E-01	2.625E-02	1.408E-01	8.656E-02	0.000E+00	0.000E+00	2.536E-01	2.274E-01	
1.015E-01	2.601E-02	1.407E-01	8.523E-02	0.000E+00	0.000E+00	2.520E-01	2.260E-01	
1.020E-01	2.577E-02	1.406E-01	8.392E-02	0.000E+00	0.000E+00	2.503E-01	2.245E-01	
1.025E-01	2.554E-02	1.405E-01	8.264E-02	0.000E+00	0.000E+00	2.487E-01	2.231E-01	
1.030E-01	2.531E-02	1.404E-01	8.139E-02	0.000E+00	0.000E+00	2.471E-01	2.218E-01	
1.035E-01	2.509E-02	1.403E-01	8.016E-02	0.000E+00	0.000E+00	2.455E-01	2.204E-01	
1.040E-01	2.487E-02	1.401E-01	7.895E-02	0.000E+00	0.000E+00	2.440E-01	2.191E-01	
1.045E-01	2.465E-02	1.400E-01	7.777E-02	0.000E+00	0.000E+00	2.425E-01	2.178E-01	
1.050E-01	2.443E-02	1.399E-01	7.661E-02	0.000E+00	0.000E+00	2.410E-01	2.165E-01	
1.055E-01	2.422E-02	1.398E-01	7.548E-02	0.000E+00	0.000E+00	2.395E-01	2.153E-01	
1.060E-01	2.401E-02	1.397E-01	7.436E-02	0.000E+00	0.000E+00	2.381E-01	2.141E-01	
1.065E-01	2.380E-02	1.396E-01	7.327E-02	0.000E+00	0.000E+00	2.366E-01	2.128E-01	
1.070E-01	2.359E-02	1.395E-01	7.220E-02	0.000E+00	0.000E+00	2.353E-01	2.117E-01	
1.075E-01	2.339E-02	1.393E-01	7.115E-02	0.000E+00	0.000E+00	2.339E-01	2.105E-01	
1.080E-01	2.319E-02	1.392E-01	7.012E-02	0.000E+00	0.000E+00	2.325E-01	2.093E-01	
1.085E-01	2.299E-02	1.391E-01	6.911E-02	0.000E+00	0.000E+00	2.312E-01	2.082E-01	
1.090E-01	2.280E-02	1.390E-01	6.812E-02	0.000E+00	0.000E+00	2.299E-01	2.071E-01	
1.095E-01	2.260E-02	1.389E-01	6.714E-02	0.000E+00	0.000E+00	2.286E-01	2.060E-01	
1.100E-01	2.241E-02	1.388E-01	6.619E-02	0.000E+00	0.000E+00	2.274E-01	2.050E-01	
1.105E-01	2.223E-02	1.387E-01	6.525E-02	0.000E+00	0.000E+00	2.261E-01	2.039E-01	
1.110E-01	2.204E-02	1.385E-01	6.433E-02	0.000E+00	0.000E+00	2.249E-01	2.029E-01	
1.115E-01	2.186E-02	1.384E-01	6.343E-02	0.000E+00	0.000E+00	2.237E-01	2.019E-01	
1.120E-01	2.168E-02	1.383E-01	6.254E-02	0.000E+00	0.000E+00	2.225E-01	2.009E-01	
1.125E-01	2.150E-02	1.382E-01	6.167E-02	0.000E+00	0.000E+00	2.214E-01	1.999E-01	
1.130E-01	2.132E-02	1.381E-01	6.082E-02	0.000E+00	0.000E+00	2.202E-01	1.989E-01	
1.135E-01	2.115E-02	1.380E-01	5.998E-02	0.000E+00	0.000E+00	2.191E-01	1.979E-01	
1.140E-01	2.097E-02	1.379E-01	5.916E-02	0.000E+00	0.000E+00	2.180E-01	1.970E-01	
1.145E-01	2.080E-02	1.377E-01	5.835E-02	0.000E+00	0.000E+00	2.169E-01	1.961E-01	
1.150E-01	2.064E-02	1.376E-01	5.756E-02	0.000E+00	0.000E+00	2.158E-01	1.952E-01	
1.155E-01	2.047E-02	1.375E-01	5.678E-02	0.000E+00	0.000E+00	2.148E-01	1.943E-01	
1.160E-01	2.031E-02	1.374E-01	5.601E-02	0.000E+00	0.000E+00	2.137E-01	1.934E-01	
1.165E-01	2.014E-02	1.373E-01	5.526E-02	0.000E+00	0.000E+00	2.127E-01	1.925E-01	
1.170E-01	1.998E-02	1.372E-01	5.452E-02	0.000E+00	0.000E+00	2.117E-01	1.917E-01	
1.175E-01	1.982E-02	1.370E-01	5.379E-02	0.000E+00	0.000E+00	2.107E-01	1.908E-01	
1.180E-01	1.967E-02	1.369E-01	5.308E-02	0.000E+00	0.000E+00	2.097E-01	1.900E-01	
1.185E-01	1.951E-02	1.368E-01	5.238E-02	0.000E+00	0.000E+00	2.087E-01	1.892E-01	
1.190E-01	1.936E-02	1.367E-01	5.169E-02	0.000E+00	0.000E+00	2.078E-01	1.884E-01	
1.195E-01	1.921E-02	1.366E-01	5.101E-02	0.000E+00	0.000E+00	2.068E-01	1.876E-01	
1.200E-01	1.906E-02	1.365E-01	5.035E-02	0.000E+00	0.000E+00	2.059E-01	1.868E-01	
1.205E-01	1.891E-02	1.364E-01	4.969E-02	0.000E+00	0.000E+00	2.050E-01	1.861E-01	
1.210E-01	1.877E-02	1.362E-01	4.905E-02	0.000E+00	0.000E+00	2.041E-01	1.853E-01	
1.215E-01	1.862E-02	1.361E-01	4.842E-02	0.000E+00	0.000E+00	2.032E-01	1.846E-01	
1.220E-01	1.848E-02	1.360E-01	4.780E-02	0.000E+00	0.000E+00	2.023E-01	1.838E-01	
1.225E-01	1.834E-02	1.359E-01	4.719E-02	0.000E+00	0.000E+00	2.014E-01	1.831E-01	
1.230E-01	1.820E-02	1.358E-01	4.659E-02	0.000E+00	0.000E+00	2.006E-01	1.824E-01	
1.235E-01	1.806E-02	1.357E-01	4.600E-02	0.000E+00	0.000E+00	1.997E-01	1.817E-01	
1.240E-01	1.793E-02	1.356E-01	4.542E-02	0.000E+00	0.000E+00	1.989E-01	1.810E-01	
1.245E-01	1.779E-02	1.354E-01	4.485E-02	0.000E+00	0.000E+00	1.981E-01	1.803E-01	
1.250E-01	1.766E-02	1.353E-01	4.429E-02	0.000E+00	0.000E+00	1.973E-01	1.796E-01	
1.255E-01	1.753E-02	1.352E-01	4.374E-02	0.000E+00	0.000E+00	1.965E-01	1.790E-01	
1.260E-01	1.740E-02	1.351E-01	4.319E-02	0.000E+00	0.000E+00	1.957E-01	1.783E-01	
1.265E-01	1.727E-02	1.350E-01	4.266E-02	0.000E+00	0.000E+00	1.949E-01	1.777E-01	
1.270E-01	1.714E-02	1.349E-01	4.213E-02	0.000E+00	0.000E+00	1.942E-01	1.770E-01	
1.275E-01	1.702E-02	1.348E-01	4.162E-02	0.000E+00	0.000E+00	1.934E-01	1.764E-01	
1.280E-01	1.689E-02	1.347E-01	4.111E-02	0.000E+00	0.000E+00	1.927E-01	1.758E-01	
1.285E-01	1.677E-02	1.345E-01	4.061E-02	0.000E+00	0.000E+00	1.919E-01	1.752E-01	
1.290E-01	1.665E-02	1.344E-01	4.012E-02	0.000E+00	0.000E+00	1.912E-01	1.745E-01	
1.295E-01	1.653E-02	1.343E-01	3.963E-02	0.000E+00	0.000E+00	1.905E-01	1.740E-01	
1.300E-01	1.641E-02	1.342E-01	3.916E-02	0.000E+00	0.000E+00	1.898E-01	1.734E-01	
1.305E-01	1.629E-02	1.341E-01	3.869E-02	0.000E+00	0.000E+00	1.891E-01	1.728E-01	
1.310E-01	1.617E-02	1.340E-01	3.823E-02	0.000E+00	0.000E+00	1.884E-01	1.722E-01	
1.315E-01	1.606E-02	1.339E-01	3.777E-02	0.000E+00	0.000E+00	1.877E-01	1.716E-01	
1.320E-01	1.594E-02	1.338E-01	3.732E-02	0.000E+00	0.000E+00	1.870E-01	1.711E-01	
1.325E-01	1.583E-02	1.336E-01	3.688E-02	0.000E+00	0.000E+00	1.864E-01	1.705E-01	
1.330E-01	1.572E-02	1.335E-01	3.645E-02	0.000E+00	0.000E+00	1.857E-01	1.700E-01	
1.335E-01	1.561E-02	1.334E-01	3.602E-02	0.000E+00	0.000E+00	1.851E-01	1.695E-01	
1.340E-01	1.550E-02	1.333E-01	3.560E-02	0.000E+00	0.000E+00	1.844E-01	1.689E-01	
1.345E-01	1.539E-02	1.332E-01	3.519E-02	0.000E+00	0.000E+00	1.838E-01	1.684E-01	
1.350E-01	1.528E-02	1.331E-01	3.478E-02	0.000E+00	0.000E+00	1.832E-01	1.679E-01	
1.355E-01	1.518E-02	1.330E-01	3.438E-02	0.000E+00	0.000E+00	1.825E-01	1.674E-01	
1.360E-01	1.507E-02	1.329E-01	3.399E-02	0.000E+00	0.000E+00	1.819E-01	1.669E-01	
1.365E-01	1.497E-02	1.328E-01	3.360E-02	0.000E+00	0.000E+00	1.813E-01	1.664E-01	
1.370E-01	1.486E-02	1.327E-01	3.321E-02	0.000E+00	0.000E+00	1.807E-01	1.659E-01	
1.375E-01	1.476E-02	1.325E-01	3.284E-02	0.000E+00	0.000E+00	1.801E-01	1.654E-01	
1.380E-01	1.466E-02	1.324E-01	3.247E-02	0.000E+00	0.000E+00	1.796E-01	1.649E-01	
1.385E-01	1.456E-02	1.323E-01	3.210E-02	0.000E+00	0.000E+00	1.790E-01	1.644E-01	
1.390E-01	1.446E-02	1.322E-01	3.174E-02	0.000E+00	0.000E+00	1.784E-01	1.640E-01	
1.395E-01	1.437E-02	1.321E-01	3.138E-02	0.000E+00	0.000E+00	1.779E-01	1.635E-01	
1.400E-01	1.427E-02	1.320E-01	3.103E-02	0.000E+00	0.000E+00	1.773E-01	1.630E-01	
1.405E-01	1.417E-02	1.319E-01	3.069E-02	0.000E+00	0.000E+00	1.767E-01	1.626E-01	
1.410E-01	1.408E-02	1.318E-01	3.035E-02	0.000E+00	0.000E+00	1.762E-01	1.621E-01	
1.415E-01	1.398E-02	1.317E-01	3.001E-02	0.000E+00	0.000E+00	1.757E-01	1.617E-01	
1.420E-01	1.389E-02	1.316E-01	2.968E-02	0.000E+00	0.000E+00	1.751E-01	1.612E-01	
1.425E-01	1.380E-02	1.314E-01	2.936E-02	0.000E+00	0.000E+00	1.746E-01	1.608E-01	
1.430E-01	1.371E-02	1.313E-01	2.904E-02	0.000E+00	0.000E+00	1.741E-01	1.604E-01	
1.435E-01	1.362E-02	1.312E-01	2.872E-02	0.000E+00	0.000E+00	1.736E-01	1.600E-01	
1.440E-01	1.353E-02	1.311E-01	2.841E-02	0.000E+00	0.000E+00	1.731E-01	1.595E-01	
1.445E-01	1.344E-02	1.310E-01	2.810E-02	0.000E+00	0.000E+00	1.726E-01	1.591E-01	
1.450E-01	1.335E-02	1.309E-01	2.780E-02	0.000E+00	0.000E+00	1.721E-01	1.587E-01	
1.455E-01	1.327E-02	1.308E-01	2.750E-02	0.000E+00	0.000E+00	1.716E-01	1.583E-01	
1.460E-01	1.318E-02	1.307E-01	2.721E-02	0.000E+00	0.000E+00	1.711E-01	1.579E-01	
1.465E-01	1.310E-02	1.306E-01	2.692E-02	0.000E+00	0.000E+00	1.706E-01	1.575E-01	
1.470E-01	1.301E-02	1.305E-01	2.664E-02	0.000E+00	0.000E+00	1.701E-01	1.571E-01	
1.475E-01	1.293E-02	1.304E-01	2.635E-02	0.000E+00	0.000E+00	1.697E-01	1.567E-01	
1.480E-01	1.285E-02	1.303E-01	2.608E-02	0.000E+00	0.000E+00	1.692E-01	1.563E-01	
1.485E-01	1.276E-02	1.302E-01	2.580E-02	0.000E+00	0.000E+00	1.687E-01	1.560E-01	
1.490E-01	1.268E-02	1.301E-01	2.553E-02	0.000E+00	0.000E+00	1.683E-01	1.556E-01	
1.495E-01	1.260E-02	1.299E-01	2.527E-02	0.000E+00	0.000E+00	1.678E-01	1.552E-01	
1.500E-01	1.252E-02	1.298E-01	2.500E-02	0.000E+00	0.000E+00	1.674E-01	1.548E-01	
1.505E-01	1.244E-02	1.297E-01	2.474E-02	0.000E+00	0.000E+00	1.669E-01	1.545E-01	
1.510E-01	1.237E-02	1.296E-01	2.449E-02	0.000E+00	0.000E+00	1.665E-01	1.541E-01	
1.515E-01	1.229E-02	1.295E-01	2.424E-02	0.000E+00	0.000E+00	1.660E-01	1.538E-01	
1.520E-01	1.221E-02	1.294E-01	2.399E-02	0.000E+00	0.000E+00	1.656E-01	1.534E-01	
1.525E-01	1.214E-02	1.293E-01	2.374E-02	0.000E+00	0.000E+00	1.652E-01	1.531E-01	
1.530E-01	1.206E-02	1.292E-01	2.350E-02	0.000E+00	0.000E+00	1.648E-01	1.527E-01	
1.535E-01	1.199E-02	1.291E-01	2.326E-02	0.000E+00	0.000E+00	1.644E-01	1.524E-01	
1.540E-01	1.191E-02	1.290E-01	2.303E-02	0.000E+00	0.000E+00	1.639E-01	1.520E-01	
1.545E-01	1.184E-02	1.289E-01	2.280E-02	0.000E+00	0.000E+00	1.635E-01	1.517E-01	
1.550E-01	1.177E-02	1.288E-01	2.257E-02	0.000E+00	0.000E+00	1.631E-01	1.514E-01	
1.555E-01	1.170E-02	1.287E-01	2.234E-02	0.000E+00	0.000E+00	1.627E-01	1.510E-01	
1.560E-01	1.162E-02	1.286E-01	2.212E-02	0.000E+00	0.000E+00	1.623E-01	1.507E-01	
1.565E-01	1.155E-02	1.285E-01	2.190E-02	0.000E+00	0.000E+00	1.619E-01	1.504E-01	
1.570E-01	1.148E-02	1.284E-01	2.168E-02	0.000E+00	0.000E+00	1.615E-01	1.501E-01	
1.575E-01	1.142E-02	1.283E-01	2.147E-02	0.000E+00	0.000E+00	1.612E-01	1.497E-01	
1.580E-01	1.135E-02	1.282E-01	2.125E-02	0.000E+00	0.000E+00	1.608E-01	1.494E-01	
1.585E-01	1.128E-02	1.281E-01	2.105E-02	0.000E+00	0.000E+00	1.604E-01	1.491E-01	
1.590E-01	1.121E-02	1.280E-01	2.084E-02	0.000E+00	0.000E+00	1.600E-01	1.488E-01	
1.595E-01	1.114E-02	1.279E-01	2.064E-02	0.000E+00	0.000E+00	1.596E-01	1.485E-01	
1.600E-01	1.108E-02	1.278E-01	2.044E-02	0.000E+00	0.000E+00	1.593E-01	1.482E-01	
1.605E-01	1.101E-02	1.277E-01	2.024E-02	0.000E+00	0.000E+00	1.589E-01	1.479E-01	
1.610E-01	1.095E-02	1.275E-01	2.004E-02	0.000E+00	0.000E+00	1.585E-01	1.476E-01	
1.615E-01	1.088E-02	1.274E-01	1.985E-02	0.000E+00	0.000E+00	1.582E-01	1.473E-01	
1.620E-01	1.082E-02	1.273E-01	1.966E-02	0.000E+00	0.000E+00	1.578E-01	1.470E-01	
1.625E-01	1.076E-02	1.272E-01	1.947E-02	0.000E+00	0.000E+00	1.575E-01	1.467E-01	
1.630E-01	1.069E-02	1.271E-01	1.929E-02	0.000E+00	0.000E+00	1.571E-01	1.464E-01	
1.635E-01	1.063E-02	1.270E-01	1.910E-02	0.000E+00	0.000E+00	1.568E-01	1.461E-01	
1.640E-01	1.057E-02	1.269E-01	1.892E-02	0.000E+00	0.000E+00	1.564E-01	1.459E-01	
1.645E-01	1.051E-02	1.268E-01	1.874E-02	0.000E+00	0.000E+00	1.561E-01	1.456E-01	
1.650E-01	1.045E-02	1.267E-01	1.857E-02	0.000E+00	0.000E+00	1.558E-01	1.453E-01	
1.655E-01	1.039E-02	1.266E-01	1.839E-02	0.000E+00	0.000E+00	1.554E-01	1.450E-01	
1.660E-01	1.033E-02	1.265E-01	1.822E-02	0.000E+00	0.000E+00	1.551E-01	1.448E-01	
1.665E-01	1.027E-02	1.264E-01	1.805E-02	0.000E+00	0.000E+00	1.548E-01	1.445E-01	
1.670E-01	1.021E-02	1.263E-01	1.788E-02	0.000E+00	0.000E+00	1.544E-01	1.442E-01	
1.675E-01	1.015E-02	1.262E-01	1.772E-02	0.000E+00	0.000E+00	1.541E-01	1.440E-01	
1.680E-01	1.010E-02	1.261E-01	1.755E-02	0.000E+00	0.000E+00	1.538E-01	1.437E-01	
1.685E-01	1.004E-02	1.260E-01	1.739E-02	0.000E+00	0.000E+00	1.535E-01	1.434E-01	
1.690E-01	9.981E-03	1.259E-01	1.723E-02	0.000E+00	0.000E+00	1.531E-01	1.432E-01	
1.695E-01	9.925E-03	1.258E-01	1.707E-02	0.000E+00	0.000E+00	1.528E-01	1.429E-01	
1.700E-01	9.870E-03	1.257E-01	1.692E-02	0.000E+00	0.000E+00	1.525E-01	1.427E-01	
1.705E-01	9.814E-03	1.256E-01	1.676E-02	0.000E+00	0.000E+00	1.522E-01	1.424E-01	
1.710E-01	9.760E-03	1.255E-01	1.661E-02	0.000E+00	0.000E+00	1.519E-01	1.422E-01	
1.715E-01	9.705E-03	1.254E-01	1.646E-02	0.000E+00	0.000E+00	1.516E-01	1.419E-01	
1.720E-01	9.652E-03	1.253E-01	1.631E-02	0.000E+00	0.000E+00	1.513E-01	1.417E-01	
1.725E-01	9.598E-03	1.252E-01	1.617E-02	0.000E+00	0.000E+00	1.510E-01	1.414E-01	
1.730E-01	9.545E-03	1.251E-01	1.602E-02	0.000E+00	0.000E+00	1.507E-01	1.412E-01	
1.735E-01	9.493E-03	1.251E-01	1.588E-02	0.000E+00	0.000E+00	1.504E-01	1.409E-01	
1.740E-01	9.441E-03	1.250E-01	1.574E-02	0.000E+00	0.000E+00	1.501E-01	1.407E-01	
1.745E-01	9.389E-03	1.249E-01	1.560E-02	0.000E+00	0.000E+00	1.498E-01	1.405E-01	
1.750E-01	9.338E-03	1.248E-01	1.546E-02	0.000E+00	0.000E+00	1.496E-01	1.402E-01	
1.755E-01	9.287E-03	1.247E-01	1.532E-02	0.000E+00	0.000E+00	1.493E-01	1.400E-01	
1.760E-01	9.237E-03	1.246E-01	1.519E-02	0.000E+00	0.000E+00	1.490E-01	1.398E-01	
1.765E-01	9.187E-03	1.245E-01	1.505E-02	0.000E+00	0.000E+00	1.487E-01	1.395E-01	
1.770E-01	9.137E-03	1.244E-01	1.492E-02	0.000E+00	0.000E+00	1.484E-01	1.393E-01	
1.775E-01	9.088E-03	1.243E-01	1.479E-02	0.000E+00	0.000E+00	1.482E-01	1.391E-01	
1.780E-01	9.039E-03	1.242E-01	1.466E-02	0.000E+00	0.000E+00	1.479E-01	1.388E-01	
1.785E-01	8.991E-03	1.241E-01	1.454E-02	0.000E+00	0.000E+00	1.476E-01	1.386E-01	
1.790E-01	8.943E-03	1.240E-01	1.441E-02	0.000E+00	0.000E+00	1.473E-01	1.384E-01	
1.795E-01	8.895E-03	1.239E-01	1.429E-02	0.000E+00	0.000E+00	1.471E-01	1.382E-01	
1.800E-01	8.848E-03	1.238E-01	1.416E-02	0.000E+00	0.000E+00	1.468E-01	1.380E-01	
1.805E-01	8.801E-03	1.237E-01	1.404E-02	0.000E+00	0.000E+00	1.465E-01	1.377E-01	
1.810E-01	8.755E-03	1.236E-01	1.392E-02	0.000E+00	0.000E+00	1.463E-01	1.375E-01	
1.815E-01	8.708E-03	1.235E-01	1.380E-02	0.000E+00	0.000E+00	1.460E-01	1.373E-01	
1.820E-01	8.663E-03	1.234E-01	1.369E-02	0.000E+00	0.000E+00	1.458E-01	1.371E-01	
1.825E-01	8.617E-03	1.233E-01	1.357E-02	0.000E+00	0.000E+00	1.455E-01	1.369E-01	
1.830E-01	8.572E-03	1.232E-01	1.345E-02	0.000E+00	0.000E+00	1.453E-01	1.367E-01	
1.835E-01	8.528E-03	1.231E-01	1.334E-02	0.000E+00	0.000E+00	1.450E-01	1.365E-01	
1.840E-01	8.483E-03	1.230E-01	1.323E-02	0.000E+00	0.000E+00	1.448E-01	1.363E-01	
1.845E-01	8.439E-03	1.229E-01	1.312E-02	0.000E+00	0.000E+00	1.445E-01	1.361E-01	
1.850E-01	8.395E-03	1.229E-01	1.301E-02	0.000E+00	0.000E+00	1.443E-01	1.359E-01	
1.855E-01	8.352E-03	1.228E-01	1.290E-02	0.000E+00	0.000E+00	1.440E-01	1.357E-01	
1.860E-01	8.309E-03	1.227E-01	1.279E-02	0.000E+00	0.000E+00	1.438E-01	1.355E-01	
1.865E-01	8.266E-03	1.226E-01	1.269E-02	0.000E+00	0.000E+00	1.435E-01	1.353E-01	
1.870E-01	8.224E-03	1.225E-01	1.258E-02	0.000E+00	0.000E+00	1.433E-01	1.351E-01	
1.875E-01	8.182E-03	1.224E-01	1.248E-02	0.000E+00	0.000E+00	1.430E-01	1.349E-01	
1.880E-01	8.140E-03	1.223E-01	1.238E-02	0.000E+00	0.000E+00	1.428E-01	1.347E-01	
1.885E-01	8.099E-03	1.222E-01	1.227E-02	0.000E+00	0.000E+00	1.426E-01	1.345E-01	
1.890E-01	8.058E-03	1.221E-01	1.217E-02	0.000E+00	0.000E+00	1.423E-01	1.343E-01	
1.895E-01	8.017E-03	1.220E-01	1.208E-02	0.000E+00	0.000E+00	1.421E-01	1.341E-01	
1.900E-01	7.977E-03	1.219E-01	1.198E-02	0.000E+00	0.000E+00	1.419E-01	1.339E-01	
1.905E-01	7.937E-03	1.218E-01	1.188E-02	0.000E+00	0.000E+00	1.416E-01	1.337E-01	
1.910E-01	7.897E-03	1.217E-01	1.178E-02	0.000E+00	0.000E+00	1.414E-01	1.335E-01	
1.915E-01	7.857E-03	1.216E-01	1.169E-02	0.000E+00	0.000E+00	1.412E-01	1.333E-01	
1.920E-01	7.818E-03	1.216E-01	1.160E-02	0.000E+00	0.000E+00	1.410E-01	1.332E-01	
1.925E-01	7.779E-03	1.215E-01	1.150E-02	0.000E+00	0.000E+00	1.407E-01	1.330E-01	
1.930E-01	7.740E-03	1.214E-01	1.141E-02	0.000E+00	0.000E+00	1.405E-01	1.328E-01	
1.935E-01	7.702E-03	1.213E-01	1.132E-02	0.000E+00	0.000E+00	1.403E-01	1.326E-01	
1.940E-01	7.664E-03	1.212E-01	1.123E-02	0.000E+00	0.000E+00	1.401E-01	1.324E-01	
1.945E-01	7.626E-03	1.211E-01	1.114E-02	0.000E+00	0.000E+00	1.399E-01	1.322E-01	
1.950E-01	7.588E-03	1.210E-01	1.105E-02	0.000E+00	0.000E+00	1.397E-01	1.321E-01	
1.955E-01	7.551E-03	1.209E-01	1.097E-02	0.000E+00	0.000E+00	1.394E-01	1.319E-01	
1.960E-01	7.514E-03	1.208E-01	1.088E-02	0.000E+00	0.000E+00	1.392E-01	1.317E-01	
1.965E-01	7.477E-03	1.207E-01	1.079E-02	0.000E+00	0.000E+00	1.390E-01	1.315E-01	
1.970E-01	7.441E-03	1.207E-01	1.071E-02	0.000E+00	0.000E+00	1.388E-01	1.314E-01	
1.975E-01	7.405E-03	1.206E-01	1.063E-02	0.000E+00	0.000E+00	1.386E-01	1.312E-01	
1.980E-01	7.369E-03	1.205E-01	1.054E-02	0.000E+00	0.000E+00	1.384E-01	1.310E-01	
1.985E-01	7.333E-03	1.204E-01	1.046E-02	0.000E+00	0.000E+00	1.382E-01	1.308E-01	
1.990E-01	7.298E-03	1.203E-01	1.038E-02	0.000E+00	0.000E+00	1.380E-01	1.307E-01	
1.995E-01	7.262E-03	1.202E-01	1.030E-02	0.000E+00	0.000E+00	1.378E-01	1.305E-01	
2.000E-01	7.228E-03	1.201E-01	1.022E-02	0.000E+00	0.000E+00	1.376E-01	1.303E-01	
