1.000E-03	5.054E+00	5.914E-03	1.057E+04	0.000E+00	0.000E+00	1.057E+04	1.057E+04	
1.096E-03	5.008E+00	6.838E-03	8.240E+03	0.000E+00	0.000E+00	8.245E+03	8.240E+03	
1.096E-03	5.008E+00	6.838E-03	9.340E+03	0.000E+00	0.000E+00	9.345E+03	9.340E+03	
1.500E-03	4.806E+00	1.086E-02	4.413E+03	0.000E+00	0.000E+00	4.418E+03	4.413E+03	
2.000E-03	4.525E+00	1.591E-02	2.149E+03	0.000E+00	0.000E+00	2.154E+03	2.149E+03	
2.500E-03	4.235E+00	2.094E-02	1.200E+03	0.000E+00	0.000E+00	1.204E+03	1.200E+03	
3.000E-03	3.946E+00	2.587E-02	7.449E+02	0.000E+00	0.000E+00	7.488E+02	7.449E+02	
3.500E-03	3.666E+00	3.066E-02	4.923E+02	0.000E+00	0.000E+00	4.960E+02	4.923E+02	
4.000E-03	3.399E+00	3.527E-02	3.439E+02	0.000E+00	0.000E+00	3.473E+02	3.439E+02	
4.500E-03	3.148E+00	3.969E-02	2.493E+02	0.000E+00	0.000E+00	2.525E+02	2.494E+02	
5.000E-03	2.914E+00	4.391E-02	1.870E+02	0.000E+00	0.000E+00	1.899E+02	1.870E+02	
5.500E-03	2.698E+00	4.794E-02	1.437E+02	0.000E+00	0.000E+00	1.465E+02	1.438E+02	
6.000E-03	2.500E+00	5.181E-02	1.131E+02	0.000E+00	0.000E+00	1.156E+02	1.131E+02	
6.500E-03	2.319E+00	5.552E-02	9.041E+01	0.000E+00	0.000E+00	9.278E+01	9.046E+01	
7.000E-03	2.154E+00	5.906E-02	7.350E+01	0.000E+00	0.000E+00	7.571E+01	7.356E+01	
7.500E-03	2.005E+00	6.245E-02	6.062E+01	0.000E+00	0.000E+00	6.268E+01	6.068E+01	
8.000E-03	1.872E+00	6.569E-02	5.062E+01	0.000E+00	0.000E+00	5.255E+01	5.068E+01	
8.500E-03	1.751E+00	6.878E-02	4.267E+01	0.000E+00	0.000E+00	4.449E+01	4.274E+01	
8.979E-03	1.646E+00	7.162E-02	3.657E+01	0.000E+00	0.000E+00	3.829E+01	3.664E+01	
8.979E-03	1.646E+00	7.162E-02	2.766E+02	0.000E+00	0.000E+00	2.783E+02	2.767E+02	
9.000E-03	1.642E+00	7.174E-02	2.751E+02	0.000E+00	0.000E+00	2.768E+02	2.752E+02	
9.500E-03	1.541E+00	7.456E-02	2.424E+02	0.000E+00	0.000E+00	2.440E+02	2.425E+02	
1.000E-02	1.450E+00	7.725E-02	2.145E+02	0.000E+00	0.000E+00	2.160E+02	2.145E+02	
1.050E-02	1.367E+00	7.981E-02	1.901E+02	0.000E+00	0.000E+00	1.916E+02	1.902E+02	
1.100E-02	1.292E+00	8.223E-02	1.689E+02	0.000E+00	0.000E+00	1.703E+02	1.690E+02	
1.150E-02	1.224E+00	8.453E-02	1.505E+02	0.000E+00	0.000E+00	1.518E+02	1.506E+02	
1.200E-02	1.162E+00	8.671E-02	1.344E+02	0.000E+00	0.000E+00	1.357E+02	1.345E+02	
1.250E-02	1.105E+00	8.877E-02	1.205E+02	0.000E+00	0.000E+00	1.217E+02	1.205E+02	
1.300E-02	1.052E+00	9.073E-02	1.083E+02	0.000E+00	0.000E+00	1.094E+02	1.084E+02	
1.350E-02	1.004E+00	9.259E-02	9.766E+01	0.000E+00	0.000E+00	9.876E+01	9.776E+01	
1.400E-02	9.594E-01	9.435E-02	8.837E+01	0.000E+00	0.000E+00	8.943E+01	8.847E+01	
1.450E-02	9.181E-01	9.602E-02	8.023E+01	0.000E+00	0.000E+00	8.124E+01	8.033E+01	
1.500E-02	8.797E-01	9.761E-02	7.308E+01	0.000E+00	0.000E+00	7.405E+01	7.317E+01	
1.550E-02	8.440E-01	9.912E-02	6.677E+01	0.000E+00	0.000E+00	6.772E+01	6.687E+01	
1.600E-02	8.107E-01	1.005E-01	6.120E+01	0.000E+00	0.000E+00	6.211E+01	6.130E+01	
1.650E-02	7.795E-01	1.019E-01	5.624E+01	0.000E+00	0.000E+00	5.712E+01	5.634E+01	
1.700E-02	7.502E-01	1.032E-01	5.181E+01	0.000E+00	0.000E+00	5.266E+01	5.191E+01	
1.750E-02	7.227E-01	1.044E-01	4.784E+01	0.000E+00	0.000E+00	4.867E+01	4.795E+01	
1.800E-02	6.967E-01	1.056E-01	4.428E+01	0.000E+00	0.000E+00	4.508E+01	4.438E+01	
1.850E-02	6.722E-01	1.067E-01	4.106E+01	0.000E+00	0.000E+00	4.183E+01	4.116E+01	
1.900E-02	6.489E-01	1.078E-01	3.814E+01	0.000E+00	0.000E+00	3.890E+01	3.825E+01	
1.950E-02	6.269E-01	1.088E-01	3.549E+01	0.000E+00	0.000E+00	3.623E+01	3.560E+01	
2.000E-02	6.059E-01	1.098E-01	3.308E+01	0.000E+00	0.000E+00	3.380E+01	3.319E+01	
2.050E-02	5.860E-01	1.108E-01	3.088E+01	0.000E+00	0.000E+00	3.158E+01	3.100E+01	
2.100E-02	5.670E-01	1.117E-01	2.887E+01	0.000E+00	0.000E+00	2.955E+01	2.898E+01	
2.150E-02	5.490E-01	1.126E-01	2.703E+01	0.000E+00	0.000E+00	2.769E+01	2.714E+01	
2.200E-02	5.317E-01	1.134E-01	2.534E+01	0.000E+00	0.000E+00	2.598E+01	2.545E+01	
2.250E-02	5.152E-01	1.142E-01	2.379E+01	0.000E+00	0.000E+00	2.441E+01	2.390E+01	
2.300E-02	4.995E-01	1.150E-01	2.235E+01	0.000E+00	0.000E+00	2.297E+01	2.247E+01	
2.350E-02	4.845E-01	1.157E-01	2.103E+01	0.000E+00	0.000E+00	2.163E+01	2.115E+01	
2.400E-02	4.701E-01	1.164E-01	1.981E+01	0.000E+00	0.000E+00	2.040E+01	1.993E+01	
2.450E-02	4.563E-01	1.171E-01	1.869E+01	0.000E+00	0.000E+00	1.926E+01	1.880E+01	
2.500E-02	4.431E-01	1.178E-01	1.764E+01	0.000E+00	0.000E+00	1.820E+01	1.776E+01	
2.550E-02	4.305E-01	1.184E-01	1.667E+01	0.000E+00	0.000E+00	1.722E+01	1.679E+01	
2.600E-02	4.183E-01	1.190E-01	1.577E+01	0.000E+00	0.000E+00	1.631E+01	1.589E+01	
2.650E-02	4.067E-01	1.196E-01	1.494E+01	0.000E+00	0.000E+00	1.546E+01	1.506E+01	
2.700E-02	3.955E-01	1.202E-01	1.416E+01	0.000E+00	0.000E+00	1.467E+01	1.428E+01	
2.750E-02	3.848E-01	1.207E-01	1.343E+01	0.000E+00	0.000E+00	1.394E+01	1.355E+01	
2.800E-02	3.744E-01	1.212E-01	1.275E+01	0.000E+00	0.000E+00	1.325E+01	1.287E+01	
2.850E-02	3.645E-01	1.217E-01	1.212E+01	0.000E+00	0.000E+00	1.261E+01	1.224E+01	
2.900E-02	3.550E-01	1.222E-01	1.153E+01	0.000E+00	0.000E+00	1.200E+01	1.165E+01	
2.950E-02	3.458E-01	1.227E-01	1.097E+01	0.000E+00	0.000E+00	1.144E+01	1.110E+01	
3.000E-02	3.369E-01	1.231E-01	1.045E+01	0.000E+00	0.000E+00	1.091E+01	1.058E+01	
3.050E-02	3.284E-01	1.235E-01	9.965E+00	0.000E+00	0.000E+00	1.042E+01	1.009E+01	
3.100E-02	3.201E-01	1.239E-01	9.507E+00	0.000E+00	0.000E+00	9.951E+00	9.631E+00	
3.150E-02	3.122E-01	1.243E-01	9.077E+00	0.000E+00	0.000E+00	9.514E+00	9.201E+00	
3.200E-02	3.046E-01	1.247E-01	8.672E+00	0.000E+00	0.000E+00	9.101E+00	8.797E+00	
3.250E-02	2.972E-01	1.250E-01	8.291E+00	0.000E+00	0.000E+00	8.713E+00	8.416E+00	
3.300E-02	2.901E-01	1.254E-01	7.931E+00	0.000E+00	0.000E+00	8.347E+00	8.056E+00	
3.350E-02	2.832E-01	1.257E-01	7.592E+00	0.000E+00	0.000E+00	8.001E+00	7.718E+00	
3.400E-02	2.766E-01	1.260E-01	7.272E+00	0.000E+00	0.000E+00	7.674E+00	7.398E+00	
3.450E-02	2.702E-01	1.263E-01	6.969E+00	0.000E+00	0.000E+00	7.366E+00	7.095E+00	
3.500E-02	2.640E-01	1.266E-01	6.683E+00	0.000E+00	0.000E+00	7.074E+00	6.810E+00	
3.550E-02	2.580E-01	1.269E-01	6.412E+00	0.000E+00	0.000E+00	6.797E+00	6.539E+00	
3.600E-02	2.522E-01	1.272E-01	6.156E+00	0.000E+00	0.000E+00	6.535E+00	6.283E+00	
3.650E-02	2.466E-01	1.274E-01	5.912E+00	0.000E+00	0.000E+00	6.286E+00	6.040E+00	
3.700E-02	2.413E-01	1.276E-01	5.682E+00	0.000E+00	0.000E+00	6.051E+00	5.809E+00	
3.750E-02	2.360E-01	1.279E-01	5.463E+00	0.000E+00	0.000E+00	5.827E+00	5.591E+00	
3.800E-02	2.310E-01	1.281E-01	5.255E+00	0.000E+00	0.000E+00	5.614E+00	5.383E+00	
3.850E-02	2.261E-01	1.283E-01	5.057E+00	0.000E+00	0.000E+00	5.412E+00	5.186E+00	
3.900E-02	2.214E-01	1.285E-01	4.869E+00	0.000E+00	0.000E+00	5.219E+00	4.998E+00	
3.950E-02	2.168E-01	1.287E-01	4.691E+00	0.000E+00	0.000E+00	5.036E+00	4.819E+00	
4.000E-02	2.124E-01	1.289E-01	4.520E+00	0.000E+00	0.000E+00	4.862E+00	4.649E+00	
4.050E-02	2.081E-01	1.291E-01	4.358E+00	0.000E+00	0.000E+00	4.695E+00	4.487E+00	
4.100E-02	2.039E-01	1.292E-01	4.204E+00	0.000E+00	0.000E+00	4.537E+00	4.333E+00	
4.150E-02	1.999E-01	1.294E-01	4.056E+00	0.000E+00	0.000E+00	4.385E+00	4.186E+00	
4.200E-02	1.960E-01	1.295E-01	3.915E+00	0.000E+00	0.000E+00	4.241E+00	4.045E+00	
4.250E-02	1.922E-01	1.297E-01	3.781E+00	0.000E+00	0.000E+00	4.103E+00	3.911E+00	
4.300E-02	1.885E-01	1.298E-01	3.653E+00	0.000E+00	0.000E+00	3.971E+00	3.783E+00	
4.350E-02	1.849E-01	1.299E-01	3.530E+00	0.000E+00	0.000E+00	3.845E+00	3.660E+00	
4.400E-02	1.815E-01	1.301E-01	3.413E+00	0.000E+00	0.000E+00	3.724E+00	3.543E+00	
4.450E-02	1.781E-01	1.302E-01	3.301E+00	0.000E+00	0.000E+00	3.609E+00	3.431E+00	
4.500E-02	1.748E-01	1.303E-01	3.193E+00	0.000E+00	0.000E+00	3.498E+00	3.323E+00	
4.550E-02	1.717E-01	1.304E-01	3.090E+00	0.000E+00	0.000E+00	3.392E+00	3.221E+00	
4.600E-02	1.686E-01	1.305E-01	2.992E+00	0.000E+00	0.000E+00	3.291E+00	3.122E+00	
4.650E-02	1.656E-01	1.306E-01	2.897E+00	0.000E+00	0.000E+00	3.194E+00	3.028E+00	
4.700E-02	1.627E-01	1.307E-01	2.807E+00	0.000E+00	0.000E+00	3.100E+00	2.938E+00	
4.750E-02	1.598E-01	1.307E-01	2.720E+00	0.000E+00	0.000E+00	3.011E+00	2.851E+00	
4.800E-02	1.571E-01	1.308E-01	2.637E+00	0.000E+00	0.000E+00	2.925E+00	2.768E+00	
4.850E-02	1.544E-01	1.309E-01	2.557E+00	0.000E+00	0.000E+00	2.842E+00	2.688E+00	
4.900E-02	1.517E-01	1.310E-01	2.480E+00	0.000E+00	0.000E+00	2.763E+00	2.611E+00	
4.950E-02	1.492E-01	1.310E-01	2.406E+00	0.000E+00	0.000E+00	2.686E+00	2.537E+00	
5.000E-02	1.467E-01	1.311E-01	2.335E+00	0.000E+00	0.000E+00	2.613E+00	2.466E+00	
5.050E-02	1.443E-01	1.311E-01	2.267E+00	0.000E+00	0.000E+00	2.542E+00	2.398E+00	
5.100E-02	1.419E-01	1.312E-01	2.201E+00	0.000E+00	0.000E+00	2.474E+00	2.332E+00	
5.150E-02	1.396E-01	1.312E-01	2.138E+00	0.000E+00	0.000E+00	2.409E+00	2.269E+00	
5.200E-02	1.374E-01	1.312E-01	2.077E+00	0.000E+00	0.000E+00	2.346E+00	2.209E+00	
5.250E-02	1.352E-01	1.313E-01	2.019E+00	0.000E+00	0.000E+00	2.285E+00	2.150E+00	
5.300E-02	1.331E-01	1.313E-01	1.962E+00	0.000E+00	0.000E+00	2.227E+00	2.094E+00	
5.350E-02	1.310E-01	1.313E-01	1.908E+00	0.000E+00	0.000E+00	2.170E+00	2.040E+00	
5.400E-02	1.289E-01	1.313E-01	1.856E+00	0.000E+00	0.000E+00	2.116E+00	1.987E+00	
5.450E-02	1.270E-01	1.314E-01	1.805E+00	0.000E+00	0.000E+00	2.064E+00	1.937E+00	
5.500E-02	1.250E-01	1.314E-01	1.757E+00	0.000E+00	0.000E+00	2.013E+00	1.888E+00	
5.550E-02	1.231E-01	1.314E-01	1.710E+00	0.000E+00	0.000E+00	1.964E+00	1.841E+00	
5.600E-02	1.213E-01	1.314E-01	1.664E+00	0.000E+00	0.000E+00	1.917E+00	1.796E+00	
5.650E-02	1.195E-01	1.314E-01	1.621E+00	0.000E+00	0.000E+00	1.872E+00	1.752E+00	
5.700E-02	1.177E-01	1.314E-01	1.578E+00	0.000E+00	0.000E+00	1.828E+00	1.710E+00	
5.750E-02	1.160E-01	1.314E-01	1.538E+00	0.000E+00	0.000E+00	1.785E+00	1.669E+00	
5.800E-02	1.143E-01	1.314E-01	1.498E+00	0.000E+00	0.000E+00	1.744E+00	1.630E+00	
5.850E-02	1.127E-01	1.314E-01	1.460E+00	0.000E+00	0.000E+00	1.704E+00	1.592E+00	
5.900E-02	1.111E-01	1.314E-01	1.423E+00	0.000E+00	0.000E+00	1.666E+00	1.555E+00	
5.950E-02	1.095E-01	1.314E-01	1.388E+00	0.000E+00	0.000E+00	1.629E+00	1.519E+00	
6.000E-02	1.079E-01	1.313E-01	1.353E+00	0.000E+00	0.000E+00	1.593E+00	1.485E+00	
6.050E-02	1.064E-01	1.313E-01	1.320E+00	0.000E+00	0.000E+00	1.558E+00	1.451E+00	
6.100E-02	1.050E-01	1.313E-01	1.288E+00	0.000E+00	0.000E+00	1.524E+00	1.419E+00	
6.150E-02	1.035E-01	1.313E-01	1.256E+00	0.000E+00	0.000E+00	1.491E+00	1.388E+00	
6.200E-02	1.021E-01	1.313E-01	1.226E+00	0.000E+00	0.000E+00	1.460E+00	1.358E+00	
6.250E-02	1.007E-01	1.312E-01	1.197E+00	0.000E+00	0.000E+00	1.429E+00	1.328E+00	
6.300E-02	9.938E-02	1.312E-01	1.169E+00	0.000E+00	0.000E+00	1.399E+00	1.300E+00	
6.350E-02	9.805E-02	1.312E-01	1.141E+00	0.000E+00	0.000E+00	1.370E+00	1.272E+00	
6.400E-02	9.675E-02	1.312E-01	1.114E+00	0.000E+00	0.000E+00	1.342E+00	1.246E+00	
6.450E-02	9.548E-02	1.311E-01	1.089E+00	0.000E+00	0.000E+00	1.315E+00	1.220E+00	
6.500E-02	9.424E-02	1.311E-01	1.064E+00	0.000E+00	0.000E+00	1.289E+00	1.195E+00	
6.550E-02	9.301E-02	1.311E-01	1.039E+00	0.000E+00	0.000E+00	1.263E+00	1.170E+00	
6.600E-02	9.182E-02	1.310E-01	1.016E+00	0.000E+00	0.000E+00	1.239E+00	1.147E+00	
6.650E-02	9.064E-02	1.310E-01	9.929E-01	0.000E+00	0.000E+00	1.215E+00	1.124E+00	
6.700E-02	8.949E-02	1.309E-01	9.707E-01	0.000E+00	0.000E+00	1.191E+00	1.102E+00	
6.750E-02	8.837E-02	1.309E-01	9.492E-01	0.000E+00	0.000E+00	1.168E+00	1.080E+00	
6.800E-02	8.726E-02	1.309E-01	9.283E-01	0.000E+00	0.000E+00	1.146E+00	1.059E+00	
6.850E-02	8.617E-02	1.308E-01	9.080E-01	0.000E+00	0.000E+00	1.125E+00	1.039E+00	
6.900E-02	8.511E-02	1.308E-01	8.882E-01	0.000E+00	0.000E+00	1.104E+00	1.019E+00	
6.950E-02	8.407E-02	1.307E-01	8.691E-01	0.000E+00	0.000E+00	1.084E+00	9.998E-01	
7.000E-02	8.304E-02	1.307E-01	8.505E-01	0.000E+00	0.000E+00	1.064E+00	9.811E-01	
7.050E-02	8.203E-02	1.306E-01	8.324E-01	0.000E+00	0.000E+00	1.045E+00	9.630E-01	
7.100E-02	8.105E-02	1.306E-01	8.148E-01	0.000E+00	0.000E+00	1.026E+00	9.453E-01	
7.150E-02	8.008E-02	1.305E-01	7.977E-01	0.000E+00	0.000E+00	1.008E+00	9.282E-01	
7.200E-02	7.912E-02	1.305E-01	7.810E-01	0.000E+00	0.000E+00	9.906E-01	9.115E-01	
7.250E-02	7.819E-02	1.304E-01	7.648E-01	0.000E+00	0.000E+00	9.734E-01	8.952E-01	
7.300E-02	7.727E-02	1.303E-01	7.491E-01	0.000E+00	0.000E+00	9.567E-01	8.794E-01	
7.350E-02	7.637E-02	1.303E-01	7.338E-01	0.000E+00	0.000E+00	9.404E-01	8.641E-01	
7.400E-02	7.548E-02	1.302E-01	7.189E-01	0.000E+00	0.000E+00	9.246E-01	8.491E-01	
7.450E-02	7.461E-02	1.302E-01	7.044E-01	0.000E+00	0.000E+00	9.091E-01	8.345E-01	
7.500E-02	7.375E-02	1.301E-01	6.902E-01	0.000E+00	0.000E+00	8.941E-01	8.203E-01	
7.550E-02	7.291E-02	1.300E-01	6.765E-01	0.000E+00	0.000E+00	8.794E-01	8.065E-01	
7.600E-02	7.208E-02	1.300E-01	6.631E-01	0.000E+00	0.000E+00	8.652E-01	7.931E-01	
7.650E-02	7.127E-02	1.299E-01	6.500E-01	0.000E+00	0.000E+00	8.512E-01	7.800E-01	
7.700E-02	7.047E-02	1.299E-01	6.373E-01	0.000E+00	0.000E+00	8.377E-01	7.672E-01	
7.750E-02	6.969E-02	1.298E-01	6.249E-01	0.000E+00	0.000E+00	8.244E-01	7.547E-01	
7.800E-02	6.891E-02	1.297E-01	6.129E-01	0.000E+00	0.000E+00	8.115E-01	7.426E-01	
7.850E-02	6.815E-02	1.297E-01	6.011E-01	0.000E+00	0.000E+00	7.989E-01	7.308E-01	
7.900E-02	6.741E-02	1.296E-01	5.896E-01	0.000E+00	0.000E+00	7.866E-01	7.192E-01	
7.950E-02	6.667E-02	1.295E-01	5.785E-01	0.000E+00	0.000E+00	7.747E-01	7.080E-01	
8.000E-02	6.595E-02	1.295E-01	5.676E-01	0.000E+00	0.000E+00	7.630E-01	6.970E-01	
8.050E-02	6.524E-02	1.294E-01	5.569E-01	0.000E+00	0.000E+00	7.516E-01	6.863E-01	
8.100E-02	6.454E-02	1.293E-01	5.466E-01	0.000E+00	0.000E+00	7.404E-01	6.759E-01	
8.150E-02	6.385E-02	1.292E-01	5.364E-01	0.000E+00	0.000E+00	7.295E-01	6.657E-01	
8.200E-02	6.317E-02	1.292E-01	5.266E-01	0.000E+00	0.000E+00	7.189E-01	6.557E-01	
8.250E-02	6.250E-02	1.291E-01	5.169E-01	0.000E+00	0.000E+00	7.085E-01	6.460E-01	
8.300E-02	6.185E-02	1.290E-01	5.075E-01	0.000E+00	0.000E+00	6.984E-01	6.366E-01	
8.350E-02	6.120E-02	1.289E-01	4.984E-01	0.000E+00	0.000E+00	6.885E-01	6.273E-01	
8.400E-02	6.056E-02	1.289E-01	4.894E-01	0.000E+00	0.000E+00	6.788E-01	6.183E-01	
8.450E-02	5.994E-02	1.288E-01	4.807E-01	0.000E+00	0.000E+00	6.694E-01	6.095E-01	
8.500E-02	5.932E-02	1.287E-01	4.721E-01	0.000E+00	0.000E+00	6.602E-01	6.008E-01	
8.550E-02	5.871E-02	1.286E-01	4.638E-01	0.000E+00	0.000E+00	6.511E-01	5.924E-01	
8.600E-02	5.811E-02	1.286E-01	4.556E-01	0.000E+00	0.000E+00	6.423E-01	5.842E-01	
8.650E-02	5.752E-02	1.285E-01	4.477E-01	0.000E+00	0.000E+00	6.337E-01	5.762E-01	
8.700E-02	5.694E-02	1.284E-01	4.399E-01	0.000E+00	0.000E+00	6.252E-01	5.683E-01	
8.750E-02	5.637E-02	1.283E-01	4.323E-01	0.000E+00	0.000E+00	6.170E-01	5.606E-01	
8.800E-02	5.581E-02	1.283E-01	4.249E-01	0.000E+00	0.000E+00	6.089E-01	5.531E-01	
8.850E-02	5.525E-02	1.282E-01	4.176E-01	0.000E+00	0.000E+00	6.010E-01	5.458E-01	
8.900E-02	5.471E-02	1.281E-01	4.105E-01	0.000E+00	0.000E+00	5.933E-01	5.386E-01	
8.950E-02	5.417E-02	1.280E-01	4.036E-01	0.000E+00	0.000E+00	5.857E-01	5.316E-01	
9.000E-02	5.364E-02	1.279E-01	3.968E-01	0.000E+00	0.000E+00	5.783E-01	5.247E-01	
9.050E-02	5.311E-02	1.278E-01	3.901E-01	0.000E+00	0.000E+00	5.711E-01	5.180E-01	
9.100E-02	5.260E-02	1.278E-01	3.836E-01	0.000E+00	0.000E+00	5.640E-01	5.114E-01	
9.150E-02	5.209E-02	1.277E-01	3.773E-01	0.000E+00	0.000E+00	5.571E-01	5.050E-01	
9.200E-02	5.159E-02	1.276E-01	3.711E-01	0.000E+00	0.000E+00	5.503E-01	4.987E-01	
9.250E-02	5.109E-02	1.275E-01	3.650E-01	0.000E+00	0.000E+00	5.436E-01	4.925E-01	
9.300E-02	5.061E-02	1.274E-01	3.591E-01	0.000E+00	0.000E+00	5.371E-01	4.865E-01	
9.350E-02	5.013E-02	1.273E-01	3.533E-01	0.000E+00	0.000E+00	5.307E-01	4.806E-01	
9.400E-02	4.965E-02	1.273E-01	3.476E-01	0.000E+00	0.000E+00	5.245E-01	4.748E-01	
9.450E-02	4.919E-02	1.272E-01	3.420E-01	0.000E+00	0.000E+00	5.184E-01	4.692E-01	
9.500E-02	4.873E-02	1.271E-01	3.365E-01	0.000E+00	0.000E+00	5.124E-01	4.636E-01	
9.550E-02	4.827E-02	1.270E-01	3.312E-01	0.000E+00	0.000E+00	5.065E-01	4.582E-01	
9.600E-02	4.782E-02	1.269E-01	3.260E-01	0.000E+00	0.000E+00	5.007E-01	4.529E-01	
9.650E-02	4.738E-02	1.268E-01	3.208E-01	0.000E+00	0.000E+00	4.951E-01	4.477E-01	
9.700E-02	4.695E-02	1.268E-01	3.158E-01	0.000E+00	0.000E+00	4.895E-01	4.426E-01	
9.750E-02	4.652E-02	1.267E-01	3.109E-01	0.000E+00	0.000E+00	4.841E-01	4.376E-01	
9.800E-02	4.609E-02	1.266E-01	3.061E-01	0.000E+00	0.000E+00	4.788E-01	4.327E-01	
9.850E-02	4.568E-02	1.265E-01	3.014E-01	0.000E+00	0.000E+00	4.736E-01	4.279E-01	
9.900E-02	4.526E-02	1.264E-01	2.968E-01	0.000E+00	0.000E+00	4.684E-01	4.232E-01	
9.950E-02	4.486E-02	1.263E-01	2.922E-01	0.000E+00	0.000E+00	4.634E-01	4.186E-01	
1.000E-01	4.446E-02	1.262E-01	2.878E-01	0.000E+00	0.000E+00	4.585E-01	4.140E-01	
1.005E-01	4.406E-02	1.261E-01	2.835E-01	0.000E+00	0.000E+00	4.537E-01	4.096E-01	
1.010E-01	4.367E-02	1.261E-01	2.792E-01	0.000E+00	0.000E+00	4.489E-01	4.053E-01	
1.015E-01	4.328E-02	1.260E-01	2.750E-01	0.000E+00	0.000E+00	4.443E-01	4.010E-01	
1.020E-01	4.290E-02	1.259E-01	2.709E-01	0.000E+00	0.000E+00	4.397E-01	3.968E-01	
1.025E-01	4.253E-02	1.258E-01	2.669E-01	0.000E+00	0.000E+00	4.352E-01	3.927E-01	
1.030E-01	4.215E-02	1.257E-01	2.630E-01	0.000E+00	0.000E+00	4.308E-01	3.887E-01	
1.035E-01	4.179E-02	1.256E-01	2.591E-01	0.000E+00	0.000E+00	4.265E-01	3.847E-01	
1.040E-01	4.143E-02	1.255E-01	2.553E-01	0.000E+00	0.000E+00	4.223E-01	3.809E-01	
1.045E-01	4.107E-02	1.254E-01	2.516E-01	0.000E+00	0.000E+00	4.181E-01	3.771E-01	
1.050E-01	4.072E-02	1.253E-01	2.480E-01	0.000E+00	0.000E+00	4.141E-01	3.733E-01	
1.055E-01	4.037E-02	1.253E-01	2.444E-01	0.000E+00	0.000E+00	4.101E-01	3.697E-01	
1.060E-01	4.003E-02	1.252E-01	2.409E-01	0.000E+00	0.000E+00	4.061E-01	3.661E-01	
1.065E-01	3.969E-02	1.251E-01	2.375E-01	0.000E+00	0.000E+00	4.022E-01	3.626E-01	
1.070E-01	3.935E-02	1.250E-01	2.341E-01	0.000E+00	0.000E+00	3.985E-01	3.591E-01	
1.075E-01	3.902E-02	1.249E-01	2.308E-01	0.000E+00	0.000E+00	3.947E-01	3.557E-01	
1.080E-01	3.869E-02	1.248E-01	2.276E-01	0.000E+00	0.000E+00	3.911E-01	3.524E-01	
1.085E-01	3.837E-02	1.247E-01	2.244E-01	0.000E+00	0.000E+00	3.875E-01	3.491E-01	
1.090E-01	3.805E-02	1.246E-01	2.212E-01	0.000E+00	0.000E+00	3.839E-01	3.459E-01	
1.095E-01	3.774E-02	1.245E-01	2.182E-01	0.000E+00	0.000E+00	3.804E-01	3.427E-01	
1.100E-01	3.743E-02	1.244E-01	2.152E-01	0.000E+00	0.000E+00	3.770E-01	3.396E-01	
1.105E-01	3.712E-02	1.243E-01	2.122E-01	0.000E+00	0.000E+00	3.737E-01	3.365E-01	
1.110E-01	3.682E-02	1.243E-01	2.093E-01	0.000E+00	0.000E+00	3.704E-01	3.335E-01	
1.115E-01	3.652E-02	1.242E-01	2.064E-01	0.000E+00	0.000E+00	3.671E-01	3.306E-01	
1.120E-01	3.622E-02	1.241E-01	2.036E-01	0.000E+00	0.000E+00	3.639E-01	3.277E-01	
1.125E-01	3.593E-02	1.240E-01	2.009E-01	0.000E+00	0.000E+00	3.608E-01	3.249E-01	
1.130E-01	3.564E-02	1.239E-01	1.982E-01	0.000E+00	0.000E+00	3.577E-01	3.221E-01	
1.135E-01	3.535E-02	1.238E-01	1.955E-01	0.000E+00	0.000E+00	3.547E-01	3.193E-01	
1.140E-01	3.507E-02	1.237E-01	1.929E-01	0.000E+00	0.000E+00	3.517E-01	3.166E-01	
1.145E-01	3.479E-02	1.236E-01	1.904E-01	0.000E+00	0.000E+00	3.488E-01	3.140E-01	
1.150E-01	3.452E-02	1.235E-01	1.878E-01	0.000E+00	0.000E+00	3.459E-01	3.114E-01	
1.155E-01	3.424E-02	1.234E-01	1.854E-01	0.000E+00	0.000E+00	3.430E-01	3.088E-01	
1.160E-01	3.398E-02	1.233E-01	1.829E-01	0.000E+00	0.000E+00	3.403E-01	3.063E-01	
1.165E-01	3.371E-02	1.233E-01	1.805E-01	0.000E+00	0.000E+00	3.375E-01	3.038E-01	
1.170E-01	3.345E-02	1.232E-01	1.782E-01	0.000E+00	0.000E+00	3.348E-01	3.014E-01	
1.175E-01	3.319E-02	1.231E-01	1.759E-01	0.000E+00	0.000E+00	3.321E-01	2.990E-01	
1.180E-01	3.293E-02	1.230E-01	1.736E-01	0.000E+00	0.000E+00	3.295E-01	2.966E-01	
1.185E-01	3.268E-02	1.229E-01	1.714E-01	0.000E+00	0.000E+00	3.270E-01	2.943E-01	
1.190E-01	3.242E-02	1.228E-01	1.692E-01	0.000E+00	0.000E+00	3.244E-01	2.920E-01	
1.195E-01	3.218E-02	1.227E-01	1.671E-01	0.000E+00	0.000E+00	3.219E-01	2.898E-01	
1.200E-01	3.193E-02	1.226E-01	1.649E-01	0.000E+00	0.000E+00	3.195E-01	2.875E-01	
1.205E-01	3.169E-02	1.225E-01	1.629E-01	0.000E+00	0.000E+00	3.171E-01	2.854E-01	
1.210E-01	3.145E-02	1.224E-01	1.608E-01	0.000E+00	0.000E+00	3.147E-01	2.832E-01	
1.215E-01	3.121E-02	1.223E-01	1.588E-01	0.000E+00	0.000E+00	3.123E-01	2.811E-01	
1.220E-01	3.098E-02	1.222E-01	1.568E-01	0.000E+00	0.000E+00	3.100E-01	2.791E-01	
1.225E-01	3.074E-02	1.221E-01	1.549E-01	0.000E+00	0.000E+00	3.078E-01	2.770E-01	
1.230E-01	3.052E-02	1.221E-01	1.529E-01	0.000E+00	0.000E+00	3.055E-01	2.750E-01	
1.235E-01	3.029E-02	1.220E-01	1.511E-01	0.000E+00	0.000E+00	3.033E-01	2.730E-01	
1.240E-01	3.006E-02	1.219E-01	1.492E-01	0.000E+00	0.000E+00	3.011E-01	2.711E-01	
1.245E-01	2.984E-02	1.218E-01	1.474E-01	0.000E+00	0.000E+00	2.990E-01	2.692E-01	
1.250E-01	2.962E-02	1.217E-01	1.456E-01	0.000E+00	0.000E+00	2.969E-01	2.673E-01	
1.255E-01	2.941E-02	1.216E-01	1.438E-01	0.000E+00	0.000E+00	2.948E-01	2.654E-01	
1.260E-01	2.919E-02	1.215E-01	1.421E-01	0.000E+00	0.000E+00	2.928E-01	2.636E-01	
1.265E-01	2.898E-02	1.214E-01	1.404E-01	0.000E+00	0.000E+00	2.908E-01	2.618E-01	
1.270E-01	2.877E-02	1.213E-01	1.387E-01	0.000E+00	0.000E+00	2.888E-01	2.600E-01	
1.275E-01	2.856E-02	1.212E-01	1.370E-01	0.000E+00	0.000E+00	2.868E-01	2.583E-01	
1.280E-01	2.836E-02	1.211E-01	1.354E-01	0.000E+00	0.000E+00	2.849E-01	2.566E-01	
1.285E-01	2.815E-02	1.210E-01	1.338E-01	0.000E+00	0.000E+00	2.830E-01	2.549E-01	
1.290E-01	2.795E-02	1.209E-01	1.322E-01	0.000E+00	0.000E+00	2.811E-01	2.532E-01	
1.295E-01	2.775E-02	1.209E-01	1.307E-01	0.000E+00	0.000E+00	2.793E-01	2.515E-01	
1.300E-01	2.755E-02	1.208E-01	1.292E-01	0.000E+00	0.000E+00	2.775E-01	2.499E-01	
1.305E-01	2.736E-02	1.207E-01	1.276E-01	0.000E+00	0.000E+00	2.757E-01	2.483E-01	
1.310E-01	2.717E-02	1.206E-01	1.262E-01	0.000E+00	0.000E+00	2.739E-01	2.467E-01	
1.315E-01	2.698E-02	1.205E-01	1.247E-01	0.000E+00	0.000E+00	2.722E-01	2.452E-01	
1.320E-01	2.679E-02	1.204E-01	1.233E-01	0.000E+00	0.000E+00	2.705E-01	2.437E-01	
1.325E-01	2.660E-02	1.203E-01	1.219E-01	0.000E+00	0.000E+00	2.688E-01	2.422E-01	
1.330E-01	2.642E-02	1.202E-01	1.205E-01	0.000E+00	0.000E+00	2.671E-01	2.407E-01	
1.335E-01	2.623E-02	1.201E-01	1.191E-01	0.000E+00	0.000E+00	2.654E-01	2.392E-01	
1.340E-01	2.605E-02	1.200E-01	1.177E-01	0.000E+00	0.000E+00	2.638E-01	2.378E-01	
1.345E-01	2.587E-02	1.199E-01	1.164E-01	0.000E+00	0.000E+00	2.622E-01	2.363E-01	
1.350E-01	2.569E-02	1.198E-01	1.151E-01	0.000E+00	0.000E+00	2.606E-01	2.349E-01	
1.355E-01	2.552E-02	1.198E-01	1.138E-01	0.000E+00	0.000E+00	2.591E-01	2.336E-01	
1.360E-01	2.534E-02	1.197E-01	1.125E-01	0.000E+00	0.000E+00	2.575E-01	2.322E-01	
1.365E-01	2.517E-02	1.196E-01	1.113E-01	0.000E+00	0.000E+00	2.560E-01	2.309E-01	
1.370E-01	2.500E-02	1.195E-01	1.100E-01	0.000E+00	0.000E+00	2.545E-01	2.295E-01	
1.375E-01	2.483E-02	1.194E-01	1.088E-01	0.000E+00	0.000E+00	2.530E-01	2.282E-01	
1.380E-01	2.467E-02	1.193E-01	1.076E-01	0.000E+00	0.000E+00	2.516E-01	2.269E-01	
1.385E-01	2.450E-02	1.192E-01	1.064E-01	0.000E+00	0.000E+00	2.502E-01	2.257E-01	
1.390E-01	2.434E-02	1.191E-01	1.053E-01	0.000E+00	0.000E+00	2.487E-01	2.244E-01	
1.395E-01	2.418E-02	1.190E-01	1.041E-01	0.000E+00	0.000E+00	2.473E-01	2.232E-01	
1.400E-01	2.402E-02	1.189E-01	1.030E-01	0.000E+00	0.000E+00	2.460E-01	2.219E-01	
1.405E-01	2.386E-02	1.188E-01	1.019E-01	0.000E+00	0.000E+00	2.446E-01	2.207E-01	
1.410E-01	2.370E-02	1.188E-01	1.008E-01	0.000E+00	0.000E+00	2.432E-01	2.195E-01	
1.415E-01	2.354E-02	1.187E-01	9.970E-02	0.000E+00	0.000E+00	2.419E-01	2.184E-01	
1.420E-01	2.339E-02	1.186E-01	9.864E-02	0.000E+00	0.000E+00	2.406E-01	2.172E-01	
1.425E-01	2.324E-02	1.185E-01	9.758E-02	0.000E+00	0.000E+00	2.393E-01	2.161E-01	
1.430E-01	2.309E-02	1.184E-01	9.655E-02	0.000E+00	0.000E+00	2.380E-01	2.149E-01	
1.435E-01	2.294E-02	1.183E-01	9.552E-02	0.000E+00	0.000E+00	2.368E-01	2.138E-01	
1.440E-01	2.279E-02	1.182E-01	9.452E-02	0.000E+00	0.000E+00	2.355E-01	2.127E-01	
1.445E-01	2.264E-02	1.181E-01	9.352E-02	0.000E+00	0.000E+00	2.343E-01	2.116E-01	
1.450E-01	2.250E-02	1.180E-01	9.254E-02	0.000E+00	0.000E+00	2.331E-01	2.106E-01	
1.455E-01	2.235E-02	1.179E-01	9.158E-02	0.000E+00	0.000E+00	2.319E-01	2.095E-01	
1.460E-01	2.221E-02	1.179E-01	9.062E-02	0.000E+00	0.000E+00	2.307E-01	2.085E-01	
1.465E-01	2.207E-02	1.178E-01	8.968E-02	0.000E+00	0.000E+00	2.295E-01	2.074E-01	
1.470E-01	2.193E-02	1.177E-01	8.875E-02	0.000E+00	0.000E+00	2.284E-01	2.064E-01	
1.475E-01	2.179E-02	1.176E-01	8.784E-02	0.000E+00	0.000E+00	2.272E-01	2.054E-01	
1.480E-01	2.165E-02	1.175E-01	8.694E-02	0.000E+00	0.000E+00	2.261E-01	2.044E-01	
1.485E-01	2.151E-02	1.174E-01	8.605E-02	0.000E+00	0.000E+00	2.250E-01	2.035E-01	
1.490E-01	2.138E-02	1.173E-01	8.517E-02	0.000E+00	0.000E+00	2.239E-01	2.025E-01	
1.495E-01	2.125E-02	1.172E-01	8.431E-02	0.000E+00	0.000E+00	2.228E-01	2.015E-01	
1.500E-01	2.111E-02	1.171E-01	8.345E-02	0.000E+00	0.000E+00	2.217E-01	2.006E-01	
1.505E-01	2.098E-02	1.170E-01	8.261E-02	0.000E+00	0.000E+00	2.206E-01	1.997E-01	
1.510E-01	2.085E-02	1.170E-01	8.178E-02	0.000E+00	0.000E+00	2.196E-01	1.987E-01	
1.515E-01	2.072E-02	1.169E-01	8.096E-02	0.000E+00	0.000E+00	2.186E-01	1.978E-01	
1.520E-01	2.060E-02	1.168E-01	8.015E-02	0.000E+00	0.000E+00	2.175E-01	1.969E-01	
1.525E-01	2.047E-02	1.167E-01	7.935E-02	0.000E+00	0.000E+00	2.165E-01	1.960E-01	
1.530E-01	2.035E-02	1.166E-01	7.857E-02	0.000E+00	0.000E+00	2.155E-01	1.952E-01	
1.535E-01	2.022E-02	1.165E-01	7.779E-02	0.000E+00	0.000E+00	2.145E-01	1.943E-01	
1.540E-01	2.010E-02	1.164E-01	7.702E-02	0.000E+00	0.000E+00	2.135E-01	1.934E-01	
1.545E-01	1.998E-02	1.163E-01	7.626E-02	0.000E+00	0.000E+00	2.126E-01	1.926E-01	
1.550E-01	1.986E-02	1.162E-01	7.552E-02	0.000E+00	0.000E+00	2.116E-01	1.918E-01	
1.555E-01	1.974E-02	1.162E-01	7.478E-02	0.000E+00	0.000E+00	2.107E-01	1.909E-01	
1.560E-01	1.962E-02	1.161E-01	7.405E-02	0.000E+00	0.000E+00	2.097E-01	1.901E-01	
1.565E-01	1.950E-02	1.160E-01	7.333E-02	0.000E+00	0.000E+00	2.088E-01	1.893E-01	
1.570E-01	1.938E-02	1.159E-01	7.263E-02	0.000E+00	0.000E+00	2.079E-01	1.885E-01	
1.575E-01	1.927E-02	1.158E-01	7.193E-02	0.000E+00	0.000E+00	2.070E-01	1.877E-01	
1.580E-01	1.916E-02	1.157E-01	7.124E-02	0.000E+00	0.000E+00	2.061E-01	1.870E-01	
1.585E-01	1.904E-02	1.156E-01	7.055E-02	0.000E+00	0.000E+00	2.052E-01	1.862E-01	
1.590E-01	1.893E-02	1.155E-01	6.988E-02	0.000E+00	0.000E+00	2.044E-01	1.854E-01	
1.595E-01	1.882E-02	1.155E-01	6.922E-02	0.000E+00	0.000E+00	2.035E-01	1.847E-01	
1.600E-01	1.871E-02	1.154E-01	6.856E-02	0.000E+00	0.000E+00	2.026E-01	1.839E-01	
1.605E-01	1.860E-02	1.153E-01	6.791E-02	0.000E+00	0.000E+00	2.018E-01	1.832E-01	
1.610E-01	1.849E-02	1.152E-01	6.727E-02	0.000E+00	0.000E+00	2.010E-01	1.825E-01	
1.615E-01	1.838E-02	1.151E-01	6.664E-02	0.000E+00	0.000E+00	2.001E-01	1.817E-01	
1.620E-01	1.828E-02	1.150E-01	6.602E-02	0.000E+00	0.000E+00	1.993E-01	1.810E-01	
1.625E-01	1.817E-02	1.149E-01	6.540E-02	0.000E+00	0.000E+00	1.985E-01	1.803E-01	
1.630E-01	1.807E-02	1.148E-01	6.479E-02	0.000E+00	0.000E+00	1.977E-01	1.796E-01	
1.635E-01	1.796E-02	1.148E-01	6.419E-02	0.000E+00	0.000E+00	1.969E-01	1.789E-01	
1.640E-01	1.786E-02	1.147E-01	6.360E-02	0.000E+00	0.000E+00	1.961E-01	1.783E-01	
1.645E-01	1.776E-02	1.146E-01	6.301E-02	0.000E+00	0.000E+00	1.954E-01	1.776E-01	
1.650E-01	1.766E-02	1.145E-01	6.243E-02	0.000E+00	0.000E+00	1.946E-01	1.769E-01	
1.655E-01	1.756E-02	1.144E-01	6.186E-02	0.000E+00	0.000E+00	1.938E-01	1.763E-01	
1.660E-01	1.746E-02	1.143E-01	6.130E-02	0.000E+00	0.000E+00	1.931E-01	1.756E-01	
1.665E-01	1.736E-02	1.142E-01	6.074E-02	0.000E+00	0.000E+00	1.923E-01	1.750E-01	
1.670E-01	1.726E-02	1.142E-01	6.019E-02	0.000E+00	0.000E+00	1.916E-01	1.743E-01	
1.675E-01	1.716E-02	1.141E-01	5.964E-02	0.000E+00	0.000E+00	1.909E-01	1.737E-01	
1.680E-01	1.707E-02	1.140E-01	5.911E-02	0.000E+00	0.000E+00	1.902E-01	1.731E-01	
1.685E-01	1.697E-02	1.139E-01	5.858E-02	0.000E+00	0.000E+00	1.894E-01	1.725E-01	
1.690E-01	1.688E-02	1.138E-01	5.805E-02	0.000E+00	0.000E+00	1.887E-01	1.719E-01	
1.695E-01	1.678E-02	1.137E-01	5.753E-02	0.000E+00	0.000E+00	1.880E-01	1.713E-01	
1.700E-01	1.669E-02	1.136E-01	5.702E-02	0.000E+00	0.000E+00	1.874E-01	1.707E-01	
1.705E-01	1.660E-02	1.136E-01	5.651E-02	0.000E+00	0.000E+00	1.867E-01	1.701E-01	
1.710E-01	1.651E-02	1.135E-01	5.601E-02	0.000E+00	0.000E+00	1.860E-01	1.695E-01	
1.715E-01	1.641E-02	1.134E-01	5.552E-02	0.000E+00	0.000E+00	1.853E-01	1.689E-01	
1.720E-01	1.632E-02	1.133E-01	5.503E-02	0.000E+00	0.000E+00	1.847E-01	1.683E-01	
1.725E-01	1.624E-02	1.132E-01	5.455E-02	0.000E+00	0.000E+00	1.840E-01	1.678E-01	
1.730E-01	1.615E-02	1.131E-01	5.407E-02	0.000E+00	0.000E+00	1.834E-01	1.672E-01	
1.735E-01	1.606E-02	1.131E-01	5.360E-02	0.000E+00	0.000E+00	1.827E-01	1.667E-01	
1.740E-01	1.597E-02	1.130E-01	5.313E-02	0.000E+00	0.000E+00	1.821E-01	1.661E-01	
1.745E-01	1.589E-02	1.129E-01	5.267E-02	0.000E+00	0.000E+00	1.814E-01	1.656E-01	
1.750E-01	1.580E-02	1.128E-01	5.222E-02	0.000E+00	0.000E+00	1.808E-01	1.650E-01	
1.755E-01	1.572E-02	1.127E-01	5.177E-02	0.000E+00	0.000E+00	1.802E-01	1.645E-01	
1.760E-01	1.563E-02	1.126E-01	5.132E-02	0.000E+00	0.000E+00	1.796E-01	1.640E-01	
1.765E-01	1.555E-02	1.126E-01	5.088E-02	0.000E+00	0.000E+00	1.790E-01	1.634E-01	
1.770E-01	1.546E-02	1.125E-01	5.045E-02	0.000E+00	0.000E+00	1.784E-01	1.629E-01	
1.775E-01	1.538E-02	1.124E-01	5.002E-02	0.000E+00	0.000E+00	1.778E-01	1.624E-01	
1.780E-01	1.530E-02	1.123E-01	4.959E-02	0.000E+00	0.000E+00	1.772E-01	1.619E-01	
1.785E-01	1.522E-02	1.122E-01	4.917E-02	0.000E+00	0.000E+00	1.766E-01	1.614E-01	
1.790E-01	1.514E-02	1.121E-01	4.876E-02	0.000E+00	0.000E+00	1.760E-01	1.609E-01	
1.795E-01	1.506E-02	1.121E-01	4.835E-02	0.000E+00	0.000E+00	1.755E-01	1.604E-01	
1.800E-01	1.498E-02	1.120E-01	4.794E-02	0.000E+00	0.000E+00	1.749E-01	1.599E-01	
1.805E-01	1.490E-02	1.119E-01	4.754E-02	0.000E+00	0.000E+00	1.743E-01	1.594E-01	
1.810E-01	1.482E-02	1.118E-01	4.715E-02	0.000E+00	0.000E+00	1.738E-01	1.590E-01	
1.815E-01	1.475E-02	1.117E-01	4.675E-02	0.000E+00	0.000E+00	1.732E-01	1.585E-01	
1.820E-01	1.467E-02	1.116E-01	4.637E-02	0.000E+00	0.000E+00	1.727E-01	1.580E-01	
1.825E-01	1.459E-02	1.116E-01	4.598E-02	0.000E+00	0.000E+00	1.721E-01	1.575E-01	
1.830E-01	1.452E-02	1.115E-01	4.560E-02	0.000E+00	0.000E+00	1.716E-01	1.571E-01	
1.835E-01	1.444E-02	1.114E-01	4.523E-02	0.000E+00	0.000E+00	1.711E-01	1.566E-01	
1.840E-01	1.437E-02	1.113E-01	4.486E-02	0.000E+00	0.000E+00	1.705E-01	1.562E-01	
1.845E-01	1.430E-02	1.112E-01	4.449E-02	0.000E+00	0.000E+00	1.700E-01	1.557E-01	
1.850E-01	1.422E-02	1.112E-01	4.413E-02	0.000E+00	0.000E+00	1.695E-01	1.553E-01	
1.855E-01	1.415E-02	1.111E-01	4.377E-02	0.000E+00	0.000E+00	1.690E-01	1.548E-01	
1.860E-01	1.408E-02	1.110E-01	4.341E-02	0.000E+00	0.000E+00	1.685E-01	1.544E-01	
1.865E-01	1.401E-02	1.109E-01	4.306E-02	0.000E+00	0.000E+00	1.680E-01	1.540E-01	
1.870E-01	1.393E-02	1.108E-01	4.272E-02	0.000E+00	0.000E+00	1.675E-01	1.535E-01	
1.875E-01	1.386E-02	1.108E-01	4.237E-02	0.000E+00	0.000E+00	1.670E-01	1.531E-01	
1.880E-01	1.379E-02	1.107E-01	4.203E-02	0.000E+00	0.000E+00	1.665E-01	1.527E-01	
1.885E-01	1.373E-02	1.106E-01	4.170E-02	0.000E+00	0.000E+00	1.660E-01	1.523E-01	
1.890E-01	1.366E-02	1.105E-01	4.136E-02	0.000E+00	0.000E+00	1.655E-01	1.519E-01	
1.895E-01	1.359E-02	1.104E-01	4.104E-02	0.000E+00	0.000E+00	1.651E-01	1.515E-01	
1.900E-01	1.352E-02	1.104E-01	4.071E-02	0.000E+00	0.000E+00	1.646E-01	1.511E-01	
1.905E-01	1.345E-02	1.103E-01	4.039E-02	0.000E+00	0.000E+00	1.641E-01	1.507E-01	
1.910E-01	1.339E-02	1.102E-01	4.007E-02	0.000E+00	0.000E+00	1.637E-01	1.503E-01	
1.915E-01	1.332E-02	1.101E-01	3.975E-02	0.000E+00	0.000E+00	1.632E-01	1.499E-01	
1.920E-01	1.325E-02	1.100E-01	3.944E-02	0.000E+00	0.000E+00	1.627E-01	1.495E-01	
1.925E-01	1.319E-02	1.100E-01	3.913E-02	0.000E+00	0.000E+00	1.623E-01	1.491E-01	
1.930E-01	1.312E-02	1.099E-01	3.883E-02	0.000E+00	0.000E+00	1.618E-01	1.487E-01	
1.935E-01	1.306E-02	1.098E-01	3.853E-02	0.000E+00	0.000E+00	1.614E-01	1.483E-01	
1.940E-01	1.300E-02	1.097E-01	3.823E-02	0.000E+00	0.000E+00	1.609E-01	1.480E-01	
1.945E-01	1.293E-02	1.096E-01	3.793E-02	0.000E+00	0.000E+00	1.605E-01	1.476E-01	
1.950E-01	1.287E-02	1.096E-01	3.764E-02	0.000E+00	0.000E+00	1.601E-01	1.472E-01	
1.955E-01	1.281E-02	1.095E-01	3.735E-02	0.000E+00	0.000E+00	1.596E-01	1.468E-01	
1.960E-01	1.274E-02	1.094E-01	3.706E-02	0.000E+00	0.000E+00	1.592E-01	1.465E-01	
1.965E-01	1.268E-02	1.093E-01	3.678E-02	0.000E+00	0.000E+00	1.588E-01	1.461E-01	
1.970E-01	1.262E-02	1.093E-01	3.650E-02	0.000E+00	0.000E+00	1.584E-01	1.458E-01	
1.975E-01	1.256E-02	1.092E-01	3.622E-02	0.000E+00	0.000E+00	1.580E-01	1.454E-01	
1.980E-01	1.250E-02	1.091E-01	3.595E-02	0.000E+00	0.000E+00	1.575E-01	1.450E-01	
1.985E-01	1.244E-02	1.090E-01	3.567E-02	0.000E+00	0.000E+00	1.571E-01	1.447E-01	
1.990E-01	1.238E-02	1.089E-01	3.541E-02	0.000E+00	0.000E+00	1.567E-01	1.444E-01	
1.995E-01	1.232E-02	1.089E-01	3.514E-02	0.000E+00	0.000E+00	1.563E-01	1.440E-01	
2.000E-01	1.226E-02	1.088E-01	3.487E-02	0.000E+00	0.000E+00	1.559E-01	1.437E-01	
