0.15
0.1505
0.151
0.1515
0.152
0.1525
0.153
0.1535
0.154
0.1545
0.155
0.1555
0.156
0.1565
0.157
0.1575
0.158
0.1585
0.159
0.1595
0.16
0.1605
0.161
0.1615
0.162
0.1625
0.163
0.1635
0.164
0.1645
0.165
0.1655
0.166
0.1665
0.167
0.1675
0.168
0.1685
0.169
0.1695
0.17
0.1705
0.171
0.1715
0.172
0.1725
0.173
0.1735
0.174
0.1745
0.175
0.1755
0.176
0.1765
0.177
0.1775
0.178
0.1785
0.179
0.1795
0.18
0.1805
0.181
0.1815
0.182
0.1825
0.183
0.1835
0.184
0.1845
0.185
0.1855
0.186
0.1865
0.187
0.1875
0.188
0.1885
0.189
0.1895
0.19
0.1905
0.191
0.1915
0.192
0.1925
0.193
0.1935
0.194
0.1945
0.195
0.1955
0.196
0.1965
0.197
0.1975
0.198
0.1985
0.199
0.1995
