0.05
0.0505
0.051
0.0515
0.052
0.0525
0.053
0.0535
0.054
0.0545
0.055
0.0555
0.056
0.0565
0.057
0.0575
0.058
0.0585
0.059
0.0595
0.06
0.0605
0.061
0.0615
0.062
0.0625
0.063
0.0635
0.064
0.0645
0.065
0.0655
0.066
0.0665
0.067
0.0675
0.068
0.0685
0.069
0.0695
0.07
0.0705
0.071
0.0715
0.072
0.0725
0.073
0.0735
0.074
0.0745
0.075
0.0755
0.076
0.0765
0.077
0.0775
0.078
0.0785
0.079
0.0795
0.08
0.0805
0.081
0.0815
0.082
0.0825
0.083
0.0835
0.084
0.0845
0.085
0.0855
0.086
0.0865
0.087
0.0875
0.088
0.0885
0.089
0.0895
0.09
0.0905
0.091
0.0915
0.092
0.0925
0.093
0.0935
0.094
0.0945
0.095
0.0955
0.096
0.0965
0.097
0.0975
0.098
0.0985
0.099
0.0995
