1
6
9
10
18
21
26
37
38
45
46
49
50
54
59
65
70
73
77
90
93
101
106
113
126
130
131
146
150
166
181
182
191
194
197
201
202
209
214
221
225
233
242
250
253
269
271
273
285
286
290
291
294
295
297
298
299
302
305
307
313
314
318
322
345
347
362
369
375
377
386
389
393
394
399
401
406
410
411
423
429
430
434
443
446
458
459
466
470
471
473
486
487
489
495
499
501
502
503
507
514
529
542
546
550
554
561
562
574
585
593
598
602
605
614
622
654
662
673
678
681
697
702
707
714
718
722
733
745
749
753
754
761
765
773
781
782
785
790
802
809
818
819
825
830
842
850
858
865
866
873
874
885
894
905
910
913
914
917
926
929
934
941
953
966
970
978
993
998
1001
1002
1009
1013
1022
1026
1033
1042
1053
1058
1066
1069
1070
1077
1078
1093
1097
1117
1133
1135
1138
1141
1142
1150
1158
1161
1165
1181
1197
1226
1229
1241
1245
1253
1266
1269
1274
1277
1278
1289
1292
1294
1295
1297
1303
1309
1317
1329
1330
1331
1335
1338
1342
1351
1362
1366
1369
1385
1386
1389
1390
1398
1399
1402
1414
1415
1418
1423
1426
1429
1433
1439
1441
1445
1446
1454
1467
1475
1477
1481
1485
1489
1498
1499
1505
1507
1510
1511
1513
1514
1515
1517
1519
1521
1525
1534
1535
1538
1541
1546
1550
1553
1557
1558
1561
1566
1569
1574
1578
1582
1585
1593
1594
1597
1606
1617
1618
1625
1646
1650
1653
1657
1661
1662
1669
1670
1677
1685
1689
1698
1701
1702
1710
1714
1718
1725
1733
1737
1738
1741
1746
1750
1762
1771
1773
1774
1778
1780
1790
1793
1797
1801
1806
1807
1813
1817
1821
1830
1834
1838
1842
1850
1853
1857
1858
1862
1866
1874
1889
1890
1901
1910
1914
1918
1925
1929
1938
1941
1945
1950
1953
1958
1962
1965
1966
1977
1982
1986
1993
1997
1998
2009
2010
2013
2021
2026
2033
2037
2042
2053
2057
2065
2077
2082
2086
2105
2121
2129
2134
2137
2146
2150
2158
2161
2165
2170
2186
2189
2193
2197
2205
2209
2210
2221
2222
2226
2237
2238
2242
2246
2254
2261
2265
2274
2281
2282
2285
2287
2294
2297
2301
2307
2309
2310
2314
2318
2326
2329
2333
2337
2338
2346
2347
2349
2365
2374
2375
2393
2402
2403
2405
2413
2417
2421
2422
2425
2427
2431
2438
2439
2447
2455
2463
2465
2466
2473
2477
2482
2486
2490
2493
2494
2499
2506
2507
2510
2513
2533
2535
2542
2551
2557
2565
2569
2581
2582
2586
2590
2594
2601
2602
2603
2606
2614
2617
2622
2629
2630
2633
2637
2639
2641
2642
2645
2653
2670
2681
2687
2689
2693
2694
2698
2701
2709
2718
2737
2739
2757
2774
2781
2785
2793
2802
2814
2817
2821
2825
2827
2833
2838
2842
2850
2858
2862
2869
2873
2877
2878
2881
2890
2893
2895
2897
2909
2925
2926
2929
2941
2950
2961
2963
2969
2973
2974
2981
2982
2991
2993
2994
3002
3003
3005
3006
3009
3017
3026
3031
3037
3045
3046
3061
3069
3073
3081
3094
3102
3110
3118
3121
3122
3133
3137
3146
3150
3154
3158
3165
3170
3181
3185
3186
3190
3198
3202
3206
3210
3213
3229
3233
3241
3253
3257
3258
3265
3266
3270
3273
3274
3277
3278
3285
3286
3290
3294
3306
3309
3310
3313
3315
3317
3322
3329
3330
3331
3345
3349
3359
3371
3373
3377
3379
3385
3390
3391
3403
3406
3413
3414
3426
3429
3430
3435
3437
3466
3467
3475
3478
3479
3489
3490
3494
3501
3513
3515
3519
3523
3529
3531
3533
3535
3538
3539
3542
3545
3561
3562
3567
3574
3577
3578
3581
3594
3606
3607
3614
3626
3627
3630
3638
3641
3649
3650
3658
3669
3673
3674
3677
3678
3685
3689
3690
3702
3703
3705
3706
3718
3733
3734
3737
3738
3742
3749
3762
3763
3765
3774
3790
3794
3805
3829
3830
3837
3838
3849
3853
3862
3865
3866
3885
3906
3929
3933
3941
3950
3957
3958
3961
3969
3974
3982
3986
3989
3995
4022
4034
4037
4053
4062
4069
4073
4082
4090
4094
4098
4102
4110
4113
4118
4121
4125
4129
4138
4146
4153
4157
4182
4189
4190
4191
4194
4214
4218
4226
4229
4230
4241
4249
4254
4257
4258
4261
4265
4273
4277
4297
4306
4313
4342
4345
4346
4370
4383
4389
4410
4411
4413
4414
4422
4441
4442
4443
4445
4454
4470
4472
4483
4485
4486
4487
4490
4497
4507
4519
4521
4525
4527
4529
4538
4546
4550
4569
4571
4574
4578
4585
4589
4617
4625
4635
4638
4639
4640
4681
4689
4698
4702
4703
4705
4706
4713
4714
4726
4730
4733
4734
4738
4750
4765
4787
4790
4793
4801
4805
4806
4817
4825
4837
4845
4853
4854
4857
4861
4869
4870
4881
4883
4885
4894
4902
4913
4917
4926
4927
4933
4942
4954
4957
4966
4969
4970
4977
4986
4993
5017
5018
5022
5030
5042
5046
5054
5058
5061
5066
5073
5085
5089
5090
5094
5098
5101
5102
5109
5110
5114
5122
5125
5126
5138
5142
5150
5161
5162
5170
5189
5193
5202
5206
5209
5210
5225
5237
5241
5249
5257
5258
5262
5270
5274
5278
5286
5298
5305
5306
5313
5322
5323
5337
5342
5346
5349
5354
5357
5361
5362
5366
5369
5370
5382
5386
5391
5395
5398
5401
5402
5405
5410
5411
5425
5435
5438
5446
5449
5450
5455
5457
5459
5461
5463
5467
5471
5477
5482
5483
5485
5487
5490
5493
5494
5499
5505
5507
5510
5517
5531
5541
5545
5547
5550
5558
5565
5570
5578
5587
5589
5607
5610
5611
5615
5626
5633
5638
5642
5645
5662
5670
5672
5675
5678
5682
5689
5697
5698
5703
5714
5717
5721
5722
5725
5729
5738
5741
5749
5753
5761
5766
5774
5777
5778
5787
5789
5805
5813
5833
5834
5836
5837
5838
5842
5843
5866
5867
5874
5886
5890
5894
5898
5917
5925
5933
5938
5941
5946
5949
5954
5957
5958
5966
5970
5982
5989
5990
5993
5994
5997
6001
6018
6021
6026
6033
6038
6054
6058
6061
6066
6078
6082
6089
6090
6093
6102
6106
6114
6115
6121
6126
6129
6133
6137
6142
6150
6158
6166
6178
6185
6190
6193
6197
6201
6202
6222
6233
6234
6237
6241
6242
6243
6246
6249
6261
6274
6281
6298
6310
6317
6325
6326
6350
6351
6358
6362
6370
6393
6395
6401
6405
6413
6414
6427
6429
6435
6437
6440
6455
6458
6462
6470
6482
6489
6490
6502
6503
6505
6507
6511
6513
6514
6517
6521
6526
6534
6537
6538
6539
6542
6546
6549
6550
6554
6555
6566
6574
6575
6577
6579
6587
6601
6605
6618
6623
6627
6631
6637
6645
6650
6662
6663
6673
6674
6677
6682
6685
6689
6694
6698
6701
6705
6718
6722
6729
6731
6745
6750
6753
6761
6773
6774
6782
6786
6795
6798
6801
6802
6806
6810
6813
6817
6818
6830
6831
6839
6857
6863
6873
6874
6885
6893
6894
6905
6906
6921
6937
6938
6945
6953
6957
6965
6966
6978
6986
6998
7010
7013
7021
7025
7029
7054
7058
7061
7085
7094
7105
7117
7121
7122
7133
7141
7146
7153
7158
7170
7174
7178
7193
7201
7209
7210
7225
7226
7230
7249
7250
7253
7265
7269
7277
7282
7290
7298
7302
7314
7318
7321
7330
7335
7341
7349
7353
7382
7393
7401
7405
7413
7414
7422
7431
7434
7438
7441
7445
7453
7455
7457
7469
7473
7478
7487
7490
7497
7499
7507
7515
7517
7521
7526
7538
7545
7546
7547
7551
7558
7566
7567
7577
7578
7579
7586
7591
7595
7597
7601
7607
7611
7614
7623
7625
7626
7638
7641
7649
7653
7657
7658
7662
7669
7670
7673
7686
7690
7697
7701
7702
7707
7717
7718
7721
7729
7733
7737
7738
7739
7741
7742
7746
7757
7761
7766
7767
7774
7778
7786
7789
7790
7794
7802
7819
7822
7827
7838
7849
7851
7854
7865
7869
7870
7893
7898
7901
7902
7906
7910
7914
7922
7938
7941
7942
7946
7949
7950
7970
7973
7974
7994
7997
7998
8001
8009
8010
8017
8018
8021
8025
8029
8030
8037
8042
8066
8073
8078
8081
8085
8086
8089
8094
8097
8113
8126
8127
8129
8134
8138
8145
8146
8149
8150
8157
8161
8167
8170
8174
8185
8186
8189
8194
8205
8210
8225
8226
8234
8237
8242
8257
8261
8278
8282
8286
8287
8297
8301
8306
8309
8313
8318
8326
8350
8353
8358
8377
8385
8390
8398
8413
8417
8422
8425
8430
8450
8453
8457
8479
8485
8494
8502
8503
8509
8511
8514
8517
8518
8519
8521
8539
8545
8549
8553
8559
8561
8565
8573
8579
8582
8589
8597
8605
8606
8609
8610
8622
8627
8633
8634
8635
8643
8648
8659
8663
8666
8669
8675
8679
8683
8687
8691
8693
8702
8705
8709
8710
8713
8718
8721
8725
8726
8729
8738
8745
8746
8750
8753
8757
8761
8781
8789
8797
8798
8801
8805
8813
8821
8830
8833
8841
8845
8854
8861
8862
8866
8869
8870
8878
8885
8890
8902
8906
8909
8910
8918
8922
8930
8933
8934
8937
8938
8942
8954
8958
8961
8969
8974
8982
8985
8993
8998
9010
9017
9018
9022
9031
9039
9041
9042
9065
9066
9069
9086
9094
9097
9102
9109
9117
9118
9125
9130
9134
9149
9154
9162
9169
9173
9182
9187
9189
9198
9201
9202
9203
9209
9221
9222
9250
9253
9254
9257
9262
9265
9269
9297
9302
9310
9322
9329
9333
9337
9342
9353
9354
9365
9373
9374
9397
9401
9409
9413
9414
9417
9437
9438
9470
9475
9486
9487
9497
9521
9525
9530
9537
9538
9541
9542
9545
9547
9549
9550
9553
9554
9561
9571
9574
9585
9590
9591
9597
9599
9601
9602
9606
9607
9610
9614
9618
9621
9623
9634
9637
9638
9645
9646
9647
9654
9655
9662
9663
9670
9671
9678
9682
9683
9685
9691
9697
9705
9709
9710
9722
9723
9727
9733
9745
9753
9762
9765
9766
9767
9769
9781
9786
9798
9801
9806
9814
9817
9825
9829
9831
9845
9846
9850
9853
9858
9861
9862
9869
9873
9878
9881
9889
9906
9909
9926
9929
9934
9937
9938
9949
9975
9990
9993
10001
10002
10014
10015
10017
10022
10033
10034
10050
10051
10053
10074
10077
10078
10085
10090
10093
10097
10101
10106
10113
10119
10122
10135
10141
10142
10145
10149
10153
10162
10169
10174
10182
10186
10194
10197
10202
10210
10214
10225
10237
10242
10245
10246
10249
10254
10261
10265
10270
10273
10274
10277
10285
10290
10309
10321
10329
10342
10346
10349
10369
10373
10389
10398
10401
10406
10409
10413
10417
10418
10422
10426
10434
10437
10442
10465
10470
10478
10481
10482
10494
10497
10506
10507
10517
10519
10522
10525
10527
10530
10537
10538
10541
10542
10545
10551
10565
10570
10578
10585
10598
10602
10603
10605
10611
10614
10626
10627
10631
10633
10637
10639
10645
10646
10650
10651
10657
10659
10663
10667
10674
10677
10682
10687
10702
10707
10713
10717
10725
10729
10742
10746
10749
10750
10753
10754
10755
10758
10759
10762
10782
10785
10802
10818
10825
10845
10849
10853
10862
10869
10873
10874
10885
10886
10889
10893
10894
10898
10901
10905
10914
10917
10918
10921
10929
10930
10953
10954
10958
10969
10973
10974
10978
11002
11006
11013
11014
11022
11025
11027
11029
11030
11034
11038
11055
11058
11061
11062
11066
11070
11077
11078
11090
11098
11102
11110
11113
11114
11125
11126
11129
11130
11141
11142
11147
11165
11194
11206
11209
11214
11217
11222
11225
11229
11233
11234
11237
11241
11242
11246
11253
11297
11298
11301
11305
11310
11321
11325
11330
11333
11337
11345
11346
11350
11353
11374
11377
11378
11381
11383
11386
11390
11409
11417
11425
11429
11430
11462
11465
11470
11474
11478
11482
11486
11493
11498
11501
11502
11505
11526
11537
11541
11549
11554
11555
11558
11562
11578
11582
11583
11589
11601
11602
11606
11617
11623
11625
11631
11634
11638
11645
11661
11662
11663
11665
11673
11685
11689
11691
11702
11705
11706
11711
11713
11730
11731
11738
11745
11749
11755
11758
11763
11766
11770
11773
11785
11786
11793
11798
11802
11806
11807
11813
11814
11817
11818
11821
11826
11829
11841
11842
11858
11865
11866
11869
11877
11886
11897
11902
11921
11938
11939
11941
11942
11951
11953
11965
11967
11973
11989
12007
12010
12017
12018
12021
12022
12026
12029
12030
12031
12038
12041
12045
12049
12055
12057
12062
12065
12086
12093
12113
12118
12122
12133
12146
12149
12150
12153
12157
12158
12161
12169
12170
12190
12197
12201
12214
12233
12242
12250
12261
12273
12278
12281
12283
12294
12302
12306
12309
12310
12314
12326
12330
12333
12338
12345
12349
12357
12366
12378
12386
12390
12393
12397
12405
12406
12414
12418
12425
12433
12441
12442
12445
12454
12458
12465
12470
12473
12486
12493
12494
12538
12549
12550
12555
12563
12565
12570
12571
12575
12579
12582
12583
12586
12587
12599
12607
12610
12619
12621
12622
12625
12630
12650
12655
12658
12662
12663
12669
12681
12693
12695
12699
12701
12706
12721
12727
12733
12742
12746
12750
12755
12758
12762
12766
12769
12778
12782
12785
12786
12790
12791
12794
12809
12818
12822
12827
12829
12830
12841
12842
12845
12850
12861
12865
12877
12894
12901
12902
12914
12929
12938
12939
12942
12950
12954
12962
12965
12974
12981
12986
13005
13017
13022
13025
13033
13038
13042
13045
13053
13061
13062
13065
13074
13085
13089
13097
13098
13101
13106
13117
13118
13129
13154
13169
13174
13177
13181
13190
13198
13202
13210
13219
13221
13222
13237
13239
13250
13265
13281
13293
13294
13313
13322
13325
13327
13333
13341
13342
13351
13353
13366
13369
13373
13374
13378
13393
13401
13406
13409
13421
13431
13437
13454
13466
13469
13477
13478
13481
13485
13490
13501
13506
13509
13513
13517
13525
13533
13537
13545
13554
13557
13558
13562
13566
13575
13577
13578
13591
13595
13598
13602
13605
13610
13611
13612
13614
13618
13625
13627
13634
13635
13641
13642
13643
13645
13655
13658
13661
13663
13673
13683
13685
13686
13689
13701
13705
13706
13707
13719
13721
13727
13729
13732
13733
13734
13743
13745
13750
13753
13757
13765
13770
13774
13778
13781
13782
13783
13793
13796
13801
13802
13807
13811
13814
13815
13819
13825
13830
13837
13841
13845
13850
13857
13858
13865
13866
13870
13874
13885
13889
13890
13901
13902
13909
13910
13913
13918
13921
13922
13934
13938
13946
13953
13954
13966
13967
13974
13977
13985
13993
13994
14021
14030
14033
14042
14049
14058
14062
14065
14066
14074
14077
14097
14114
14121
14125
14129
14130
14141
14150
14157
14166
14170
14178
14206
14218
14221
14233
14237
14243
14246
14254
14257
14262
14266
14285
14286
14287
14294
14298
14302
14303
14310
14317
14338
14350
14354
14358
14365
14373
14401
14409
14413
14422
14429
14430
14433
14438
14441
14442
14445
14446
14449
14462
14473
14478
14482
14490
14513
14514
14521
14525
14533
14534
14541
14549
14554
14558
14565
14573
14582
14589
14594
14599
14606
14607
14613
14617
14621
14622
14623
14630
14643
14645
14647
14649
14661
14665
14682
14683
14686
14688
14691
14698
14699
14722
14730
14733
14734
14737
14739
14745
14747
14750
14751
14758
14759
14761
14764
14774
14775
14778
14795
14803
14805
14811
14813
14819
14830
14835
14853
14858
14862
14865
14866
14869
14877
14881
14886
14894
14898
14901
14913
14914
14921
14923
14926
14931
14938
14941
14942
14945
14949
14950
14954
14957
14958
14962
14970
14973
14982
14985
14986
14989
14990
14993
14997
15005
15006
15013
15021
15038
15045
15049
15057
15062
15065
15066
15070
15081
15086
15093
15105
15109
15114
15118
15121
15122
15125
15129
15134
15145
15150
15166
15170
15173
15182
15189
15193
15210
15214
15218
15222
15226
15230
15233
15238
15245
15254
15258
15261
15262
15266
15286
15289
15290
15293
15309
15313
15322
15334
15346
15354
15358
15361
15362
15369
15370
15377
15389
15390
15398
15409
15410
15422
15433
15437
15441
15446
15450
15458
15465
15469
15474
15486
15489
15493
15501
15517
15521
15522
15529
15542
15545
15558
15561
15569
15574
15582
15594
15597
15598
15602
15606
15613
15621
15623
15626
15630
15633
15637
15638
15642
15645
15646
15647
15650
15655
15657
15658
15659
15670
15674
15678
15683
15685
15686
15694
15695
15698
15717
15722
15726
15729
15730
15731
15738
15742
15746
15758
15765
15773
15778
15781
15782
15791
15793
15794
15803
15812
15813
15817
15818
15834
15843
15845
15849
15854
15863
15874
15877
15882
15883
15885
15886
15890
15897
15901
15902
15906
15914
15917
15922
15925
15930
15933
15934
15937
15938
15945
15949
15950
15957
15965
15973
15993
15998
16002
16009
16025
16030
16038
16042
16043
16046
16057
16065
16069
16070
16074
16077
16081
16082
16086
16093
16094
16097
16106
16109
16113
16118
16122
16125
16130
16134
16138
16142
16146
16150
16154
16162
16174
16181
16182
16185
16197
16201
16222
16229
16231
16233
16238
16241
16242
16245
16254
16261
16265
16270
16278
16279
16286
16289
16294
16302
16310
16330
16334
16345
16349
16357
16361
16366
16369
16378
16394
16405
16406
16414
16426
16430
16446
16449
16453
16462
16469
16470
16473
16485
16486
16489
16490
16497
16501
16502
16505
16506
16519
16533
16537
16541
16549
16557
16558
16570
16581
16582
16597
16598
16599
16602
16606
16607
16617
16618
16626
16630
16647
16654
16657
16658
16666
16671
16675
16682
16690
16699
16702
16714
16719
16722
16727
16743
16754
16757
16767
16771
16775
16777
16782
16787
16789
16790
16791
16805
16810
16817
16819
16827
16829
16835
16843
16849
16858
16861
16862
16881
16882
16885
16886
16893
16917
16921
16922
16931
16933
16934
16937
16938
16949
16958
16973
16979
16981
16982
16985
16990
17001
17014
17017
17018
17021
17027
17045
17046
17047
17057
17069
17074
17090
17094
17102
17117
17125
17126
17133
17134
17138
17143
17146
17158
17161
17166
17198
17205
17209
17237
17245
17246
17253
17255
17262
17270
17277
17293
17298
17301
17302
17306
17313
17321
17322
17325
17330
17337
17358
17361
17371
17374
17385
17386
17390
17397
17401
17402
17406
17413
17417
17421
17434
17445
17450
17453
17457
17461
17469
17477
17481
17482
17485
17489
17490
17497
17514
17517
17526
17566
17569
17581
17582
17585
17598
17605
17606
17610
17613
17618
17621
17634
17637
17638
17645
17649
17650
17654
17658
17665
17669
17670
17671
17674
17677
17681
17695
17699
17702
17703
17706
17709
17711
17712
17714
17718
17721
17722
17723
17727
17731
17733
17741
17742
17745
17765
17769
17779
17782
17798
17810
17814
17821
17822
17833
17834
17835
17837
17845
17850
17878
17879
17898
17903
17906
17909
17911
17917
17918
17921
17922
17933
17942
17945
17953
17961
17965
17966
17974
17975
17981
17989
17997
18001
18010
18014
18018
18025
18038
18045
18046
18054
18062
18069
18074
18077
18085
18089
18094
18097
18102
18110
18113
18118
18121
18122
18126
18129
18134
18141
18142
18145
18149
18157
18158
18170
18173
18177
18185
18201
18205
18210
18229
18230
18233
18242
18246
18250
18257
18258
18278
18286
18290
18293
18294
18297
18299
18302
18306
18310
18326
18330
18331
18334
18335
18337
18342
18374
18378
18382
18385
18386
18394
18401
18402
18414
18422
18429
18433
18437
18442
18450
18453
18458
18461
18470
18477
18482
18501
18505
18506
18509
18513
18533
18537
18538
18542
18545
18549
18577
18585
18589
18590
18597
18609
18614
18617
18621
18622
18637
18639
18653
18689
18695
18706
18709
18710
18717
18725
18727
18729
18750
18754
18755
18757
18758
18762
18767
18770
18773
18774
18781
18794
18802
18805
18829
18830
18831
18833
18834
18845
18849
18853
18859
18873
18877
18879
18882
18883
18891
18894
18895
18907
18921
18930
18931
18933
18934
18937
18938
18939
18941
18949
18950
18953
18958
18961
18970
18978
18979
18982
18989
18990
18991
18998
19001
19005
19014
19018
19021
19025
19037
19038
19041
19045
19046
19049
19050
19058
19078
19082
19089
19091
19102
19103
19110
19121
19122
19130
19137
19146
19157
19158
19165
19167
19169
19197
19206
19210
19213
19214
19217
19225
19226
19229
19238
19247
19254
19262
19269
19270
19278
19282
19285
19290
19293
19294
19301
19313
19314
19317
19322
19325
19329
19330
19346
19361
19367
19378
19385
19386
19397
19401
19405
19414
19417
19418
19422
19426
19429
19441
19442
19446
19451
19454
19457
19458
19466
19481
19482
19486
19498
19501
19506
19510
19533
19545
19546
19557
19577
19594
19602
19606
19621
19625
19630
19634
19637
19641
19642
19685
19686
19689
19690
19710
19722
19725
19726
19729
19730
19733
19738
19741
19745
19746
19757
19758
19759
19761
19766
19768
19777
19794
19805
19809
19811
19814
19821
19830
19838
19849
19852
19855
19857
19859
19866
19873
19877
19879
19881
19885
19887
19889
19891
19893
19895
19907
19911
19914
19915
19921
19923
19926
19927
19930
19936
19937
19938
19946
19954
19974
19977
19978
19979
19985
19994
19998
20006
20010
20013
20018
20021
20022
20025
20032
20042
20046
20053
20057
20061
20062
20070
20081
20082
20083
20085
20090
20093
20094
20098
20114
20118
20121
20125
20131
20149
20154
20167
20174
20178
20181
20185
20188
20201
20202
20205
20213
20217
20218
20221
20229
20241
20242
20247
20249
20253
20257
20262
20265
20269
20274
20281
20301
20306
20309
20318
20322
20341
20342
20357
20365
20382
20385
20401
20406
20410
20413
20426
20429
20433
20437
20438
20441
20445
20457
20462
20465
20469
20478
20489
20497
20509
20514
20525
20529
20530
20533
20541
20546
20562
20563
20581
20590
20593
20610
20614
20615
20625
20630
20641
20661
20666
20669
20678
20697
20705
20706
20709
20711
20713
20730
20737
20754
20757
20773
20779
20782
20783
20786
20793
20798
20801
20802
20807
20810
20811
20813
20814
20818
20821
20834
20842
20843
20851
20857
20861
20881
20883
20885
20889
20891
20895
20898
20906
20907
20909
20910
20914
20917
20919
20929
20933
20939
20941
20945
20951
20957
20963
20966
20967
20970
20977
20979
20982
20987
20993
20994
21010
21018
21021
21025
21034
21035
21037
21038
21042
21065
21069
21071
21078
21085
21089
21090
21093
21098
21110
21117
21119
21121
21138
21147
21166
21169
21170
21171
21178
21185
21189
21190
21214
21221
21222
21225
21226
21229
21237
21242
21245
21257
21262
21274
21278
21281
21282
21298
21302
21305
21313
21318
21326
21330
21338
21346
21353
21354
21358
21361
21366
21370
21385
21390
21417
21418
21421
21427
21430
21445
21449
21454
21458
21465
21477
21482
21490
21497
21501
21505
21509
21517
21521
21522
21526
21529
21542
21553
21557
21561
21566
21567
21570
21573
21577
21589
21593
21598
21601
21613
21621
21622
21629
21630
21634
21649
21650
21654
21662
21663
21665
21669
21673
21674
21682
21685
21686
21687
21694
21705
21725
21734
21737
21742
21745
21754
21758
21762
21763
21765
21767
21777
21784
21785
21806
21810
21813
21822
21823
21830
21841
21846
21847
21849
21850
21859
21866
21869
21874
21875
21876
21882
21887
21893
21897
21898
21899
21902
21905
21906
21910
21915
21922
21926
21933
21941
21946
21949
21953
21954
21957
21959
21965
21986
21994
22005
22009
22010
22014
22025
22030
22041
22049
22053
22054
22069
22070
22074
22075
22078
22088
22089
22094
22098
22114
22117
22118
22138
22145
22149
22154
22162
22165
22167
22173
22174
22177
22181
22187
22206
22213
22218
22221
22225
22238
22241
22246
22250
22254
22265
22266
22274
22275
22277
22281
22282
22285
22293
22294
22298
22302
22305
22322
22326
22342
22349
22353
22354
22361
22362
22371
22386
22389
22390
22401
22410
22418
22422
22430
22437
22445
22454
22458
22470
22477
22482
22483
22509
22510
22517
22522
22525
22534
22545
22559
22566
22569
22578
22586
22614
22622
22626
22629
22630
22633
22641
22646
22662
22665
22669
22678
22682
22686
22690
22697
22701
22713
22721
22727
22734
22735
22745
22750
22754
22758
22769
22770
22773
22782
22785
22787
22788
22790
22791
22797
22803
22807
22809
22810
22813
22817
22821
22823
22829
22834
22841
22843
22846
22847
22854
22855
22859
22861
22863
22869
22873
22886
22893
22898
22899
22905
22909
22925
22926
22927
22938
22941
22950
22951
22954
22957
22967
22985
22994
22997
23000
23003
23014
23027
23034
23046
23050
23051
23057
23058
23067
23069
23082
23086
23094
23110
23113
23117
23121
23125
23130
23133
23150
23154
23170
23185
23193
23194
23213
23217
23223
23226
23238
23241
23245
23246
23254
23257
23261
23266
23274
23286
23290
23293
23309
23313
23314
23333
23334
23338
23341
23346
23362
23366
23381
23389
23390
23391
23397
23402
23409
23421
23429
23430
23433
23454
23461
23465
23469
23473
23478
23482
23485
23498
23506
23517
23545
23554
23558
23566
23569
23573
23574
23598
23609
23613
23618
23621
23625
23626
23630
23634
23638
23645
23658
23661
23662
23670
23673
23674
23689
23694
23697
23698
23713
23714
23718
23722
23729
23730
23733
23734
23746
23754
23762
23769
23777
23778
23781
23786
23790
23793
23794
23797
23798
23801
23817
23818
23826
23835
23847
23852
23853
23856
23862
23874
23885
23887
23889
23897
23906
23909
23910
23911
23913
23914
23921
23922
23925
23926
23930
23933
23937
23938
23941
23949
23951
23952
23964
23965
23970
23986
23987
23993
23997
23998
24001
24005
24010
24014
24035
24037
24041
24045
24046
24050
24057
24062
24066
24074
24082
24085
24102
24105
24119
24125
24126
24129
24149
24162
24177
24198
24210
24222
24225
24226
24230
24234
24237
24245
24250
24254
24263
24266
24277
24289
24297
24302
24306
24309
24325
24327
24337
24341
24357
24370
24373
24398
24402
24410
24413
24414
24418
24425
24441
24445
24458
24461
24465
24466
24470
24473
24474
24482
24490
24498
24509
24518
24522
24526
24529
24538
24541
24553
24558
24562
24563
24569
24577
24581
24585
24586
24594
24597
24598
24618
24622
24630
24641
24642
24646
24689
24693
24697
24701
24702
24718
24722
24730
24734
24742
24746
24749
24773
24778
24782
24789
24790
24802
24817
24832
24842
24854
24857
24858
24863
24865
24869
24870
24879
24882
24883
24886
24892
24893
24894
24898
24901
24902
24903
24905
24907
24910
24921
24929
24933
24935
24937
24939
24941
24942
24954
24955
24957
24958
24961
24963
24965
24969
24975
24977
24981
24991
24992
25001
25007
25010
25023
25027
25033
25034
25037
25041
25046
25055
25057
25069
25079
25087
25089
25097
25105
25117
25121
25122
25125
25138
25141
25145
25169
25170
25173
25193
25209
25217
25231
25237
25245
25246
25253
25258
25273
25274
25285
25289
25310
25319
25321
25326
25337
25349
25350
25353
25354
25358
25369
25382
25390
25398
25401
25409
25413
25422
25425
25429
25437
25438
25442
25447
25457
25465
25493
25505
25525
25529
25538
25545
25554
25562
25565
25573
25590
25597
25598
25605
25629
25630
25634
25646
25665
25666
25678
25686
25697
25707
25713
25718
25725
25733
25750
25751
25762
25777
25782
25790
25797
25801
25813
25814
25826
25829
25830
25833
25842
25853
25857
25866
25869
25870
25873
25886
25891
25894
25895
25899
25903
25906
25909
25910
25914
25917
25926
25931
25938
25958
25970
25973
25975
25977
25983
25986
25998
26001
26005
26009
26010
26014
26015
26022
26026
26027
26030
26031
26037
26038
26047
26051
26061
26065
26067
26069
26074
26077
26093
26095
26097
26098
26099
26101
26106
26118
26130
26133
26142
26146
26157
26162
26178
26182
26187
26197
26198
26201
26205
26221
26227
26229
26231
26234
26237
26245
26250
26254
26258
26270
26275
26277
26281
26282
26285
26291
26298
26301
26302
26318
26321
26322
26325
26337
26338
26342
26345
26353
26354
26358
26362
26366
26370
26374
26378
26381
26382
26390
26401
26438
26442
26453
26457
26462
26465
26474
26481
26482
26493
26497
26498
26502
26506
26514
26517
26518
26521
26525
26529
26533
26542
26557
26558
26562
26570
26577
26578
26581
26582
26593
26594
26595
26601
26609
26613
26614
26618
26634
26637
26638
26641
26649
26650
26658
26669
26670
26674
26682
26702
26706
26710
26714
26717
26729
26731
26738
26754
26762
26765
26769
26777
26778
26781
26782
26786
26794
26798
26806
26809
26813
26821
26829
26834
26853
26859
26878
26882
26891
26893
26898
26899
26902
26905
26906
26907
26911
26933
26941
26955
26970
26973
26975
26977
26986
26987
26989
26994
26997
27002
27003
27015
27016
27018
27023
27027
27028
27029
27030
27035
27037
27047
27050
27051
27053
27063
27065
27066
27074
27078
27079
27094
27098
27102
27105
27106
27109
27114
27117
27130
27131
27134
27142
27145
27146
27149
27152
27153
27159
27165
27169
27173
27174
27185
27201
27215
27234
27238
27245
27249
27250
27253
27254
27257
27259
27262
27266
27269
27273
27278
27281
27287
27290
27302
27310
27321
27325
27326
27327
27341
27345
27346
27361
27373
27382
27383
27385
27386
27389
27390
27398
27401
27407
27409
27410
27413
27414
27454
27457
27463
27465
27474
27477
27485
27490
27493
27501
27505
27519
27533
27542
27550
27551
27602
27605
27609
27626
27629
27638
27641
27650
27655
27659
27661
27666
27686
27698
27702
27709
27710
27717
27726
27729
27733
27734
27737
27766
27770
27774
27782
27786
27789
27791
27794
27797
27798
27801
27802
27811
27814
27826
27833
27837
27849
27850
27853
27858
27866
27869
27878
27881
27893
27905
27913
27916
27922
27939
27943
27945
27947
27957
27958
27965
27971
27977
27978
27981
27985
27993
28002
28005
28007
28011
28018
28019
28023
28025
28026
28033
28037
28045
28046
28049
28053
28058
28063
28065
28078
28079
28094
28101
28114
28117
28122
28125
28127
28131
28134
28139
28141
28143
28166
28169
28178
28181
28186
28190
28193
28194
28202
28205
28210
28213
28229
28233
28234
28241
28249
28257
28269
28273
28278
28282
28283
28285
28286
28289
28294
28297
28314
28315
28318
28321
28326
28334
28341
28349
28367
28369
28373
28385
28394
28397
28409
28410
28414
28415
28423
28425
28426
28433
28438
28470
28473
28477
28478
28481
28490
28505
28529
28530
28545
28546
28554
28558
28561
28565
28573
28578
28589
28590
28599
28602
28613
28633
28638
28642
28645
28653
28654
28655
28661
28669
28681
28682
28685
28686
28689
28690
28694
28697
28702
28717
28718
28721
28733
28737
28742
28757
28766
28769
28773
28774
28778
28781
28785
28793
28798
28801
28805
28817
28825
28826
28833
28850
28869
28875
28877
28881
28885
28893
28897
28902
28906
28910
28913
28922
28925
28926
28934
28938
28947
28949
28951
28954
28955
28957
28962
28969
28973
28974
28981
28983
28984
28994
28995
28998
29009
29013
29017
29021
29023
29030
29033
29039
29042
29045
29054
29063
29065
29070
29071
29074
29078
29081
29087
29097
29115
29119
29129
29130
29133
29137
29151
29153
29157
29159
29177
29179
29181
29185
29186
29189
29190
29194
29197
29202
29207
29209
29213
29218
29233
29234
29237
29245
29254
29257
29261
29263
29273
29282
29285
29289
29297
29298
29299
29301
29304
29305
29306
29329
29338
29342
29358
29370
29373
29378
29425
29429
29433
29449
29450
29453
29457
29471
29482
29485
29497
29501
29507
29510
29513
29514
29525
29553
29565
29569
29577
29581
29590
29591
29598
29605
29617
29625
29629
29637
29642
29645
29653
29662
29665
29666
29671
29677
29681
29682
29685
29686
29690
29693
29701
29702
29725
29726
29730
29733
29734
29742
29746
29758
29766
29770
29773
29774
29789
29793
29794
29801
29802
29809
29810
29818
29825
29826
29834
29837
29838
29845
29846
29853
29865
29870
29874
29877
29882
29889
29893
29898
29901
29909
29910
29925
29926
29929
29930
29938
29945
29953
29967
29970
29983
29985
29989
29995
30002
30006
30009
30011
30015
30017
30023
30030
30031
30037
30043
30045
30061
30065
30069
30086
30107
30121
30122
30125
30133
30134
30140
30142
30147
30149
30153
30154
30161
30166
30169
30186
30190
30194
30195
30197
30198
30203
30206
30209
30214
30217
30218
30230
30242
30246
30262
30267
30270
30276
30277
30278
30285
30286
30298
30301
30317
30330
30354
30357
30361
30362
30369
30374
30377
30386
30389
30397
30417
30418
30430
30434
30441
30442
30446
30465
30477
30481
30489
30493
30494
30497
30505
30509
30518
30521
30525
30530
30537
30545
30546
30549
30550
30569
30577
30578
30581
30614
30629
30633
30646
30650
30665
30669
30673
30678
30682
30686
30689
30693
30694
30697
30698
30702
30717
30718
30725
30730
30734
30741
30745
30746
30753
30755
30761
30766
30777
30790
30798
30801
30802
30821
30825
30826
30829
30830
30837
30838
30865
30874
30881
30906
30909
30910
30917
30926
30929
30933
30937
30942
30949
30954
30969
30970
30978
30983
30985
30986
30989
30994
30999
31001
31002
31007
31009
31010
31030
31034
31041
31045
31054
31055
31058
31065
31070
31074
31085
31086
31091
31093
31102
31109
31117
31121
31125
31129
31139
31142
31155
31162
31166
31170
31177
31183
31187
31191
31203
31214
31218
31221
31222
31226
31229
31237
31238
31246
31250
31258
31260
31270
31274
31281
31291
31302
31325
31337
31358
31365
31374
31378
31385
31393
31401
31402
31406
31422
31423
31426
31430
31441
31445
31446
31447
31454
31458
31461
31462
31469
31470
31474
31478
31481
31482
31485
31498
31510
31525
31526
31529
31530
31534
31537
31538
31542
31549
31558
31566
31570
31595
31602
31603
31614
31618
31626
31629
31634
31642
31645
31646
31649
31654
31659
31673
31681
31685
31694
31702
31707
31709
31717
31718
31726
31730
31733
31734
31738
31745
31746
31749
31758
31761
31762
31777
31778
31794
31801
31802
31805
31818
31821
31825
31826
31833
31841
31845
31853
31858
31862
31874
31890
31893
31898
31901
31905
31914
31918
31930
31933
31937
31938
31941
31950
31954
31958
31962
31969
31978
32005
32009
32011
32014
32021
32029
32033
32038
32045
32058
32061
32079
32085
32086
32087
32095
32097
32101
32111
32119
32121
32125
32130
32134
32142
32162
32163
32169
32183
32190
32193
32196
32206
32209
32213
32221
32225
32229
32230
32232
32233
32234
32241
32243
32246
32251
32253
32257
32258
32259
32269
32270
32274
32277
32289
32293
32297
32301
32313
32318
32329
32333
32334
32341
32342
32345
32349
32353
32354
32358
32363
32366
32370
32374
32385
32386
32393
32402
32407
32418
32422
32430
32434
32437
32438
32441
32443
32446
32447
32454
32461
32473
32479
32485
32486
32489
32497
32501
32506
32509
32513
32518
32529
32537
32538
32539
32550
32553
32557
32558
32561
32578
32582
32598
32601
32611
32622
32626
32629
32630
32637
32647
32653
32654
32657
32658
32666
32670
32681
32691
32693
32697
32702
32706
32707
32718
32722
32750
32754
32757
32758
32761
32773
32781
32786
32794
32797
32802
32805
32817
32822
32834
32865
32878
32882
32889
32890
32894
32906
32914
32917
32918
32921
32922
32925
32926
32937
32941
32973
32978
33002
33013
33019
33027
33029
33034
33038
33039
33043
33045
33047
33049
33055
33058
33065
33067
33086
33087
33089
33098
33102
33105
33114
33118
33127
33137
33143
33146
33155
33163
33170
33171
33178
33187
33190
33191
33195
33205
33209
33215
33225
33227
33229
33250
33259
33261
33262
33265
33270
33274
33276
33277
33281
33285
33289
33293
33296
33301
33306
33314
33341
33342
33346
33349
33365
33366
33370
33373
33374
33377
33382
33389
33391
33393
33398
33406
33422
33425
33429
33441
33445
33446
33449
33450
33453
33454
33462
33474
33479
33481
33482
33490
33498
33501
33502
33503
33506
33510
33517
33522
33533
33542
33557
33574
33585
33586
33590
33593
33594
33597
33598
33602
33609
33621
33622
33629
33634
33642
33645
33666
33674
33690
33697
33702
33705
33709
33710
33718
33722
33729
33730
33733
33734
33738
33750
33755
33757
33763
33777
33778
33781
33782
33793
33794
33798
33802
33806
33809
33810
33825
33831
33833
33837
33849
33853
33854
33858
33882
33894
33906
33909
33922
33942
33945
33949
33958
33969
33973
33981
33993
34009
34021
34025
34030
34034
34037
34049
34053
34054
34059
34061
34065
34066
34071
34075
34085
34089
34092
34103
34106
34114
34115
34119
34121
34125
34135
34137
34139
34143
34154
34155
34175
34177
34181
34183
34191
34194
34199
34202
34205
34206
34217
34235
34237
34239
34254
34255
34258
34267
34275
34281
34291
34294
34297
34298
34303
34313
34314
34322
34326
34333
34337
34338
34349
34369
34377
34385
34393
34400
34402
34405
34422
34442
34446
34449
34451
34454
34461
34466
34473
34482
34505
34525
34526
34542
34550
34561
34569
34573
34577
34586
34589
34593
34609
34617
34622
34634
34642
34645
34650
34661
34662
34665
34678
34681
34685
34686
34693
34701
34705
34706
34709
34717
34725
34746
34749
34769
34770
34774
34782
34794
34797
34802
34805
34806
34810
34813
34818
34822
34830
34837
34846
34854
34857
34858
34862
34866
34873
34893
34905
34906
34911
34914
34917
34921
34926
34941
34942
34962
34978
34982
34993
34994
34997
35001
35009
35010
35011
35013
35017
35018
35037
35041
35057
35058
35077
35078
35085
35090
35101
35103
35107
35118
35119
35121
35122
35125
35133
35138
35145
35146
35153
35154
35159
35161
35165
35173
35185
35186
35190
35198
35201
35202
35203
35211
35214
35217
35222
35227
35229
35233
35234
35245
35246
35262
35263
35269
35273
35275
35290
35297
35301
35303
35309
35313
35317
35321
35323
35325
35337
35350
35353
35357
35358
35361
35362
35365
35366
35369
35374
35378
35385
35389
35418
35437
35439
35446
35449
35450
35452
35453
35462
35469
35477
35481
35485
35490
35494
35517
35521
35522
35525
35535
35541
35545
35550
35565
35566
35569
35582
35586
35590
35594
35598
35602
35618
35621
35625
35635
35637
35638
35646
35665
35673
35677
35686
35687
35689
35690
35697
35702
35706
35713
35714
35718
35721
35722
35730
35734
35738
35741
35745
35753
35754
35762
35763
35765
35778
35781
35789
35793
35797
35798
35805
35807
35809
35817
35826
35837
35841
35845
35846
35850
35854
35857
35873
35881
35894
35898
35910
35914
35918
35929
35937
35942
35950
35958
35981
35986
35990
35996
35997
36009
36010
36014
36025
36026
36034
36038
36049
36053
36054
36058
36082
36097
36098
36105
36106
36109
36110
36118
36121
36122
36125
36126
36130
36133
36134
36139
36153
36159
36166
36169
36170
36190
36191
36194
36206
36207
36211
36234
36239
36243
36250
36255
36263
36266
36270
36271
36277
36278
36283
36294
36302
36306
36309
36313
36315
36318
36323
36325
36334
36337
36343
36354
36357
36361
36366
36370
36373
36374
36382
36383
36387
36393
36397
36398
36402
36406
36417
36426
36429
36433
36435
36437
36441
36450
36455
36457
36458
36467
36474
36477
36478
36479
36481
36482
36485
36486
36497
36505
36506
36511
36526
36530
36533
36541
36542
36545
36546
36549
36554
36564
36565
36566
36569
36570
36585
36589
36597
36602
36606
36609
36610
36618
36621
36625
36630
36641
36649
36651
36666
36669
36674
36686
36694
36697
36701
36706
36713
36714
36729
36730
36738
36739
36741
36749
36750
36753
36755
36757
36765
36770
36774
36781
36793
36797
36802
36805
36810
36813
36822
36823
36826
36829
36833
36835
36837
36849
36853
36857
36866
36870
36882
36894
36897
36901
36909
36922
36935
36938
36942
36949
36954
36961
36966
36970
36974
36977
36978
36982
36989
36995
37002
37017
37018
37021
37053
37054
37058
37069
37070
37073
37074
37078
37089
37098
37102
37110
37117
37118
37125
37127
37133
37138
37139
37141
37142
37144
37145
37150
37157
37175
37177
37178
37182
37191
37201
37205
37207
37225
37226
37242
37249
37254
37262
37277
37279
37287
37290
37291
37297
37302
37305
37310
37314
37319
37323
37327
37330
37331
37337
37338
37342
37343
37346
37351
37355
37361
37363
37366
37373
37379
37382
37385
37401
37405
37409
37410
37414
37418
37421
37426
37431
37438
37445
37450
37451
37457
37458
37462
37473
37474
37478
37485
37501
37509
37513
37514
37518
37525
37526
37546
37550
37553
37570
37573
37574
37581
37586
37591
37598
37602
37605
37609
37622
37630
37637
37649
37662
37678
37701
37702
37725
37729
37733
37738
37749
37754
37757
37770
37777
37786
37789
37793
37801
37802
37806
37809
37810
37818
37819
37825
37829
37837
37846
37861
37862
37886
37898
37901
37913
37917
37921
37925
37929
37930
37949
37950
37974
37981
37997
37998
38002
38017
38018
38029
38030
38034
38035
38037
38049
38053
38058
38062
38069
38070
38073
38093
38097
38098
38105
38106
38114
38125
38130
38153
38161
38165
38166
38167
38173
38175
38177
38182
38183
38187
38190
38197
38214
38218
38233
38234
38239
38242
38243
38250
38255
38258
38259
38261
38263
38275
38281
38282
38285
38291
38295
38299
38303
38307
38311
38314
38315
38317
38318
38329
38330
38334
38335
38343
38349
38350
38353
38357
38359
38367
38369
38381
38387
38391
38393
38398
38402
38405
38407
38410
38414
38422
38426
38430
38434
38437
38451
38454
38474
38477
38490
38534
38537
38545
38549
38557
38562
38574
38577
38590
38593
38603
38605
38606
38630
38634
38641
38642
38645
38646
38650
38654
38662
38666
38669
38670
38673
38674
38681
38698
38705
38706
38718
38722
38726
38738
38745
38754
38758
38785
38789
38790
38794
38805
38809
38814
38818
38821
38823
38841
38842
38846
38853
38873
38877
38885
38886
38893
38902
38909
38911
38918
38934
38937
38946
38953
38961
38962
38974
38981
38982
38985
38993
38994
38999
39006
39018
39026
39034
39046
39049
39073
39085
39093
39094
39097
39101
39105
39118
39121
39126
39138
39141
39146
39149
39154
39169
39171
39174
39185
39190
39191
39200
39203
39210
39215
39227
39238
39260
39263
39266
39273
39282
39283
39290
39291
39293
39297
39302
39306
39321
39322
39323
39325
39329
39330
39337
39338
39339
39342
39343
39357
39358
39362
39369
39373
39382
39386
39389
39390
39402
39410
39415
39417
39421
39422
39425
39426
39441
39449
39450
39454
39461
39469
39475
39481
39486
39500
39502
39509
39513
39534
39538
39546
39549
39550
39554
39570
39578
39582
39605
39609
39610
39617
39621
39623
39645
39646
39649
39657
39658
39666
39674
39678
39690
39694
39697
39698
39702
39705
39711
39723
39725
39730
39733
39734
39741
39757
39774
39782
39786
39790
39802
39810
39813
39829
39841
39843
39845
39858
39861
39873
39874
39889
39894
39897
39901
39905
39907
39909
39910
39914
39921
39929
39942
39945
39946
39958
39982
39989
39998
40006
40026
40037
40042
40046
40055
40058
40061
40066
40069
40071
40073
40074
40086
40093
40098
40109
40110
40111
40130
40141
40142
40150
40154
40158
40161
40165
40169
40170
40174
40186
40197
40198
40201
40206
40213
40214
40219
40222
40231
40238
40243
40245
40251
40253
40257
40269
40270
40282
40285
40295
40301
40313
40337
40349
40350
40353
40358
40362
40373
40375
40379
40380
40387
40394
40397
40401
40406
40407
40410
40411
40418
40426
40430
40433
40435
40437
40438
40445
40457
40458
40461
40462
40477
40481
40485
40489
40490
40497
40502
40506
40509
40513
40525
40526
40529
40530
40533
40534
40561
40565
40569
40578
40582
40589
40591
40598
40602
40622
40629
40630
40633
40641
40646
40647
40650
40674
40677
40678
40689
40697
40702
40706
40713
40733
40738
40746
40758
40759
40761
40766
40781
40785
40790
40801
40802
40805
40809
40814
40838
40853
40857
40863
40865
40866
40869
40870
40873
40878
40879
40885
40890
40901
40906
40917
40934
40937
40946
40953
40954
40957
40966
40974
40978
40981
40982
40998
41001
41006
41013
41026
41030
41033
41042
41046
41049
41058
41062
41077
41082
41089
41098
41101
41109
41117
41125
41129
41133
41135
41137
41138
41154
41158
41165
41173
41181
41182
41186
41193
41198
41202
41205
41206
41214
41221
41237
41241
41246
41250
41251
41254
41258
41265
41267
41275
41279
41280
41282
41283
41293
41305
41309
41314
41322
41325
41329
41349
41351
41353
41359
41367
41371
41373
41378
41381
41387
41393
41394
41403
41411
41425
41427
41430
41433
41434
41445
41447
41457
41458
41462
41466
41468
41473
41493
41494
41499
41507
41515
41518
41525
41526
41530
41537
41541
41542
41550
41570
41575
41577
41590
41594
41609
41621
41641
41645
41650
41654
41661
41663
41666
41670
41673
41681
41690
41701
41721
41722
41723
41725
41726
41729
41730
41737
41742
41745
41750
41753
41758
41762
41773
41777
41781
41782
41795
41797
41805
41806
41809
41813
41830
41831
41833
41850
41854
41873
41874
41878
41882
41886
41902
41906
41907
41917
41922
41926
41929
41930
41933
41934
41953
41958
41965
41970
41985
41989
41997
42014
42019
42026
42029
42042
42063
42073
42078
42082
42098
42101
42102
42105
42146
42161
42169
42174
42183
42186
42189
42190
42197
42202
42205
42213
42221
42226
42229
42237
42242
42245
42246
42251
42253
42257
42259
42271
42274
42278
42281
42285
42287
42291
42298
42301
42305
42306
42309
42317
42319
42322
42330
42335
42338
42345
42346
42363
42365
42370
42371
42375
42378
42393
42395
42397
42398
42402
42405
42417
42421
42426
42433
42437
42438
42441
42449
42453
42458
42469
42471
42479
42481
42482
42485
42487
42490
42493
42495
42498
42506
42509
42518
42521
42538
42550
42561
42566
42569
42573
42578
42586
42609
42621
42623
42625
42626
42629
42630
42637
42641
42642
42645
42650
42657
42661
42662
42682
42683
42689
42694
42706
42713
42717
42722
42725
42730
42733
42737
42745
42749
42753
42754
42758
42766
42771
42777
42779
42785
42786
42790
42805
42814
42821
42825
42838
42841
42850
42855
42862
42873
42875
42878
42890
42894
42895
42902
42926
42929
42937
42938
42949
42953
42954
42966
42969
42974
42977
42978
42985
43001
43009
43013
43017
43018
43021
43025
43041
43042
43062
43065
43069
43070
43082
43090
43091
43102
43105
43109
43113
43114
43117
43118
43125
43138
43155
43169
43177
43229
43237
43241
43242
43249
43253
43261
43265
43269
43270
43271
43273
43275
43277
43278
43289
43294
43298
43303
43305
43310
43311
43315
43317
43319
43321
43325
43327
43337
43347
43350
43352
43357
43374
43378
43381
43384
43385
43389
43390
43401
43406
43408
43409
43413
43414
43422
43423
43425
43429
43433
43437
43439
43443
43449
43453
43462
43469
43471
43487
43489
43497
43499
43502
43506
43509
43513
43514
43517
43526
43533
43534
43538
43541
43554
43557
43558
43562
43565
43570
43578
43583
43593
43601
43602
43605
43609
43626
43633
43637
43641
43651
43653
43662
43669
43670
43671
43678
43681
43693
43694
43695
43701
43706
43710
43717
43734
43737
43741
43746
43758
43761
43769
43777
43778
43781
43786
43790
43793
43794
43802
43806
43810
43821
43829
43830
43833
43838
43861
43874
43882
43901
43902
43905
43917
43923
43925
43946
43953
43966
43981
43985
43986
43989
43997
44002
44003
44005
44014
44022
44027
44033
44038
44041
44050
44069
44073
44074
44078
44086
44089
44090
44098
44121
44133
44137
44145
44162
44173
44178
44185
44189
44190
44194
44197
44214
44217
44222
44225
44230
44233
44237
44238
44258
44262
44266
44269
44274
44281
44286
44293
44294
44297
44298
44302
44307
44318
44319
44321
44323
44325
44330
44334
44343
44365
44367
44373
44381
44382
44385
44387
44390
44393
44397
44398
44414
44417
44419
44428
44431
44437
44439
44445
44446
44454
44461
44463
44466
44467
44470
44474
44482
44490
44495
44497
44498
44499
44506
44510
44513
44514
44522
44533
44545
44553
44558
44561
44566
44567
44577
44578
44586
44593
44597
44598
44599
44605
44613
44623
44629
44638
44646
44649
44653
44657
44662
44665
44674
44677
44690
44698
44729
44741
44745
44746
44749
44753
44754
44761
44769
44773
44775
44781
44787
44797
44806
44818
44822
44826
44842
44846
44853
44857
44861
44869
44877
44890
44897
44898
44905
44910
44918
44921
44922
44929
44934
44937
44945
44946
44950
44961
44965
44971
44982
44993
44997
45001
45002
45005
45006
45009
45017
45022
45030
45034
45037
45039
45041
45042
45043
45045
45054
45057
45061
45066
45070
45086
45089
45097
45101
45109
45110
45114
45125
45129
45137
45142
45150
45153
45154
45177
45181
45182
45193
45198
45202
45210
45214
45217
45218
45221
45238
45258
45261
45262
45263
45270
45281
45285
45290
45297
45298
45305
45306
45309
45317
45318
45321
45326
45327
45329
45330
45337
45343
45350
45355
45357
45358
45359
45367
45378
45380
45382
45383
45391
45395
45398
45399
45403
45409
45415
45419
45423
45429
45430
45434
45438
45439
45441
45443
45445
45449
45453
45462
45463
45469
45487
45499
45510
45517
45522
45523
45525
45527
45533
45534
45535
45537
45543
45550
45551
45553
45554
45569
45574
45577
45582
45585
45586
45590
45609
45614
45634
45638
45645
45646
45648
45649
45650
45665
45670
45673
45674
45681
45682
45685
45686
45693
45701
45702
45717
45721
45725
45734
45742
45747
45762
45766
45771
45778
45789
45798
45799
45802
45817
45822
45830
45834
45837
45841
45842
45849
45861
45865
45870
45873
45874
45881
45882
45885
45893
45903
45909
45913
45914
45918
45921
45929
45930
45938
45949
45953
45957
45961
45965
45966
45974
45978
45981
45982
45986
45990
45994
45997
45998
46025
46029
46038
46041
46062
46070
46085
46090
46093
46097
46101
46105
46117
46154
46158
46165
46167
46185
46189
46202
46214
46217
46229
46238
46242
46247
46257
46274
46277
46278
46285
46297
46298
46314
46321
46330
46333
46335
46341
46347
46348
46350
46353
46357
46359
46365
46386
46410
46418
46422
46426
46427
46431
46446
46447
46450
46456
46459
46463
46467
46470
46473
46474
46477
46478
46483
46490
46494
46498
46499
46506
46507
46517
46518
46525
46526
46534
46537
46545
46549
46550
46555
46561
46565
46573
46577
46578
46589
46594
46610
46617
46618
46622
46625
46629
46633
46634
46637
46641
46646
46662
46674
46678
46679
46682
46685
46690
46693
46694
46698
46702
46706
46711
46714
46719
46729
46730
46734
46737
46738
46749
46754
46755
46761
46763
46765
46778
46781
46782
46785
46789
46790
46802
46811
46813
46818
46826
46834
46853
46859
46882
46885
46889
46913
46914
46917
46918
46926
46929
46935
46947
46953
46962
46965
46970
46982
46998
47002
47009
47013
47022
47029
47038
47042
47045
47049
47050
47054
47065
47078
47089
47097
47101
47109
47110
47122
47125
47129
47134
47146
47153
47157
47158
47170
47173
47182
47194
47217
47234
47241
47242
47245
47249
47250
47261
47265
47266
47271
47274
47278
47282
47286
47289
47290
47291
47293
47309
47310
47313
47318
47321
47333
47338
47346
47354
47357
47362
47365
47370
47375
47383
47406
47409
47411
47413
47415
47417
47421
47422
47435
47442
47445
47450
47455
47459
47460
47467
47470
47471
47475
47477
47479
47481
47482
47486
47489
47494
47501
47506
47510
47514
47518
47523
47525
47527
47535
47538
47541
47545
47547
47550
47562
47573
47574
47578
47585
47589
47591
47597
47598
47602
47609
47610
47611
47613
47617
47621
47622
47626
47630
47637
47638
47642
47650
47665
47670
47678
47681
47690
47693
47701
47714
47718
47721
47725
47730
47734
47737
47746
47749
47750
47753
47758
47761
47781
47782
47785
47790
47797
47805
47806
47809
47814
47833
47834
47839
47849
47851
47854
47857
47861
47866
47895
47913
47921
47923
47942
47944
47950
47953
47965
47970
47974
47990
47993
47994
47997
47998
48011
48014
48018
48022
48030
48037
48042
48046
48058
48067
48069
48074
48077
48082
48083
48093
48094
48110
48130
48137
48138
48146
48157
48161
48162
48165
48166
48177
48181
48194
48197
48218
48226
48231
48234
48245
48246
48250
48254
48257
48258
48269
48270
48274
48275
48287
48289
48290
48301
48305
48306
48317
48322
48325
48334
48353
48361
48365
48381
48386
48389
48393
48394
48401
48407
48411
48423
48427
48429
48433
48434
48435
48437
48438
48441
48442
48443
48450
48451
48453
48454
48465
48478
48493
48494
48498
48503
48514
48519
48521
48530
48537
48541
48544
48553
48554
48558
48574
48575
48585
48587
48590
48591
48594
48595
48599
48602
48610
48619
48622
48623
48625
48626
48627
48629
48631
48634
48637
48646
48654
48661
48666
48682
48685
48693
48699
48713
48714
48723
48726
48731
48734
48742
48749
48757
48762
48764
48770
48773
48782
48786
48790
48791
48793
48798
48801
48809
48810
48817
48818
48825
48831
48841
48845
48846
48853
48861
48873
48886
48905
48909
48917
48929
48930
48933
48934
48937
48938
48953
48957
48961
48965
48969
48974
48977
48978
48993
49033
49038
49041
49046
49054
49058
49061
49073
49102
49117
49121
49133
49145
49149
49150
49153
49154
49158
49161
49166
49182
49189
49205
49218
49221
49226
49238
49241
49257
49265
49266
49270
49273
49274
49278
49281
49289
49294
49297
49302
49305
49306
49318
49329
49333
49334
49338
49342
49345
49350
49382
49385
49389
49390
49394
49401
49421
49431
49437
49441
49454
49465
49466
49474
49489
49490
49494
49498
49505
49509
49510
49511
49523
49525
49530
49531
49533
49534
49537
49539
49543
49547
49557
49562
49570
49585
49597
49599
49601
49606
49607
49611
49614
49618
49625
49634
49635
49643
49646
49659
49662
49669
49677
49682
49692
49693
49699
49702
49726
49729
49731
49746
49749
49753
49770
49777
49782
49789
49798
49802
49806
49809
49815
49818
49822
49837
49838
49839
49849
49850
49853
49854
49870
49873
49874
49878
49890
49893
49909
49910
49918
49921
49926
49930
49942
49943
49945
49946
49950
49961
49962
49966
49969
49990
49993
50006
50009
50033
50034
50037
50038
50042
50045
50046
50057
50066
50070
50081
50086
50098
50105
50114
50118
50121
50137
50138
50142
50157
50158
50161
50166
50173
50187
50197
50198
50210
50214
50221
50229
50234
50237
50238
50242
50249
50254
50257
50259
50261
50262
50265
50277
50293
50310
50314
50317
50326
50333
50334
50337
50338
50350
50353
50365
50378
50390
50393
50401
50433
50441
50445
50446
50451
50453
50455
50463
50469
50473
50479
50481
50486
50491
50493
50497
50498
50517
50518
50519
50522
50524
50526
50527
50531
50535
50542
50545
50546
50550
50553
50554
50555
50558
50565
50588
50589
50590
50595
50597
50599
50601
50602
50606
50610
50614
50615
50622
50626
50627
50637
50645
50647
50650
50659
50665
50666
50669
50673
50679
50682
50694
50697
50701
50709
50710
50713
50734
50742
50746
50753
50757
50774
50781
50786
50789
50806
50809
50814
50818
50833
50837
50838
50845
50846
50850
50862
50866
50874
50889
50894
50907
50909
50913
50926
50934
50937
50940
50950
50953
50954
50961
50962
50966
50973
50974
50977
50985
50989
50998
51002
51010
51013
51037
51041
51045
51046
51050
51054
51057
51069
51073
51074
51098
51110
51122
51130
51133
51137
51142
51146
51159
51162
51178
51182
51187
51193
51194
51214
51217
51225
51230
51238
51242
51249
51250
51253
51261
51262
51266
51286
51290
51297
51301
51305
51306
51317
51322
51329
51345
51346
51349
51357
51370
51382
51385
51389
51417
51418
51421
51422
51425
51429
51434
51437
51438
51453
51454
51459
51471
51473
51477
51485
51486
51487
51493
51494
51501
51505
51511
51535
51537
51542
51545
51546
51551
51554
51555
51562
51573
51577
51582
51593
51601
51605
51606
51607
51609
51610
51617
51622
51631
51634
51639
51649
51654
51657
51658
51659
51662
51673
51674
51677
51678
51690
51697
51699
51714
51717
51718
51737
51738
51746
51757
51759
51761
51766
51770
51781
51789
51809
51810
51831
51841
51845
51849
51850
51862
51866
51869
51870
51889
51893
51894
51897
51905
51921
51933
51938
51941
51949
51953
51954
51958
51960
51961
51962
51965
51966
51969
51978
51987
51997
52002
52005
52010
52014
52017
52022
52026
52029
52030
52037
52046
52049
52054
52058
52062
52066
52070
52082
52090
52098
52102
52105
52106
52109
52110
52130
52149
52150
52155
52165
52167
52185
52186
52190
52198
52217
52226
52234
52238
52249
52277
52293
52297
52301
52310
52317
52338
52346
52347
52353
52354
52366
52370
52377
52386
52389
52394
52397
52417
52422
52426
52438
52442
52446
52453
52454
52461
52465
52466
52471
52473
52482
52487
52491
52494
52498
52501
52507
52514
52515
52518
52522
52523
52534
52535
52537
52542
52543
52549
52554
52559
52563
52565
52567
52579
52582
52583
52586
52587
52589
52595
52601
52603
52609
52623
52627
52643
52646
52658
52661
52669
52687
52695
52699
52701
52706
52709
52711
52713
52725
52726
52730
52731
52745
52747
52750
52753
52754
52758
52761
52762
52765
52773
52781
52786
52791
52809
52825
52829
52833
52834
52841
52849
52854
52855
52877
52882
52889
52893
52894
52897
52913
52922
52925
52933
52934
52935
52941
52946
52949
52954
52958
52966
52969
52973
52982
52990
52993
53030
53034
53041
53042
53053
53054
53055
53061
53082
53086
53094
53102
53105
53114
53134
53146
53154
53158
53170
53182
53201
53202
53217
53218
53221
53225
53245
53249
53262
53269
53273
53277
53278
53281
53286
53290
53293
53302
53313
53318
53327
53330
53349
53353
53357
53365
53369
53379
53389
53395
53398
53405
53406
53413
53414
53417
53422
53425
53430
53437
53438
53441
53449
53450
53457
53465
53470
53477
53482
53489
53502
53509
53511
53518
53522
53531
53537
53545
53561
53566
53571
53583
53589
53590
53595
53597
53606
53610
53613
53617
53619
53621
53629
53630
53631
53637
53645
53647
53649
53663
53670
53677
53685
53689
53698
53699
53702
53713
53714
53715
53726
53733
53741
53742
53745
53762
53766
53767
53786
53789
53793
53794
53801
53814
53818
53841
53849
53854
53857
53869
53873
53877
53883
53886
53894
53901
53902
53905
53908
53910
53913
53914
53915
53917
53918
53927
53949
53953
53957
53958
53961
53965
53969
53974
53977
53981
53998
54002
54005
54006
54009
54018
54022
54025
54045
54049
54054
54058
54065
54070
54077
54085
54114
54157
54166
54169
54173
54178
54181
54221
54225
54230
54233
54245
54246
54250
54254
54258
54278
54286
54289
54305
54309
54314
54317
54330
54333
54337
54341
54346
54350
54357
54361
54365
54366
54370
54373
54383
54393
54405
54406
54410
54413
54414
54421
54433
54437
54446
54449
54462
54477
54485
54494
54501
54502
54506
54513
54514
54517
54521
54529
54530
54533
54537
54538
54542
54545
54550
54553
54555
54561
54562
54569
54573
54583
54585
54586
54589
54590
54594
54598
54599
54601
54606
54621
54624
54640
54641
54642
54643
54649
54653
54661
54663
54679
54689
54702
54706
54709
54717
54718
54722
54723
54725
54733
54741
54747
54754
54758
54761
54763
54766
54770
54773
54778
54786
54790
54799
54806
54809
54811
54817
54821
54826
54833
54837
54839
54842
54851
54854
54859
54869
54870
54878
54881
54885
54899
54901
54902
54905
54906
54913
54917
54925
54934
54945
54957
54977
54981
54982
54985
54986
54989
54990
55001
55006
55013
55022
55026
55038
55045
55046
55049
55050
55053
55057
55058
55063
55066
55070
55075
55077
55082
55089
55090
55093
55094
55095
55102
55109
55113
55121
55122
55129
55133
55134
55137
55138
55143
55145
55150
55157
55173
55181
55185
55191
55193
55201
55218
55222
55233
55237
55238
55253
55254
55262
55285
55286
55290
55293
55301
55306
55314
55322
55337
55349
55353
55361
55369
55373
55374
55377
55381
55389
55397
55401
55409
55417
55418
55421
55422
55430
55433
55434
55441
55442
55449
55453
55457
55458
55461
55469
55473
55474
55478
55489
55501
55505
55522
55534
55541
55549
55560
55569
55570
55571
55578
55579
55585
55591
55593
55595
55598
55601
55605
55606
55609
55613
55623
55625
55630
55633
55638
55642
55643
55645
55651
55658
55659
55662
55666
55671
55674
55681
55682
55683
55686
55690
55691
55693
55694
55705
55710
55733
55749
55754
55758
55761
55762
55771
55774
55776
55777
55779
55787
55791
55793
55798
55805
55809
55810
55811
55815
55822
55825
55837
55838
55841
55842
55845
55846
55849
55854
55857
55862
55877
55878
55886
55887
55890
55893
55905
55909
55910
55921
55929
55930
55942
55946
55953
55969
55982
55986
55990
56005
56006
56010
56021
56034
56037
56046
56049
56050
56057
56061
56069
56074
56085
56086
56097
56101
56106
56121
56122
56129
56141
56142
56147
56153
56154
56171
56174
56185
56205
56238
56249
56254
56257
56277
56282
56286
56294
56299
56305
56309
56310
56322
56326
56329
56331
56342
56347
56353
56354
56362
56377
56378
56383
56386
56394
56398
56410
56422
56430
56431
56434
56441
56442
56457
56461
56478
56481
56485
56501
56506
56517
56522
56525
56534
56538
56549
56550
56553
56566
56569
56570
56574
56581
56583
56585
56590
56593
56594
56595
56598
56603
56607
56613
56615
56623
56635
56645
56651
56653
56655
56657
56662
56666
56667
56671
56678
56681
56686
56689
56699
56702
56703
56706
56718
56719
56723
56725
56735
56745
56746
56747
56750
56751
56761
56766
56769
56778
56779
56781
56785
56790
56791
56793
56795
56798
56802
56803
56805
56806
56813
56815
56821
56825
56829
56830
56834
56837
56858
56862
56878
56881
56882
56886
56890
56917
56918
56925
56942
56946
56949
56955
56962
56965
56969
56970
56981
56986
56993
57001
57005
57009
57013
57029
57033
57037
57038
57045
57058
57069
57070
57077
57087
57090
57106
57110
57126
57129
57134
57142
57149
57157
57177
57178
57181
57195
57198
57201
57205
57206
57210
57225
57241
57249
57255
57265
57270
57285
57290
57298
57310
57313
57321
57329
57338
57350
57354
57357
57361
57365
57369
57370
57373
57382
57385
57386
57389
57405
57409
57413
57414
57417
57425
57429
57430
57434
57462
57469
57470
57473
57490
57498
57514
57529
57533
57537
57538
57546
57549
57561
57562
57566
57581
57586
57593
57597
57605
57606
57611
57614
57615
57617
57622
57626
57630
57634
57638
57651
57657
57662
57670
57681
57686
57690
57691
57693
57698
57705
57706
57710
57713
57722
57733
57738
57739
57741
57747
57750
57753
57754
57761
57777
57778
57786
57794
57795
57797
57819
57825
57829
57831
57835
57842
57845
57862
57866
57869
57873
57877
57882
57894
57901
57910
57913
57917
57937
57950
57958
57961
57965
57981
57987
57994
58001
58003
58029
58049
58053
58058
58070
58078
58081
58097
58102
58106
58110
58111
58130
58135
58138
58151
58154
58157
58161
58169
58174
58189
58193
58197
58202
58209
58213
58226
58229
58230
58234
58237
58241
58245
58249
58253
58254
58274
58277
58302
58321
58330
58334
58341
58349
58354
58358
58361
58362
58369
58373
58381
58385
58389
58394
58401
58405
58406
58413
58421
58429
58442
58445
58450
58462
58465
58466
58470
58486
58506
58509
58510
58513
58517
58525
58529
58538
58549
58558
58561
58566
58573
58574
58577
58578
58581
58590
58593
58601
58605
58606
58618
58622
58634
58643
58649
58657
58661
58663
58667
58671
58674
58679
58681
58687
58690
58691
58694
58718
58721
58726
58739
58753
58754
58755
58759
58778
58797
58798
58799
58805
58819
58829
58831
58833
58837
58841
58858
58860
58866
58871
58873
58877
58890
58894
58897
58905
58906
58914
58917
58922
58930
58941
58944
58949
58953
58970
58977
58981
59010
59031
59046
59053
59055
59058
59077
59086
59090
59098
59105
59107
59110
59113
59117
59118
59126
59130
59132
59141
59146
59150
59154
59157
59166
59173
59175
59177
59181
59190
59197
59218
59226
59229
59237
59239
59245
59249
59253
59266
59277
59289
59294
59297
59306
59310
59314
59325
59338
59342
59345
59346
59366
59377
59378
59389
59390
59405
59414
59417
59434
59437
59438
59439
59457
59458
59462
59473
59474
59477
59486
59494
59497
59521
59526
59530
59542
59545
59554
59558
59577
59594
59598
59602
59610
59613
59617
59621
59625
59637
59665
59667
59673
59677
59679
59681
59686
59690
59710
59717
59718
59721
59727
59729
59735
59745
59750
59751
59759
59771
59782
59783
59786
59793
59794
59798
59801
59802
59814
59817
59825
59826
59827
59829
59837
59841
59849
59854
59857
59858
59869
59881
59887
59899
59901
59911
59913
59917
59918
59926
59929
59942
59949
59958
59961
59969
59970
59972
59985
59990
59997
59998
60001
60002
60007
60010
60017
60018
60026
60047
60051
60062
60067
60069
60070
60073
60074
60077
60082
60090
60091
60118
60133
60143
60146
60162
60165
60166
60169
60170
60177
60198
60199
60201
60209
60226
60230
60237
60245
60285
60298
60310
60314
60322
60329
60330
60333
60334
60345
60350
60359
60362
60374
60381
60390
60409
60410
60413
60422
60425
60430
60434
60446
60458
60461
60473
60477
60481
60482
60485
60486
60489
60501
60502
60517
60522
60526
60530
60533
60537
60541
60542
60550
60562
60565
60582
60597
60601
60610
60622
60630
60633
60634
60662
60673
60679
60682
60683
60689
60693
60694
60698
60705
60706
60707
60709
60711
60716
60727
60730
60731
60734
60746
60749
60750
60759
60767
60769
60771
60777
60779
60782
60787
60790
60794
60801
60811
60813
60821
60822
60827
60830
60839
60841
60847
60862
60863
60871
60882
60886
60890
60893
60901
60905
60907
60918
60920
60921
60925
60930
60934
60937
60947
60949
60955
60957
60966
60970
60973
60979
60981
60998
60999
61002
61010
61021
61025
61035
61037
61061
61065
61074
61081
61085
61090
61093
61106
61114
61115
61125
61133
61141
61145
61146
61157
61166
61170
61179
61185
61186
61189
61190
61202
61213
61229
61237
61242
61270
61274
61277
61278
61285
61305
61313
61314
61317
61321
61322
61325
61326
61333
61337
61342
61359
61366
61369
61377
61381
61393
61394
61399
61401
61405
61437
61442
61446
61449
61450
61453
61457
61461
61462
61469
61473
61474
61477
61493
61498
61517
61523
61525
61526
61530
61534
61537
61538
61549
61550
61562
61569
61573
61577
61593
61602
61606
61609
61613
61621
61634
61639
61649
61654
61657
61666
61670
61673
61677
61678
61682
61689
61694
61701
61702
61709
61710
61711
61718
61725
61729
61738
61743
61745
61749
61753
61757
61759
61761
61762
61765
61769
61774
61778
61779
61780
61789
61799
61803
61807
61810
61811
61814
61818
61826
61829
61834
61838
61843
61845
61849
61850
61851
61854
61860
61866
61869
61881
61885
61893
61894
61897
61906
61910
61917
61922
61925
61927
61931
61933
61934
61939
61941
61942
61943
61945
61954
61961
61965
61969
61974
61981
61982
61993
61998
62002
62013
62014
62027
62041
62045
62061
62062
62063
62065
62066
62069
62073
62077
62081
62085
62086
62103
62105
62107
62109
62121
62130
62141
62145
62149
62158
62161
62169
62174
62177
62178
62185
62186
62193
62199
62206
62209
62222
62226
62227
62233
62237
62249
62261
62265
62274
62278
62282
62285
62286
62298
62301
62302
62317
62325
62326
62337
62338
62350
62353
62357
62361
62370
62377
62398
62405
62430
62438
62446
62450
62458
62461
62462
62466
62469
62473
62482
62489
62509
62513
62517
62519
62533
62541
62545
62549
62550
62562
62566
62570
62573
62586
62590
62605
62611
62617
62618
62621
62637
62641
62646
62653
62662
62681
62685
62693
62694
62695
62697
62701
62709
62714
62718
62723
62726
62729
62734
62737
62739
62741
62753
62762
62766
62767
62776
62778
62781
62783
62791
62802
62807
62825
62830
62835
62838
62842
62854
62858
62859
62861
62870
62879
62881
62889
62890
62906
62923
62926
62929
62935
62938
62942
62945
62950
62953
62969
62970
62971
62978
62994
62997
62998
63002
63009
63015
63017
63034
63037
63053
63057
63065
63066
63069
63094
63098
63101
63102
63107
63113
63114
63137
63149
63150
63153
63157
63158
63162
63163
63181
63199
63201
63202
63205
63209
63213
63214
63217
63221
63230
63234
63253
63258
63261
63262
63265
63269
63282
63285
63297
63298
63301
63302
63306
63309
63318
63325
63326
63333
63341
63357
63361
63362
63367
63369
63374
63389
63394
63402
63405
63410
63414
63421
63422
63430
63442
63449
63450
63458
63462
63469
63474
63478
63498
63506
63522
63531
63533
63534
63537
63542
63550
63553
63557
63561
63562
63565
63582
63586
63590
63598
63601
63602
63613
63614
63618
63647
63649
63654
63657
63670
63682
63685
63689
63690
63705
63709
63714
63721
63725
63730
63738
63742
63749
63751
63753
63754
63757
63758
63765
63767
63769
63770
63781
63782
63787
63789
63795
63821
63822
63826
63830
63838
63839
63841
63842
63843
63846
63854
63859
63861
63863
63869
63875
63887
63891
63905
63907
63911
63913
63915
63917
63918
63925
63933
63934
63943
63949
63954
63963
63970
63975
63978
63986
63990
63993
63997
63998
64001
64002
64009
64010
64012
64013
64026
64030
64037
64038
64042
64053
64058
64063
64066
64089
64090
64094
64097
64113
64117
64121
64122
64126
64129
64133
64137
64141
64149
64150
64158
64161
64162
64166
64181
64182
64186
64190
64193
64202
64203
64213
64241
64242
64250
64253
64258
64261
64262
64270
64282
64294
64318
64326
64330
64338
64341
64345
64350
64358
64370
64390
64410
64415
64417
64425
64441
64442
64454
64457
64461
64466
64498
64501
64513
64521
64525
64526
64537
64538
64545
64557
64558
64561
64569
64570
64573
64578
64593
64605
64615
64618
64626
64630
64645
64654
64662
64665
64670
64674
64681
64682
64685
64697
64702
64706
64718
64730
64735
64753
64754
64757
64761
64771
64773
64777
64778
64779
64786
64797
64799
64802
64805
64814
64815
64818
64821
64829
64830
64833
64841
64853
64854
64855
64858
64859
64870
64871
64874
64883
64897
64899
64910
64912
64913
64919
64922
64926
64930
64941
64945
64954
64959
64969
64970
64978
64986
64987
64993
64994
64995
65009
65019
65020
65021
65023
65041
65049
65053
65057
65062
65085
65096
65106
65110
65111
65122
65130
65134
65135
65142
65145
65146
65149
65150
65154
65165
65166
65173
65178
65182
65189
65190
65202
65206
65210
65221
65226
65229
65230
65234
65235
65249
65266
65281
65293
65294
65305
65313
65318
65331
65345
65347
65353
65361
65366
65370
65377
65382
65385
65397
65398
65409
65410
65413
65442
65462
65465
65474
65486
65487
65498
65506
65514
65521
65525
65533
65534
