1
2
6
13
14
18
21
25
26
30
34
37
38
45
46
53
54
62
69
70
77
78
90
93
97
101
109
118
121
122
126
130
145
146
150
158
166
174
178
202
206
209
214
218
221
233
242
246
253
255
262
279
289
291
293
294
295
297
302
305
306
307
314
321
322
329
332
333
337
345
358
362
365
371
373
382
386
389
391
393
395
398
399
405
406
423
426
429
430
434
446
449
453
454
457
462
465
466
481
486
489
493
495
498
499
501
502
505
507
514
517
533
534
537
546
550
553
554
570
574
593
595
605
621
623
625
633
634
666
670
673
677
681
694
713
718
721
722
727
729
733
741
746
749
750
751
754
761
765
773
774
778
782
802
817
818
825
842
850
853
857
870
873
878
881
890
894
898
910
913
914
917
929
933
941
946
953
958
962
965
993
994
1002
1005
1013
1014
1018
1022
1026
1027
1042
1054
1057
1058
1066
1070
1074
1077
1078
1089
1090
1093
1097
1102
1105
1114
1130
1134
1141
1142
1150
1153
1158
1170
1178
1181
1189
1193
1197
1206
1214
1222
1229
1237
1241
1245
1250
1253
1258
1262
1273
1274
1278
1289
1303
1305
1309
1311
1318
1326
1333
1335
1339
1342
1351
1355
1362
1365
1366
1374
1382
1385
1390
1405
1407
1411
1414
1417
1422
1423
1427
1429
1433
1434
1435
1441
1445
1450
1454
1455
1463
1467
1477
1481
1490
1494
1498
1502
1506
1507
1510
1515
1517
1530
1531
1534
1538
1541
1549
1550
1553
1557
1558
1561
1566
1570
1574
1578
1582
1593
1597
1606
1611
1617
1625
1646
1650
1657
1659
1665
1669
1670
1681
1685
1689
1697
1710
1714
1717
1725
1726
1733
1737
1738
1741
1745
1746
1750
1762
1765
1773
1777
1785
1790
1793
1794
1797
1798
1801
1809
1810
1813
1815
1817
1838
1841
1842
1850
1858
1867
1869
1873
1878
1889
1898
1901
1905
1910
1913
1918
1927
1929
1934
1938
1950
1958
1962
1977
1982
1985
1989
1990
1998
2001
2005
2006
2007
2009
2010
2013
2014
2017
2021
2022
2025
2030
2033
2037
2042
2053
2062
2074
2077
2085
2086
2093
2105
2109
2121
2125
2129
2133
2137
2150
2157
2161
2162
2165
2170
2174
2177
2186
2189
2193
2198
2205
2209
2210
2221
2222
2226
2234
2237
2238
2253
2254
2261
2274
2281
2282
2285
2297
2298
2301
2309
2326
2327
2329
2334
2337
2343
2349
2354
2361
2365
2373
2374
2387
2419
2427
2434
2437
2438
2439
2441
2443
2461
2463
2470
2473
2474
2477
2478
2486
2490
2493
2494
2498
2499
2510
2521
2526
2529
2533
2538
2542
2547
2550
2553
2555
2558
2562
2565
2566
2569
2581
2582
2585
2586
2590
2593
2601
2602
2603
2609
2614
2617
2618
2622
2630
2633
2634
2639
2645
2650
2654
2666
2670
2678
2681
2689
2693
2694
2698
2703
2705
2707
2709
2711
2717
2721
2738
2741
2757
2763
2769
2774
2785
2790
2793
2794
2814
2818
2821
2825
2833
2838
2842
2846
2857
2858
2862
2882
2885
2890
2897
2909
2913
2918
2921
2922
2925
2941
2946
2950
2951
2954
2958
2961
2962
2965
2973
2986
2993
3001
3002
3005
3006
3007
3037
3041
3042
3045
3046
3050
3054
3058
3061
3066
3069
3070
3073
3074
3077
3090
3094
3098
3106
3114
3118
3146
3149
3150
3153
3154
3165
3170
3174
3181
3185
3189
3190
3202
3206
3209
3210
3213
3222
3226
3229
3237
3241
3253
3258
3265
3270
3273
3274
3277
3282
3285
3294
3298
3302
3309
3313
3314
3317
3322
3329
3333
3341
3345
3349
3351
3360
3371
3373
3377
3379
3385
3386
3395
3399
3403
3406
3411
3414
3417
3419
3425
3426
3430
3433
3435
3451
3454
3463
3465
3466
3478
3485
3489
3490
3494
3498
3501
3506
3519
3521
3525
3531
3533
3536
3538
3558
3565
3581
3582
3586
3597
3603
3605
3606
3614
3618
3626
3629
3630
3638
3642
3647
3650
3651
3657
3662
3669
3673
3674
3685
3689
3690
3702
3703
3705
3706
3713
3718
3726
3731
3733
3737
3745
3753
3757
3761
3762
3765
3774
3778
3782
3790
3801
3802
3803
3805
3810
3813
3814
3817
3825
3829
3830
3833
3837
3838
3841
3850
3861
3866
3869
3877
3885
3893
3897
3902
3905
3906
3910
3917
3933
3934
3950
3958
3965
3969
3978
3986
3989
3997
3998
4014
4021
4026
4029
4034
4049
4062
4065
4069
4073
4081
4082
4085
4093
4094
4101
4102
4121
4125
4138
4153
4157
4158
4173
4182
4189
4194
4201
4202
4206
4209
4213
4214
4217
4221
4226
4230
4237
4249
4250
4257
4258
4261
4262
4265
4267
4273
4277
4281
4290
4297
4310
4318
4326
4333
4338
4341
4342
4346
4349
4353
4354
4357
4366
4367
4372
4375
4383
4389
4409
4410
4414
4430
4441
4443
4450
4467
4470
4478
4479
4485
4486
4490
4497
4507
4513
4521
4525
4526
4533
4537
4538
4546
4550
4554
4557
4560
4562
4566
4569
4574
4578
4585
4597
4602
4614
4617
4626
4629
4637
4638
4653
4678
4694
4698
4706
4710
4714
4725
4726
4730
4733
4738
4741
4750
4761
4765
4770
4782
4786
4794
4797
4805
4810
4817
4829
4834
4841
4845
4853
4854
4857
4859
4861
4866
4870
4877
4886
4889
4890
4893
4894
4901
4905
4906
4913
4915
4917
4922
4929
4943
4945
4965
4973
4985
4986
4990
5013
5014
5017
5018
5025
5033
5042
5046
5053
5054
5058
5061
5065
5066
5085
5086
5089
5090
5102
5105
5110
5114
5117
5122
5137
5141
5142
5145
5150
5162
5170
5177
5181
5186
5189
5193
5202
5230
5233
5241
5258
5269
5270
5273
5274
5278
5279
5285
5286
5298
5306
5309
5313
5315
5322
5325
5341
5342
5346
5349
5354
5358
5361
5370
5377
5378
5381
5383
5385
5386
5387
5390
5391
5395
5398
5401
5405
5411
5414
5425
5438
5443
5445
5458
5471
5473
5474
5485
5487
5490
5494
5498
5517
5518
5529
5530
5531
5538
5541
5542
5551
5553
5554
5557
5562
5570
5578
5582
5583
5586
5587
5589
5601
5603
5610
5617
5618
5630
5638
5642
5645
5669
5670
5671
5681
5682
5714
5717
5722
5733
5734
5741
5749
5753
5755
5757
5766
5773
5774
5781
5794
5807
5809
5813
5814
5821
5826
5833
5838
5842
5846
5853
5857
5858
5869
5874
5877
5878
5885
5886
5894
5898
5905
5910
5925
5930
5933
5934
5937
5938
5941
5946
5954
5958
5966
5970
5975
5982
5989
5990
5993
6001
6021
6026
6033
6038
6049
6051
6054
6058
6061
6066
6078
6085
6089
6090
6103
6106
6117
6122
6126
6129
6135
6138
6141
6153
6158
6166
6177
6181
6185
6190
6193
6201
6206
6217
6221
6222
6223
6225
6234
6237
6245
6261
6273
6274
6277
6289
6293
6297
6298
6307
6310
6317
6322
6329
6346
6358
6361
6362
6366
6370
6385
6389
6397
6401
6405
6406
6417
6419
6421
6423
6427
6430
6431
6437
6442
6454
6458
6459
6461
6485
6495
6502
6505
6506
6509
6511
6521
6526
6527
6529
6530
6534
6537
6543
6546
6550
6551
6554
6559
6561
6566
6574
6575
6577
6578
6581
6582
6583
6586
6589
6595
6601
6605
6611
6618
6627
6645
6650
6653
6657
6662
6673
6674
6677
6678
6685
6689
6691
6693
6698
6705
6707
6718
6722
6725
6729
6733
6754
6761
6769
6770
6773
6786
6790
6802
6805
6806
6817
6818
6826
6829
6834
6837
6838
6842
6853
6858
6865
6873
6877
6882
6885
6893
6897
6905
6909
6910
6917
6921
6922
6937
6938
6941
6943
6949
6954
6957
6965
6966
6977
6978
6986
6997
6999
7013
7017
7025
7033
7057
7082
7085
7097
7098
7102
7106
7117
7118
7122
7130
7133
7142
7157
7158
7162
7170
7178
7182
7186
7193
7194
7197
7202
7210
7217
7225
7226
7246
7249
7257
7261
7274
7277
7282
7301
7305
7317
7321
7322
7329
7337
7341
7350
7353
7357
7358
7361
7373
7377
7382
7385
7390
7402
7405
7406
7410
7411
7413
7414
7417
7418
7434
7445
7458
7459
7475
7478
7486
7490
7493
7501
7502
7507
7510
7515
7517
7518
7519
7523
7526
7533
7543
7545
7546
7558
7559
7565
7566
7567
7579
7583
7586
7589
7593
7597
7601
7605
7607
7613
7614
7623
7626
7631
7633
7645
7646
7653
7657
7658
7659
7662
7671
7678
7681
7686
7690
7701
7717
7718
7721
7722
7725
7726
7729
7733
7741
7742
7746
7757
7758
7761
7762
7774
7781
7785
7786
7789
7799
7802
7822
7826
7837
7846
7849
7854
7865
7866
7870
7874
7881
7889
7893
7902
7906
7914
7931
7938
7949
7951
7969
7970
7973
7985
7986
7990
7991
7998
8001
8006
8010
8017
8025
8030
8037
8050
8057
8058
8065
8066
8077
8078
8081
8085
8086
8122
8126
8133
8134
8145
8149
8150
8157
8166
8167
8170
8174
8186
8189
8206
8225
8234
8237
8257
8262
8269
8273
8274
8278
8282
8286
8297
8298
8313
8322
8329
8350
8353
8361
8362
8370
8373
8374
8378
8390
8393
8398
8402
8405
8410
8414
8422
8425
8426
8430
8431
8441
8446
8450
8479
8482
8485
8486
8490
8493
8495
8502
8514
8515
8517
8518
8519
8521
8525
8545
8547
8549
8557
8561
8565
8569
8579
8582
8583
8593
8594
8597
8599
8605
8610
8617
8619
8633
8634
8661
8666
8678
8679
8682
8693
8701
8705
8713
8718
8726
8729
8733
8735
8738
8741
8742
8746
8750
8753
8757
8758
8761
8786
8789
8790
8797
8798
8801
8805
8813
8821
8830
8833
8834
8837
8838
8841
8845
8849
8851
8853
8861
8869
8870
8873
8874
8877
8878
8883
8885
8886
8889
8890
8894
8901
8906
8911
8930
8937
8945
8946
8949
8954
8958
8962
8974
8978
8985
8991
8993
8994
8997
8998
9009
9017
9018
9025
9031
9033
9034
9035
9054
9066
9069
9093
9094
9102
9109
9110
9125
9130
9141
9143
9149
9173
9182
9189
9194
9198
9201
9209
9210
9214
9217
9221
9222
9238
9246
9249
9254
9257
9262
9265
9266
9287
9289
9297
9302
9306
9309
9310
9314
9322
9329
9330
9337
9341
9342
9345
9346
9354
9373
9374
9378
9385
9397
9401
9409
9413
9414
9426
9430
9433
9434
9438
9442
9453
9462
9473
9479
9483
9487
9497
9526
9527
9531
9535
9537
9539
9550
9553
9554
9555
9561
9562
9566
9571
9577
9578
9585
9586
9589
9590
9591
9597
9606
9607
9610
9611
9614
9615
9621
9626
9627
9630
9633
9634
9638
9650
9651
9654
9661
9662
9663
9670
9685
9687
9691
9698
9699
9709
9710
9713
9714
9715
9717
9727
9733
9734
9749
9765
9781
9785
9797
9801
9805
9815
9821
9822
9846
9853
9862
9870
9873
9890
9891
9906
9909
9914
9921
9926
9929
9942
9949
9953
9989
9990
9993
9994
9999
10001
10002
10005
10017
10027
10033
10050
10055
10061
10074
10082
10085
10086
10093
10097
10101
10106
10114
10122
10126
10133
10137
10139
10149
10150
10153
10158
10161
10162
10174
10178
10182
10185
10186
10198
10201
10206
10210
10214
10218
10221
10222
10265
10266
10269
10274
10285
10286
10290
10298
10310
10346
10349
10354
10358
10365
10369
10373
10389
10394
10398
10401
10409
10417
10421
10422
10430
10443
10445
10461
10462
10474
10477
10478
10482
10487
10490
10494
10497
10501
10506
10507
10511
10515
10517
10522
10523
10525
10537
10539
10541
10545
10551
10570
10574
10582
10583
10585
10591
10602
10603
10613
10614
10618
10621
10626
10627
10633
10637
10639
10646
10649
10657
10658
10659
10661
10667
10670
10673
10674
10675
10677
10681
10682
10683
10690
10693
10702
10705
10706
10713
10717
10725
10730
10738
10742
10746
10762
10766
10773
10774
10782
10791
10794
10802
10805
10809
10818
10823
10825
10829
10841
10853
10862
10865
10869
10874
10885
10886
10889
10890
10893
10898
10906
10911
10913
10914
10921
10922
10923
10926
10929
10930
10934
10945
10958
10965
10966
10967
10969
10985
10987
10989
10990
10997
10999
11002
11006
11013
11014
11022
11029
11033
11034
11038
11054
11058
11062
11078
11087
11090
11094
11098
11106
11109
11110
11114
11117
11122
11125
11129
11135
11150
11154
11175
11194
11197
11209
11217
11219
11222
11226
11229
11230
11233
11234
11238
11249
11277
11286
11297
11298
11301
11321
11325
11333
11345
11357
11361
11362
11378
11390
11398
11401
11406
11413
11425
11429
11445
11449
11458
11461
11466
11469
11470
11474
11483
11489
11490
11497
11498
11502
11514
11517
11523
11526
11527
11539
11541
11542
11549
11553
11555
11558
11562
11565
11567
11573
11574
11582
11589
11593
11606
11609
11614
11618
11619
11626
11631
11638
11646
11654
11658
11661
11665
11666
11673
11678
11681
11685
11689
11691
11705
11711
11713
11726
11749
11751
11753
11754
11758
11766
11769
11770
11773
11777
11785
11786
11790
11793
11797
11798
11806
11813
11815
11817
11818
11821
11822
11829
11830
11834
11837
11841
11850
11854
11856
11858
11862
11865
11869
11877
11885
11886
11911
11922
11923
11930
11938
11942
11953
11959
11962
11965
11978
11986
11990
11994
12006
12013
12015
12017
12021
12022
12026
12033
12046
12058
12061
12066
12081
12090
12093
12094
12097
12101
12102
12113
12117
12125
12133
12137
12141
12142
12146
12150
12158
12162
12165
12170
12190
12201
12214
12221
12225
12233
12238
12242
12250
12258
12261
12267
12274
12281
12286
12294
12297
12302
12305
12306
12310
12322
12326
12333
12334
12341
12350
12357
12365
12366
12370
12381
12386
12393
12397
12405
12406
12410
12413
12414
12418
12422
12425
12442
12445
12449
12453
12454
12458
12462
12465
12466
12485
12486
12493
12494
12505
12506
12518
12522
12534
12537
12538
12545
12547
12561
12565
12566
12570
12571
12577
12579
12583
12591
12594
12598
12603
12621
12625
12627
12630
12638
12639
12645
12646
12650
12653
12655
12657
12658
12662
12663
12670
12673
12675
12677
12681
12682
12683
12693
12694
12701
12721
12726
12727
12739
12742
12750
12755
12758
12762
12763
12769
12773
12778
12782
12785
12789
12793
12794
12798
12809
12810
12822
12825
12829
12830
12838
12842
12845
12849
12862
12874
12877
12889
12893
12897
12901
12905
12909
12910
12924
12926
12938
12939
12941
12942
12949
12950
12954
12962
12969
12974
12977
12981
12993
12994
13005
13017
13025
13033
13038
13042
13046
13057
13061
13065
13069
13073
13081
13090
13097
13098
13106
13109
13110
13118
13122
13125
13137
13145
13169
13174
13181
13186
13205
13210
13214
13217
13223
13229
13238
13249
13254
13262
13265
13281
13282
13290
13294
13301
13313
13314
13321
13322
13325
13333
13334
13341
13346
13354
13357
13358
13366
13369
13374
13386
13389
13393
13406
13413
13418
13426
13434
13437
13454
13457
13458
13466
13469
13473
13474
13477
13478
13481
13485
13490
13501
13502
13513
13522
13545
13550
13554
13558
13562
13571
13575
13577
13578
13582
13583
13593
13601
13609
13610
13613
13615
13622
13625
13634
13635
13639
13655
13661
13663
13669
13670
13671
13673
13681
13689
13699
13701
13702
13703
13707
13711
13714
13722
13729
13734
13737
13746
13747
13753
13761
13765
13770
13777
13778
13781
13783
13789
13794
13801
13802
13811
13813
13814
13817
13822
13825
13841
13842
13845
13865
13866
13870
13877
13885
13889
13898
13913
13917
13918
13930
13934
13938
13942
13946
13949
13953
13954
13977
13985
13986
13989
13993
14001
14003
14009
14021
14025
14033
14037
14039
14041
14042
14049
14057
14058
14062
14066
14077
14082
14086
14089
14097
14101
14105
14106
14113
14114
14121
14129
14130
14137
14149
14150
14154
14155
14166
14170
14177
14178
14186
14193
14213
14218
14221
14237
14238
14247
14257
14265
14266
14273
14285
14286
14301
14302
14317
14318
14326
14341
14350
14354
14367
14373
14397
14403
14409
14411
14417
14426
14430
14433
14434
14441
14442
14449
14457
14462
14465
14469
14482
14490
14494
14497
14519
14521
14522
14529
14534
14538
14549
14553
14558
14565
14569
14573
14582
14589
14599
14600
14603
14605
14606
14610
14614
14617
14622
14623
14626
14627
14630
14637
14642
14643
14649
14653
14654
14657
14661
14682
14694
14697
14698
14699
14701
14709
14715
14720
14729
14731
14733
14737
14738
14739
14742
14745
14750
14757
14761
14765
14766
14773
14775
14783
14786
14791
14813
14830
14835
14837
14842
14853
14857
14858
14861
14862
14863
14869
14873
14874
14877
14881
14882
14886
14890
14898
14901
14913
14938
14939
14942
14945
14947
14953
14957
14958
14962
14966
14969
14970
14974
14982
14985
14986
14989
14995
15006
15010
15013
15017
15019
15021
15025
15038
15042
15045
15062
15065
15069
15074
15081
15086
15094
15098
15102
15105
15106
15113
15114
15121
15122
15125
15126
15134
15142
15145
15146
15149
15169
15170
15173
15186
15193
15210
15213
15214
15218
15221
15222
15226
15237
15238
15250
15253
15254
15262
15273
15274
15275
15278
15281
15285
15293
15294
15298
15301
15309
15322
15326
15334
15346
15349
15353
15354
15357
15361
15362
15369
15370
15375
15389
15393
15405
15414
15422
15425
15430
15434
15437
15438
15441
15450
15458
15470
15474
15481
15485
15489
15501
15502
15509
15517
15529
15533
15541
15542
15545
15558
15574
15578
15585
15594
15597
15602
15606
15617
15621
15622
15626
15629
15630
15633
15637
15638
15642
15646
15649
15650
15651
15653
15659
15661
15663
15665
15671
15674
15678
15685
15686
15694
15703
15707
15714
15717
15722
15725
15737
15738
15742
15753
15757
15758
15759
15761
15765
15767
15774
15775
15777
15781
15783
15790
15793
15794
15803
15805
15806
15809
15815
15818
15827
15830
15845
15853
15854
15857
15877
15878
15882
15885
15886
15890
15897
15898
15902
15906
15914
15915
15917
15922
15925
15926
15933
15934
15938
15945
15957
15962
15963
15973
15977
15981
15982
15985
15991
15998
16005
16009
16013
16025
16026
16036
16038
16049
16065
16070
16074
16075
16077
16078
16082
16085
16086
16087
16089
16090
16097
16109
16113
16114
16117
16118
16122
16125
16126
16134
16138
16142
16146
16162
16166
16167
16174
16181
16182
16185
16194
16197
16201
16205
16206
16209
16217
16229
16237
16238
16242
16250
16258
16261
16265
16281
16289
16291
16294
16302
16309
16329
16330
16334
16341
16345
16349
16354
16361
16362
16366
16369
16397
16399
16401
16405
16406
16410
16413
16430
16438
16450
16453
16469
16473
16474
16477
16478
16481
16486
16489
16490
16497
16501
16502
16505
16517
16529
16533
16537
16538
16546
16553
16557
16570
16573
16577
16578
16581
16582
16598
16601
16602
16610
16613
16618
16625
16626
16630
16645
16649
16651
16654
16658
16663
16665
16670
16681
16682
16683
16693
16697
16698
16699
16702
16706
16710
16722
16726
16727
16729
16733
16734
16745
16751
16753
16757
16767
16775
16779
16781
16798
16799
16810
16811
16813
16815
16818
16838
16841
16843
16846
16847
16849
16858
16862
16863
16877
16879
16882
16883
16885
16893
16913
16922
16930
16931
16934
16949
16954
16965
16969
16973
16981
16982
16990
16994
16997
17009
17017
17018
17021
17022
17045
17046
17063
17071
17076
17077
17086
17089
17101
17113
17124
17125
17130
17138
17161
17166
17178
17181
17190
17209
17210
17214
17234
17245
17250
17253
17258
17262
17270
17274
17278
17281
17293
17298
17301
17302
17306
17313
17317
17318
17322
17329
17341
17349
17350
17357
17358
17359
17361
17362
17366
17369
17373
17374
17381
17385
17389
17397
17402
17410
17411
17413
17414
17417
17421
17445
17449
17450
17469
17470
17477
17482
17485
17489
17490
17505
17513
17526
17534
17553
17558
17566
17569
17573
17579
17581
17585
17593
17602
17605
17610
17617
17622
17631
17637
17650
17651
17654
17669
17670
17679
17681
17690
17701
17702
17706
17709
17714
17718
17721
17722
17723
17731
17733
17734
17737
17754
17757
17759
17767
17769
17771
17774
17778
17782
17785
17790
17791
17798
17799
17821
17833
17834
17835
17838
17842
17845
17849
17850
17857
17862
17869
17870
17873
17874
17879
17886
17889
17897
17899
17903
17909
17910
17918
17922
17929
17942
17945
17949
17950
17957
17959
17965
17966
17969
17974
17989
17997
18014
18017
18038
18041
18046
18053
18054
18061
18069
18074
18081
18082
18089
18094
18095
18097
18098
18102
18110
18113
18117
18118
18126
18129
18133
18138
18141
18145
18149
18150
18153
18154
18157
18158
18161
18162
18165
18170
18177
18186
18190
18202
18210
18214
18225
18226
18233
18237
18242
18249
18250
18257
18277
18281
18301
18302
18309
18310
18326
18330
18333
18337
18342
18346
18350
18374
18378
18394
18402
18421
18430
18433
18437
18441
18462
18482
18489
18498
18502
18505
18513
18514
18518
18537
18538
18542
18578
18582
18585
18589
18590
18597
18609
18614
18618
18621
18622
18625
18630
18633
18637
18642
18646
18653
18669
18670
18673
18678
18685
18690
18698
18699
18700
18706
18707
18709
18710
18713
18717
18721
18725
18727
18729
18737
18738
18749
18754
18755
18758
18766
18770
18773
18774
18785
18787
18791
18802
18805
18806
18817
18818
18823
18825
18829
18830
18834
18839
18842
18851
18857
18858
18859
18867
18881
18882
18894
18901
18902
18910
18921
18925
18926
18929
18930
18933
18938
18946
18949
18958
18970
18978
18981
18993
18998
19001
19002
19005
19006
19010
19018
19021
19025
19031
19037
19038
19042
19043
19045
19046
19050
19052
19055
19061
19067
19073
19082
19089
19102
19114
19118
19121
19125
19126
19130
19137
19141
19146
19149
19150
19153
19158
19169
19197
19205
19206
19214
19217
19225
19226
19227
19237
19238
19250
19254
19269
19274
19277
19278
19282
19289
19290
19293
19294
19301
19309
19313
19314
19317
19322
19325
19350
19357
19361
19362
19370
19373
19383
19391
19393
19397
19402
19405
19413
19414
19417
19418
19422
19426
19429
19437
19442
19446
19458
19461
19477
19478
19482
19486
19489
19493
19498
19502
19510
19526
19534
19538
19542
19546
19557
19562
19565
19577
19578
19583
19585
19594
19606
19617
19622
19626
19629
19641
19642
19645
19649
19650
19673
19674
19677
19682
19686
19689
19690
19697
19698
19702
19706
19710
19718
19733
19737
19738
19741
19742
19744
19746
19747
19757
19758
19761
19766
19771
19779
19785
19794
19798
19799
19805
19807
19809
19811
19814
19819
19821
19838
19839
19841
19849
19853
19855
19863
19866
19871
19873
19874
19881
19882
19889
19893
19895
19897
19902
19906
19907
19915
19917
19921
19922
19926
19929
19930
19933
19937
19961
19969
19978
19985
19990
19993
19994
19998
20021
20022
20025
20030
20039
20042
20053
20059
20062
20077
20079
20082
20090
20093
20098
20117
20118
20122
20126
20137
20141
20143
20145
20149
20153
20161
20166
20181
20185
20189
20212
20217
20218
20225
20234
20237
20245
20249
20257
20261
20269
20273
20274
20282
20286
20294
20297
20298
20301
20306
20309
20322
20341
20347
20357
20365
20369
20373
20374
20378
20386
20401
20410
20413
20421
20437
20438
20445
20454
20457
20462
20485
20489
20501
20502
20518
20522
20529
20530
20533
20534
20550
20569
20570
20573
20577
20586
20589
20590
20593
20594
20598
20601
20602
20606
20610
20621
20629
20637
20638
20641
20642
20646
20661
20669
20678
20697
20701
20709
20713
20717
20726
20730
20737
20746
20754
20757
20758
20763
20774
20781
20782
20783
20791
20793
20801
20802
20807
20809
20814
20815
20817
20834
20843
20859
20861
20862
20873
20884
20893
20895
20899
20905
20910
20913
20914
20922
20926
20929
20934
20945
20949
20951
20965
20966
20971
20976
20979
20981
20982
20990
20994
20997
21005
21010
21018
21025
21037
21038
21042
21050
21051
21053
21057
21059
21065
21069
21083
21085
21090
21093
21101
21106
21108
21113
21117
21122
21129
21137
21139
21146
21162
21166
21170
21174
21178
21182
21189
21202
21203
21210
21214
21217
21218
21222
21225
21226
21234
21237
21238
21242
21245
21267
21277
21278
21281
21282
21302
21305
21318
21326
21329
21330
21338
21346
21358
21362
21365
21370
21374
21378
21385
21389
21399
21406
21418
21421
21445
21449
21450
21457
21458
21462
21469
21473
21477
21478
21482
21486
21489
21490
21497
21502
21505
21513
21522
21526
21538
21542
21546
21550
21557
21566
21570
21574
21589
21593
21601
21602
21613
21622
21626
21630
21633
21646
21654
21658
21661
21662
21665
21670
21673
21674
21678
21682
21685
21698
21702
21705
21709
21710
21722
21734
21737
21742
21753
21754
21757
21758
21763
21766
21767
21769
21777
21782
21783
21785
21793
21801
21811
21813
21815
21817
21822
21823
21843
21845
21846
21847
21849
21850
21857
21861
21875
21877
21882
21893
21898
21902
21903
21905
21906
21910
21930
21934
21941
21943
21946
21947
21951
21954
21957
21959
21965
21985
21986
21989
22002
22005
22010
22014
22021
22030
22038
22046
22047
22050
22053
22054
22074
22077
22078
22081
22089
22094
22105
22109
22117
22118
22134
22138
22150
22153
22173
22174
22177
22181
22182
22183
22187
22190
22193
22198
22202
22206
22223
22225
22226
22230
22234
22237
22238
22241
22246
22250
22258
22261
22262
22265
22266
22270
22274
22277
22285
22290
22293
22294
22298
22301
22302
22305
22306
22313
22314
22317
22318
22322
22334
22337
22346
22353
22361
22369
22370
22385
22390
22401
22409
22410
22418
22422
22430
22434
22450
22458
22466
22477
22490
22497
22506
22509
22510
22522
22541
22545
22558
22565
22566
22573
22574
22578
22585
22586
22589
22599
22602
22609
22614
22622
22625
22629
22633
22634
22646
22658
22661
22662
22665
22669
22670
22678
22693
22701
22717
22718
22730
22734
22742
22745
22750
22754
22758
22770
22778
22782
22791
22795
22809
22810
22814
22817
22818
22822
22823
22829
22835
22837
22841
22842
22843
22849
22854
22861
22869
22870
22874
22879
22887
22898
22899
22909
22910
22912
22913
22923
22926
22927
22935
22938
22940
22947
22953
22962
22985
22986
22997
22998
23002
23003
23005
23009
23010
23013
23014
23025
23031
23042
23049
23050
23058
23065
23069
23082
23086
23095
23097
23102
23107
23113
23118
23126
23130
23133
23138
23143
23146
23150
23154
23162
23167
23170
23185
23189
23194
23201
23209
23217
23226
23237
23238
23241
23246
23253
23261
23262
23273
23274
23285
23286
23287
23290
23293
23305
23313
23330
23333
23346
23354
23358
23362
23365
23369
23374
23389
23394
23397
23398
23402
23405
23414
23418
23429
23430
23434
23454
23471
23478
23482
23490
23494
23506
23509
23510
23521
23522
23529
23531
23537
23545
23546
23549
23550
23558
23569
23573
23589
23613
23626
23638
23645
23653
23657
23661
23662
23673
23674
23681
23689
23690
23693
23698
23702
23713
23714
23718
23721
23722
23729
23730
23746
23750
23754
23757
23762
23769
23770
23777
23781
23786
23794
23797
23798
23801
23809
23817
23818
23825
23834
23837
23838
23849
23853
23861
23869
23874
23878
23883
23885
23887
23889
23902
23906
23909
23913
23917
23918
23922
23925
23930
23937
23938
23939
23943
23949
23958
23965
23966
23971
23974
23981
23985
23993
23994
23997
23998
24001
24002
24003
24005
24006
24014
24018
24026
24031
24035
24042
24045
24046
24054
24057
24058
24066
24070
24074
24081
24082
24086
24102
24105
24109
24113
24117
24129
24130
24138
24142
24150
24151
24158
24165
24166
24171
24174
24177
24195
24198
24205
24206
24210
24230
24237
24245
24250
24257
24262
24266
24269
24271
24297
24302
24326
24337
24357
24358
24374
24377
24390
24394
24397
24409
24410
24413
24422
24425
24466
24469
24473
24474
24478
24485
24498
24513
24518
24525
24526
24538
24545
24546
24553
24562
24569
24577
24581
24586
24594
24601
24618
24625
24641
24642
24646
24654
24658
24662
24689
24693
24697
24702
24706
24717
24721
24722
24725
24734
24742
24745
24746
24766
24769
24773
24774
24781
24790
24805
24814
24826
24837
24839
24844
24850
24851
24857
24862
24865
24867
24869
24873
24879
24882
24883
24893
24894
24895
24901
24902
24903
24905
24907
24910
24913
24914
24915
24929
24930
24937
24939
24941
24942
24949
24954
24957
24961
24963
24965
24969
24970
24977
24979
24989
24990
24994
24998
25002
25005
25009
25015
25018
25025
25026
25030
25033
25034
25037
25043
25054
25055
25057
25059
25062
25063
25069
25082
25089
25097
25101
25105
25110
25117
25122
25125
25137
25138
25141
25145
25149
25150
25167
25169
25170
25171
25177
25186
25193
25197
25209
25217
25221
25222
25225
25234
25246
25250
25253
25258
25261
25266
25273
25277
25278
25285
25289
25294
25295
25321
25326
25337
25338
25345
25349
25350
25353
25366
25370
25377
25390
25398
25410
25414
25422
25429
25430
25437
25442
25445
25455
25457
25465
25466
25493
25506
25529
25530
25538
25545
25546
25549
25557
25566
25573
25598
25601
25609
25618
25621
25622
25625
25626
25629
25630
25633
25634
25646
25650
25653
25665
25669
25674
25678
25685
25687
25693
25714
25718
25725
25733
25734
25737
25746
25750
25757
25762
25782
25785
25797
25801
25805
25809
25810
25813
25814
25829
25875
25877
25879
25886
25889
25894
25895
25897
25898
25899
25902
25903
25905
25909
25910
25926
25927
25930
25931
25933
25939
25942
25946
25947
25949
25954
25958
25967
25970
25973
25981
25983
25984
25986
25993
25995
26002
26005
26009
26010
26013
26014
26015
26018
26019
26021
26022
26029
26031
26033
26037
26039
26041
26042
26061
26063
26065
26069
26074
26078
26086
26098
26099
26110
26114
26118
26126
26130
26133
26134
26137
26146
26157
26162
26174
26179
26182
26186
26205
26206
26211
26221
26229
26232
26234
26238
26243
26257
26266
26270
26273
26274
26277
26278
26281
26282
26285
26287
26298
26301
26309
26311
26321
26322
26333
26334
26354
26362
26370
26374
26377
26378
26381
26383
26386
26389
26394
26401
26405
26422
26438
26453
26457
26465
26478
26481
26482
26491
26493
26497
26498
26501
26517
26518
26521
26529
26531
26533
26541
26542
26562
26566
26569
26570
26573
26574
26577
26581
26589
26609
26613
26622
26633
26634
26638
26641
26649
26653
26657
26662
26670
26673
26674
26677
26685
26713
26717
26733
26737
26738
26742
26749
26758
26761
26765
26778
26794
26798
26821
26822
26829
26834
26838
26842
26849
26862
26873
26878
26881
26891
26893
26899
26906
26907
26925
26931
26933
26938
26941
26945
26947
26951
26953
26958
26959
26962
26973
26977
26981
26987
26989
26990
26991
26994
26997
26998
27001
27002
27013
27014
27018
27026
27034
27035
27047
27050
27053
27058
27061
27063
27065
27066
27074
27077
27078
27079
27081
27083
27085
27087
27094
27098
27102
27103
27105
27109
27114
27134
27142
27146
27153
27165
27177
27182
27185
27189
27201
27209
27214
27218
27222
27234
27239
27241
27247
27250
27253
27258
27262
27269
27270
27273
27281
27289
27290
27294
27298
27305
27310
27322
27326
27333
27337
27341
27346
27347
27351
27361
27362
27373
27387
27389
27390
27397
27406
27409
27410
27414
27417
27430
27437
27449
27450
27454
27462
27465
27466
27467
27474
27477
27482
27485
27489
27501
27505
27510
27521
27541
27542
27545
27558
27561
27562
27565
27574
27577
27585
27589
27602
27605
27606
27609
27613
27614
27621
27629
27635
27645
27661
27666
27685
27686
27709
27710
27714
27717
27718
27721
27726
27730
27734
27737
27749
27761
27766
27770
27777
27785
27786
27793
27797
27798
27801
27802
27806
27821
27833
27850
27853
27854
27858
27869
27881
27886
27893
27897
27902
27905
27909
27910
27913
27922
27926
27930
27938
27941
27943
27945
27947
27957
27958
27962
27963
27965
27973
27977
27981
27986
27990
27995
28006
28012
28014
28018
28025
28037
28041
28043
28045
28048
28053
28058
28065
28078
28079
28083
28094
28109
28110
28115
28117
28126
28127
28129
28131
28133
28141
28161
28170
28181
28190
28193
28202
28210
28214
28215
28218
28230
28237
28242
28245
28246
28249
28277
28278
28285
28294
28302
28305
28314
28317
28318
28321
28322
28326
28327
28334
28343
28345
28365
28366
28369
28370
28373
28394
28397
28403
28405
28409
28411
28413
28414
28421
28425
28433
28438
28443
28449
28462
28465
28467
28473
28474
28490
28497
28498
28510
28525
28527
28545
28549
28553
28554
28557
28561
28582
28590
28593
28613
28621
28629
28633
28642
28645
28654
28658
28662
28669
28678
28689
28690
28694
28702
28711
28713
28717
28718
28721
28725
28726
28746
28754
28757
28761
28762
28769
28771
28773
28778
28785
28790
28797
28798
28805
28806
28810
28818
28821
28825
28826
28833
28838
28841
28845
28846
28847
28853
28854
28862
28866
28869
28870
28874
28879
28881
28882
28893
28898
28902
28906
28910
28913
28922
28933
28934
28937
28938
28947
28959
28971
28973
28974
28983
28989
28994
28995
28998
28999
29004
29005
29006
29010
29015
29021
29023
29026
29031
29038
29042
29074
29077
29078
29085
29087
29089
29090
29094
29095
29097
29103
29105
29106
29107
29115
29126
29129
29133
29143
29151
29153
29158
29161
29170
29171
29173
29177
29189
29194
29198
29202
29214
29225
29234
29237
29245
29250
29253
29254
29261
29273
29274
29285
29297
29298
29306
29314
29318
29322
29326
29327
29329
29330
29335
29339
29341
29342
29369
29370
29389
29402
29407
29414
29433
29438
29439
29441
29449
29453
29465
29474
29482
29485
29490
29501
29518
29521
29525
29537
29553
29554
29562
29565
29569
29585
29586
29590
29597
29598
29602
29605
29609
29610
29625
29626
29629
29637
29642
29645
29650
29653
29654
29662
29674
29682
29686
29690
29702
29725
29726
29733
29742
29745
29750
29754
29781
29789
29793
29802
29809
29810
29813
29821
29822
29834
29837
29838
29841
29843
29845
29853
29854
29857
29862
29865
29866
29870
29874
29877
29878
29886
29893
29901
29905
29906
29910
29921
29926
29929
29930
29933
29945
29950
29959
29963
29970
29971
29981
29983
29985
29990
29995
29998
29999
30001
30007
30018
30019
30028
30030
30031
30035
30041
30043
30061
30065
30066
30069
30079
30083
30086
30089
30090
30101
30105
30106
30107
30109
30115
30122
30125
30131
30142
30147
30149
30157
30161
30173
30182
30183
30198
30205
30206
30210
30214
30217
30218
30222
30234
30246
30247
30249
30250
30261
30269
30271
30278
30285
30290
30298
30314
30321
30334
30337
30341
30347
30358
30361
30362
30365
30369
30370
30377
30385
30386
30389
30397
30398
30399
30402
30403
30413
30418
30437
30441
30442
30446
30450
30473
30477
30481
30489
30494
30501
30502
30506
30514
30521
30525
30526
30543
30546
30549
30550
30554
30569
30581
30602
30603
30605
30611
30614
30618
30625
30626
30634
30646
30650
30653
30674
30682
30686
30687
30689
30694
30697
30698
30702
30713
30714
30717
30726
30741
30745
30746
30750
30753
30765
30773
30777
30782
30790
30793
30798
30801
30805
30813
30814
30818
30821
30825
30826
30829
30833
30837
30846
30857
30861
30874
30882
30889
30898
30905
30909
30910
30918
30921
30926
30929
30933
30934
30946
30949
30953
30954
30962
30970
30974
30986
30989
30994
30995
31001
31002
31007
31021
31027
31030
31045
31046
31054
31062
31065
31069
31070
31073
31074
31077
31090
31091
31093
31095
31102
31107
31113
31117
31118
31121
31125
31127
31129
31133
31150
31154
31159
31162
31166
31177
31179
31187
31191
31203
31214
31221
31225
31237
31241
31245
31250
31251
31262
31265
31277
31281
31283
31289
31290
31302
31311
31313
31325
31327
31337
31341
31342
31350
31353
31378
31379
31382
31389
31393
31401
31414
31422
31425
31426
31433
31434
31438
31442
31445
31454
31457
31458
31461
31462
31466
31469
31470
31474
31475
31477
31490
31498
31502
31507
31510
31521
31526
31529
31530
31534
31537
31542
31550
31566
31570
31571
31577
31578
31585
31586
31597
31598
31602
31609
31617
31622
31629
31646
31649
31650
31658
31673
31674
31681
31689
31690
31698
31701
31702
31709
31718
31722
31726
31733
31741
31745
31754
31766
31777
31778
31797
31802
31805
31806
31810
31814
31817
31818
31821
31826
31829
31834
31841
31845
31857
31858
31862
31865
31878
31893
31901
31917
31918
31926
31933
31934
31941
31943
31945
31950
31954
31961
31978
31982
31997
32021
32049
32062
32067
32073
32077
32079
32082
32101
32103
32105
32107
32110
32119
32121
32126
32130
32133
32142
32143
32151
32161
32162
32169
32177
32185
32187
32193
32195
32198
32203
32206
32213
32218
32221
32222
32230
32234
32249
32251
32253
32257
32258
32269
32274
32281
32286
32293
32294
32297
32298
32301
32310
32322
32325
32326
32329
32333
32339
32341
32342
32349
32353
32354
32357
32366
32368
32370
32373
32385
32386
32393
32394
32395
32402
32411
32427
32434
32465
32485
32486
32489
32497
32501
32506
32509
32511
32513
32518
32522
32523
32529
32538
32545
32546
32558
32566
32577
32582
32586
32598
32601
32602
32618
32622
32625
32626
32641
32653
32658
32666
32669
32670
32674
32678
32681
32697
32702
32718
32726
32729
32741
32753
32754
32757
32758
32761
32765
32773
32781
32782
32785
32786
32790
32794
32797
32798
32802
32805
32806
32829
32861
32862
32869
32870
32873
32889
32901
32906
32913
32914
32917
32918
32921
32922
32933
32937
32941
32945
32946
32949
32962
32986
32990
33002
33011
33022
33026
33029
33030
33034
33037
33038
33041
33042
33043
33049
33059
33063
33065
33066
33083
33095
33106
33121
33137
33146
33153
33159
33166
33171
33181
33183
33187
33198
33199
33205
33213
33228
33242
33253
33254
33261
33262
33263
33265
33270
33273
33274
33281
33285
33286
33289
33293
33300
33317
33322
33338
33341
33347
33349
33358
33363
33366
33373
33378
33382
33389
33390
33393
33406
33409
33413
33422
33425
33454
33462
33470
33474
33482
33485
33489
33497
33502
33510
33517
33525
33538
33547
33557
33573
33574
33578
33581
33585
33586
33590
33591
33601
33609
33618
33621
33629
33634
33638
33642
33645
33647
33665
33673
33674
33690
33697
33715
33721
33722
33727
33730
33733
33734
33737
33745
33750
33757
33774
33777
33781
33789
33793
33794
33798
33802
33806
33809
33813
33822
33825
33830
33833
33845
33849
33854
33858
33862
33866
33873
33874
33877
33882
33894
33898
33906
33922
33925
33927
33942
33950
33954
33962
33969
33973
33983
33993
34010
34014
34026
34030
34037
34041
34042
34046
34049
34054
34061
34065
34066
34074
34079
34091
34101
34102
34103
34114
34115
34121
34126
34131
34135
34137
34143
34149
34154
34157
34170
34173
34177
34181
34202
34205
34206
34214
34222
34225
34227
34230
34234
34239
34242
34243
34247
34254
34261
34269
34275
34281
34282
34289
34298
34309
34313
34329
34330
34334
34341
34346
34349
34355
34364
34369
34370
34373
34374
34385
34402
34406
34410
34414
34418
34419
34422
34425
34441
34454
34457
34458
34461
34462
34465
34466
34467
34475
34481
34482
34510
34517
34521
34525
34534
34539
34541
34542
34546
34549
34553
34559
34561
34574
34577
34578
34582
34585
34586
34589
34594
34598
34601
34605
34609
34617
34625
34626
34629
34637
34645
34646
34650
34657
34658
34661
34673
34674
34678
34681
34682
34686
34694
34697
34714
34725
34733
34734
34737
34741
34746
34749
34750
34757
34766
34769
34770
34774
34785
34787
34801
34805
34806
34813
34818
34822
34827
34837
34841
34846
34849
34857
34858
34862
34866
34873
34890
34893
34906
34909
34910
34917
34921
34922
34929
34930
34938
34942
34945
34950
34966
34970
34978
34982
34986
34989
34993
34994
35001
35009
35010
35013
35017
35021
35025
35030
35034
35038
35041
35053
35057
35062
35074
35078
35085
35090
35093
35098
35105
35107
35109
35119
35121
35122
35125
35126
35130
35133
35138
35145
35146
35153
35158
35165
35171
35173
35178
35185
35198
35202
35203
35215
35217
35222
35223
35226
35227
35234
35241
35244
35255
35258
35263
35273
35274
35275
35293
35306
35307
35313
35325
35329
35330
35333
35353
35362
35365
35366
35370
35374
35377
35383
35385
35386
35393
35409
35411
35418
35421
35433
35434
35437
35442
35446
35449
35453
35461
35462
35470
35477
35478
35481
35482
35487
35497
35513
35517
35521
35522
35530
35541
35557
35559
35561
35562
35565
35566
35569
35590
35594
35602
35606
35613
35614
35618
35625
35627
35633
35635
35637
35645
35646
35649
35654
35655
35658
35663
35665
35678
35690
35713
35718
35722
35730
35738
35745
35746
35749
35753
35754
35758
35762
35765
35766
35778
35797
35809
35817
35818
35833
35834
35838
35842
35854
35859
35870
35882
35885
35886
35887
35889
35894
35898
35930
35933
35942
35945
35950
35953
35958
35962
35967
35981
35982
35987
35989
35990
35997
36002
36005
36010
36014
36017
36025
36026
36030
36033
36037
36038
36039
36058
36073
36077
36078
36089
36093
36098
36105
36106
36109
36113
36117
36130
36131
36134
36138
36153
36157
36167
36178
36179
36189
36191
36194
36198
36207
36214
36219
36222
36229
36240
36258
36263
36265
36271
36278
36282
36293
36302
36311
36317
36322
36325
36329
36330
36334
36335
36341
36342
36343
36346
36349
36354
36357
36361
36365
36370
36373
36374
36381
36382
36389
36390
36397
36398
36401
36417
36418
36419
36425
36429
36438
36441
36443
36445
36451
36462
36466
36491
36501
36502
36506
36509
36513
36521
36526
36530
36532
36533
36541
36542
36546
36549
36562
36565
36566
36567
36569
36570
36586
36589
36597
36602
36610
36622
36625
36646
36649
36659
36670
36694
36697
36701
36706
36707
36721
36729
36734
36758
36761
36763
36765
36769
36770
36781
36786
36793
36797
36802
36803
36817
36821
36826
36833
36838
36849
36853
36857
36866
36870
36881
36894
36897
36902
36906
36910
36918
36921
36925
36926
36941
36946
36947
36950
36957
36970
36973
36974
36977
36982
36989
36994
37005
37041
37053
37054
37057
37058
37065
37066
37078
37082
37085
37089
37098
37101
37110
37118
37123
37127
37130
37133
37135
37137
37145
37157
37158
37161
37162
37175
37177
37178
37182
37191
37201
37202
37203
37209
37213
37215
37223
37239
37242
37246
37251
37254
37263
37269
37270
37274
37279
37282
37287
37290
37291
37293
37295
37297
37301
37302
37303
37310
37318
37321
37334
37338
37346
37355
37357
37361
37383
37386
37397
37399
37401
37407
37409
37410
37413
37414
37418
37421
37425
37426
37430
37442
37445
37450
37457
37473
37474
37478
37486
37490
37506
37513
37517
37518
37525
37545
37554
37557
37558
37569
37573
37574
37578
37581
37586
37597
37598
37601
37602
37605
37606
37609
37613
37618
37621
37630
37631
37649
37653
37662
37678
37681
37682
37686
37701
37706
37713
37722
37725
37727
37729
37733
37738
37739
37741
37742
37749
37754
37769
37777
37789
37802
37806
37822
37826
37837
37841
37853
37857
37859
37901
37918
37929
37930
37934
37941
37954
37966
37970
37981
37997
38001
38002
38017
38018
38026
38030
38049
38057
38062
38073
38089
38093
38097
38098
38102
38105
38110
38113
38125
38133
38134
38142
38165
38166
38167
38170
38171
38173
38177
38179
38182
38183
38185
38186
38193
38197
38199
38201
38206
38210
38214
38226
38227
38229
38234
38243
38250
38263
38267
38281
38282
38283
38295
38297
38299
38306
38307
38310
38314
38317
38318
38329
38330
38334
38335
38337
38343
38345
38346
38349
38350
38353
38357
38358
38359
38367
38369
38374
38381
38398
38402
38405
38417
38418
38422
38425
38429
38430
38433
38437
38457
38467
38487
38490
38513
38515
38526
38533
38534
38535
38537
38542
38545
38546
38562
38565
38574
38576
38577
38585
38589
38590
38602
38605
38606
38613
38614
38616
38618
38641
38646
38666
38669
38670
38673
38674
38681
38686
38693
38694
38701
38702
38722
38726
38734
38738
38754
38758
38761
38762
38765
38789
38806
38809
38821
38825
38837
38846
38853
38865
38873
38878
38881
38897
38906
38909
38913
38918
38922
38933
38934
38938
38941
38946
38949
38953
38957
38961
38966
38967
38969
38978
38981
38982
38985
38986
38993
38994
39005
39006
39010
39013
39025
39029
39039
39041
39047
39049
39050
39065
39073
39091
39093
39094
39097
39101
39105
39106
39113
39118
39125
39137
39138
39141
39146
39153
39154
39165
39177
39179
39182
39183
39185
39193
39194
39205
39215
39223
39227
39231
39234
39238
39240
39242
39247
39253
39254
39258
39261
39265
39266
39273
39274
39283
39285
39290
39297
39298
39299
39302
39303
39317
39322
39323
39329
39330
39341
39342
39362
39365
39373
39377
39387
39389
39402
39405
39409
39410
39421
39422
39423
39425
39426
39427
39429
39438
39439
39443
39449
39450
39454
39461
39463
39469
39473
39474
39485
39502
39509
39513
39523
39530
39542
39545
39546
39550
39555
39566
39570
39574
39578
39581
39582
39586
39602
39614
39617
39634
39642
39661
39662
39678
39690
39697
39698
39701
39702
39705
39718
39730
39733
39738
39741
39742
39743
39749
39753
39761
39777
39786
39801
39802
39806
39813
39818
39845
39850
39858
39862
39866
39873
39875
39881
39889
39894
39897
39910
39918
39921
39941
39942
39946
39957
39958
39969
39989
39994
39998
40005
40006
40017
40021
40023
40029
40030
40033
40045
40054
40055
40061
40065
40066
40073
40074
40077
40082
40109
40114
40125
40130
40134
40141
40142
40150
40169
40170
40190
40194
40197
40198
40206
40211
40214
40227
40229
40231
40234
40238
40245
40246
40249
40250
40251
40253
40262
40269
40273
40278
40293
40298
40307
40319
40329
40335
40337
40349
40353
40373
40379
40387
40389
40390
40392
40393
40394
40402
40403
40410
40414
40418
40419
40425
40426
40429
40431
40433
40438
40443
40446
40450
40465
40477
40486
40489
40490
40494
40499
40506
40507
40513
40514
40522
40523
40525
40530
40534
40537
40545
40557
40559
40562
40565
40566
40578
40589
40598
40603
40622
40629
40633
40638
40674
40678
40681
40689
40695
40697
40698
40701
40702
40713
40714
40718
40733
40737
40758
40761
40766
40770
40774
40775
40786
40795
40801
40802
40805
40809
40817
40818
40826
40841
40853
40861
40863
40871
40878
40885
40890
40894
40897
40905
40918
40925
40926
40929
40935
40937
40946
40953
40962
40966
40970
40974
40978
40982
40990
40998
41001
41002
41013
41017
41018
41021
41022
41026
41030
41033
41042
41049
41054
41065
41073
41074
41078
41089
41094
41098
41102
41117
41118
41121
41125
41126
41129
41137
41138
41141
41149
41154
41162
41173
41185
41190
41197
41198
41206
41214
41216
41218
41226
41230
41234
41242
41246
41265
41282
41294
41305
41310
41311
41322
41326
41334
41338
41350
41358
41363
41365
41366
41378
41390
41394
41401
41403
41410
41411
41414
41415
41417
41425
41429
41430
41433
41441
41445
41458
41463
41466
41473
41485
41486
41493
41494
41501
41506
41510
41512
41525
41526
41533
41537
41538
41541
41549
41554
41556
41558
41565
41574
41578
41594
41597
41609
41622
41629
41641
41646
41650
41654
41661
41670
41673
41678
41681
41682
41690
41691
41701
41702
41707
41710
41718
41721
41722
41725
41729
41733
41742
41745
41758
41769
41777
41781
41782
41798
41805
41806
41807
41810
41813
41817
41830
41841
41846
41849
41850
41854
41858
41862
41865
41869
41874
41886
41898
41901
41902
41906
41907
41913
41918
41922
41930
41941
41945
41949
41953
41958
41966
41970
41974
41977
41979
41993
41997
42010
42013
42014
42026
42042
42053
42061
42065
42066
42070
42082
42085
42090
42094
42097
42098
42101
42102
42105
42121
42126
42134
42142
42146
42169
42170
42173
42174
42178
42181
42205
42210
42213
42221
42225
42226
42233
42237
42242
42251
42253
42254
42259
42274
42281
42285
42287
42289
42298
42299
42302
42305
42310
42317
42323
42325
42330
42335
42341
42345
42346
42363
42377
42387
42390
42391
42393
42398
42402
42409
42410
42415
42416
42439
42443
42449
42453
42457
42461
42462
42466
42467
42469
42479
42482
42490
42495
42502
42509
42514
42517
42518
42523
42531
42533
42537
42538
42557
42567
42569
42578
42582
42589
42603
42609
42618
42621
42626
42629
42630
42633
42637
42650
42653
42654
42657
42659
42663
42665
42666
42674
42675
42678
42681
42686
42689
42698
42701
42710
42714
42717
42718
42722
42725
42729
42730
42733
42737
42745
42746
42749
42750
42766
42774
42777
42785
42786
42794
42814
42818
42819
42821
42825
42838
42841
42846
42849
42850
42853
42854
42858
42865
42874
42878
42893
42905
42911
42926
42929
42934
42937
42938
42953
42961
42962
42965
42966
42973
42978
43005
43009
43013
43018
43034
43037
43041
43042
43050
43062
43070
43077
43089
43090
43109
43113
43117
43130
43145
43147
43161
43165
43169
43177
43218
43225
43237
43265
43266
43271
43277
43278
43290
43293
43298
43303
43305
43306
43321
43325
43330
43338
43345
43347
43357
43365
43369
43370
43371
43374
43378
43381
43385
43390
43394
43401
43403
43409
43413
43414
43421
43423
43425
43427
43431
43433
43437
43438
43442
43443
43446
43449
43455
43457
43459
43461
43466
43474
43477
43478
43485
43489
43494
43502
43503
43505
43509
43513
43514
43517
43521
43522
43525
43533
43534
43542
43546
43553
43554
43555
43558
43562
43563
43571
43578
43593
43601
43602
43606
43609
43610
43622
43626
43633
43637
43638
43641
43653
43654
43659
43661
43662
43669
43670
43673
43674
43681
43695
43697
43699
43706
43710
43725
43726
43733
43734
43741
43746
43769
43770
43777
43779
43785
43789
43793
43794
43801
43809
43821
43822
43830
43837
43838
43843
43845
43853
43857
43862
43865
43874
43882
43890
43901
43902
43905
43909
43914
43917
43925
43947
43950
43953
43958
43961
43962
43966
43977
43986
43989
43993
43994
44001
44014
44026
44033
44034
44038
44041
44045
44049
44050
44061
44069
44070
44073
44074
44078
44085
44089
44105
44129
44133
44137
44149
44157
44159
44161
44162
44185
44186
44190
44193
44197
44213
44217
44230
44233
44242
44246
44253
44258
44262
44270
44273
44274
44278
44282
44290
44293
44302
44307
44320
44326
44329
44330
44338
44342
44353
44361
44362
44364
44373
44383
44387
44390
44395
44405
44410
44413
44417
44419
44425
44427
44437
44445
44446
44461
44465
44466
44467
44470
44471
44482
44489
44490
44493
44495
44498
44499
44506
44510
44514
44515
44521
44522
44523
44533
44538
44539
44542
44545
44549
44558
44574
44577
44590
44595
44605
44613
44623
44624
44636
44638
44645
44646
44651
44653
44657
44662
44663
44666
44681
44690
44698
44704
44713
44717
44721
44723
44725
44730
44737
44741
44745
44746
44750
44753
44754
44761
44763
44765
44773
44781
44785
44797
44806
44826
44843
44846
44854
44861
44869
44874
44882
44885
44889
44898
44905
44906
44911
44917
44918
44929
44945
44947
44950
44957
44983
44997
45001
45002
45009
45014
45021
45022
45033
45041
45042
45045
45054
45061
45062
45065
45066
45074
45081
45093
45101
45105
45113
45141
45149
45150
45153
45166
45173
45181
45182
45189
45193
45194
45202
45211
45226
45233
45237
45242
45249
45254
45258
45262
45270
45277
45281
45295
45297
45305
45317
45321
45333
45339
45341
45346
45349
45354
45358
45359
45373
45374
45377
45378
45385
45389
45401
45405
45411
45423
45426
45427
45430
45433
45434
45435
45438
45439
45441
45447
45453
45463
45481
45487
45495
45502
45506
45514
45521
45522
45525
45534
45543
45569
45571
45574
45577
45585
45590
45593
45598
45602
45609
45626
45629
45638
45646
45647
45655
45657
45673
45682
45686
45693
45694
45697
45702
45705
45721
45722
45725
45733
45734
45742
45749
45753
45758
45766
45774
45778
45785
45786
45789
45798
45805
45817
45821
45829
45830
45834
45846
45849
45851
45861
45862
45865
45877
45882
45894
45897
45909
45913
45914
45918
45923
45925
45930
45937
45938
45949
45958
45959
45961
45965
45966
45970
45974
45982
45994
46013
46029
46038
46049
46053
46058
46062
46070
46078
46086
46090
46101
46105
46110
46117
46125
46149
46154
46165
46170
46178
46182
46186
46189
46197
46202
46205
46214
46217
46226
46234
46238
46241
46242
46250
46254
46257
46265
46270
46274
46277
46278
46294
46298
46301
46313
46321
46326
46330
46339
46351
46353
46357
46369
46371
46378
46381
46383
46385
46394
46407
46410
46418
46419
46421
46446
46450
46454
46458
46467
46473
46477
46478
46486
46489
46490
46498
46507
46521
46527
46531
46537
46550
46555
46566
46577
46578
46582
46586
46590
46594
46609
46610
46617
46622
46623
46633
46634
46641
46642
46650
46651
46653
46655
46665
46666
46673
46678
46682
46683
46706
46713
46714
46730
46734
46737
46741
46749
46750
46754
46762
46765
46767
46769
46777
46778
46785
46799
46801
46802
46815
46817
46818
46820
46821
46823
46826
46834
46837
46838
46849
46870
46882
46889
46893
46897
46907
46911
46913
46914
46917
46921
46926
46927
46929
46933
46935
46937
46939
46943
46946
46953
46954
46970
46974
46975
46978
46982
46985
46986
46989
46990
46994
46998
47022
47029
47030
47042
47045
47050
47057
47065
47074
47078
47097
47102
47105
47109
47110
47121
47123
47125
47133
47134
47145
47146
47147
47153
47159
47161
47162
47166
47170
47173
47182
47189
47190
47193
47194
47206
47217
47221
47226
47234
47242
47249
47250
47266
47269
47277
47278
47286
47289
47290
47293
47309
47318
47322
47333
47338
47346
47354
47362
47369
47370
47379
47390
47402
47409
47411
47414
47417
47422
47425
47426
47429
47433
47435
47437
47438
47441
47442
47445
47449
47455
47462
47475
47477
47479
47481
47482
47499
47514
47522
47533
47541
47542
47551
47555
47557
47562
47565
47574
47578
47581
47585
47592
47597
47598
47602
47610
47619
47621
47622
47625
47630
47631
47637
47638
47645
47646
47649
47654
47665
47677
47678
47681
47685
47690
47694
47701
47703
47709
47717
47722
47725
47734
47736
47737
47738
47746
47749
47753
47761
47770
47777
47782
47790
47797
47798
47803
47805
47806
47814
47817
47818
47829
47833
47834
47841
47845
47854
47861
47866
47878
47881
47897
47901
47906
47909
47913
47942
47950
47961
47963
47965
47973
47974
47977
47990
47993
47994
48001
48005
48027
48029
48030
48037
48038
48041
48049
48054
48058
48065
48069
48074
48077
48081
48082
48085
48093
48107
48126
48137
48141
48146
48149
48154
48155
48161
48162
48174
48181
48185
48193
48194
48197
48198
48213
48217
48218
48226
48246
48249
48250
48253
48254
48257
48265
48270
48282
48286
48290
48294
48302
48305
48306
48314
48331
48334
48341
48350
48353
48365
48366
48381
48386
48390
48394
48398
48401
48410
48415
48419
48426
48427
48429
48433
48434
48437
48438
48447
48450
48453
48461
48463
48465
48466
48467
48482
48490
48494
48497
48498
48501
48509
48510
48513
48523
48530
48535
48538
48541
48545
48550
48554
48565
48567
48570
48579
48587
48590
48591
48594
48599
48602
48610
48622
48625
48626
48627
48629
48634
48638
48639
48643
48646
48654
48657
48666
48674
48685
48693
48698
48713
48714
48726
48734
48742
48745
48753
48757
48761
48765
48770
48782
48786
48789
48790
48793
48801
48802
48810
48817
48818
48825
48826
48827
48829
48837
48841
48846
48853
48854
48859
48861
48865
48885
48886
48887
48891
48901
48930
48934
48937
48938
48953
48958
48970
48974
48977
48989
48993
48997
49005
49006
49013
49030
49031
49033
49037
49038
49041
49045
49046
49051
49058
49071
49073
49074
49078
49079
49081
49098
49102
49114
49115
49117
49118
49121
49126
49133
49145
49149
49150
49161
49165
49166
49193
49194
49209
49210
49213
49214
49217
49218
49222
49242
49245
49257
49258
49266
49269
49270
49273
49275
49289
49305
49317
49318
49325
49329
49334
49337
49345
49346
49353
49354
49355
49357
49366
49385
49389
49390
49401
49406
49409
49412
49417
49421
49429
49433
49435
49442
49454
49465
49471
49473
49474
49481
49489
49491
49495
49507
49510
49511
49517
49521
49526
49530
49534
49542
49546
49559
49570
49571
49585
49587
49589
49601
49611
49613
49634
49635
49641
49642
49645
49646
49647
49659
49662
49663
49669
49677
49685
49687
49693
49697
49702
49707
49709
49715
49721
49725
49734
49738
49741
49746
49754
49755
49759
49770
49798
49802
49815
49818
49829
49845
49846
49847
49861
49862
49870
49873
49889
49890
49893
49906
49909
49926
49945
49949
49950
49954
49966
49977
49981
49982
49985
49990
50005
50009
50014
50026
50033
50034
50037
50038
50045
50046
50059
50066
50069
50070
50081
50085
50086
50106
50113
50114
50121
50123
50138
50149
50157
50158
50165
50166
50173
50177
50185
50193
50197
50221
50226
50229
50230
50234
50237
50242
50253
50261
50262
50270
50273
50275
50278
50293
50297
50301
50303
50317
50326
50331
50333
50334
50337
50338
50346
50350
50353
50354
50361
50382
50386
50393
50401
50410
50426
50429
50430
50433
50441
50451
50457
50466
50469
50473
50478
50487
50494
50495
50497
50502
50510
50517
50518
50531
50535
50541
50544
50551
50553
50558
50559
50562
50570
50581
50589
50602
50622
50626
50631
50634
50637
50645
50646
50653
50654
50665
50666
50667
50681
50682
50685
50686
50688
50694
50697
50709
50711
50713
50714
50734
50737
50741
50749
50753
50757
50760
50761
50781
50782
50791
50797
50801
50806
50814
50826
50829
50833
50837
50846
50850
50853
50854
50857
50858
50862
50865
50866
50873
50875
50878
50884
50889
50898
50909
50921
50922
50929
50934
50937
50938
50950
50961
50966
50973
50977
51005
51006
51017
51025
51026
51035
51037
51038
51050
51054
51057
51062
51069
51081
51082
51093
51094
51098
51110
51114
51118
51127
51138
51145
51146
51150
51162
51166
51178
51182
51193
51197
51201
51210
51217
51222
51223
51229
51230
51234
51246
51249
51254
51257
51258
51261
51262
51265
51285
51286
51295
51301
51306
51322
51325
51330
51345
51346
51349
51361
51365
51366
51370
51385
51389
51398
51413
51414
51417
51418
51421
51422
51429
51437
51438
51442
51450
51457
51459
51464
51471
51473
51474
51475
51485
51486
51499
51504
51517
51518
51519
51532
51543
51546
51550
51551
51566
51575
51577
51589
51590
51601
51605
51606
51610
51613
51641
51647
51649
51659
51662
51665
51677
51687
51695
51697
51702
51714
51717
51721
51725
51727
51730
51733
51737
51746
51757
51761
51766
51767
51770
51779
51790
51797
51798
51805
51809
51813
51825
51830
51841
51842
51849
51850
51854
51857
51862
51869
51870
51875
51878
51882
51889
51893
51895
51897
51905
51910
51917
51923
51933
51937
51941
51946
51954
51961
51965
51966
51969
51982
51985
51991
52001
52002
52009
52013
52014
52021
52025
52026
52029
52030
52046
52050
52054
52057
52065
52066
52069
52070
52077
52085
52097
52098
52105
52109
52110
52117
52125
52130
52137
52142
52145
52149
52167
52170
52174
52189
52210
52213
52214
52233
52237
52241
52254
52270
52282
52293
52301
52321
52325
52338
52349
52353
52354
52370
52378
52386
52402
52406
52414
52422
52441
52446
52453
52458
52461
52462
52465
52466
52479
52482
52483
52498
52501
52514
52515
52522
52525
52526
52527
52545
52547
52550
52554
52566
52571
52582
52585
52586
52587
52589
52594
52597
52601
52609
52612
52613
52617
52619
52639
52641
52642
52649
52650
52654
52673
52697
52702
52706
52715
52721
52726
52731
52734
52741
52750
52753
52758
52761
52765
52769
52773
52782
52785
52790
52793
52813
52814
52825
52831
52833
52834
52838
52841
52849
52853
52854
52870
52877
52882
52889
52898
52907
52910
52917
52921
52922
52925
52929
52933
52934
52937
52938
52943
52946
52958
52962
52966
52973
52984
52990
52993
52999
53005
53013
53014
53022
53026
53029
53030
53034
53047
53050
53053
53061
53082
53086
53089
53102
53105
53114
53117
53118
53129
53134
53153
53154
53161
53167
53182
53186
53194
53198
53201
53202
53205
53210
53214
53217
53218
53222
53225
53230
53233
53234
53242
53245
53246
53249
53250
53254
53257
53273
53277
53293
53294
53299
53302
53314
53318
53330
53337
53349
53350
53354
53357
53362
53365
53382
53389
53390
53393
53401
53406
53417
53422
53430
53433
53438
53457
53462
53465
53470
53474
53489
53490
53502
53505
53514
53522
53527
53531
53534
53537
53538
53550
53557
53558
53565
53569
53571
53574
53577
53582
53583
53589
53590
53591
53596
53597
53605
53610
53613
53621
53629
53630
53637
53639
53646
53654
53657
53662
53670
53671
53674
53677
53689
53693
53697
53698
53713
53723
53725
53727
53734
53735
53736
53742
53750
53762
53765
53773
53781
53789
53797
53798
53809
53810
53813
53817
53818
53822
53837
53845
53857
53869
53873
53874
53877
53880
53886
53894
53898
53899
53901
53906
53913
53915
53917
53918
53926
53933
53934
53935
53946
53953
53957
53961
53973
53977
53978
53981
53985
54002
54006
54009
54013
54014
54017
54021
54022
54029
54041
54049
54054
54069
54085
54093
54094
54113
54122
54125
54126
54133
54134
54141
54149
54150
54157
54161
54166
54169
54170
54193
54201
54202
54225
54234
54241
54245
54254
54270
54277
54278
54297
54309
54317
54325
54330
54337
54338
54353
54357
54362
54365
54370
54371
54374
54377
54385
54393
54402
54405
54413
54414
54418
54421
54422
54426
54433
54437
54441
54461
54462
54477
54481
54485
54494
54506
54513
54517
54518
54529
54530
54545
54547
54553
54561
54565
54567
54569
54577
54585
54586
54594
54603
54606
54610
54611
54613
54618
54621
54622
54626
54639
54641
54649
54653
54661
54662
54669
54682
54683
54689
54695
54698
54699
54701
54706
54717
54719
54721
54722
54732
54733
54742
54749
54754
54761
54762
54763
54766
54769
54773
54785
54809
54817
54826
54830
54833
54834
54837
54842
54849
54854
54857
54858
54869
54870
54877
54878
54889
54902
54910
54911
54914
54925
54926
54929
54930
54933
54934
54938
54949
54973
54974
54986
54990
55006
55013
55021
55026
55029
55038
55045
55046
55051
55058
55066
55070
55074
55082
55089
55093
55094
55113
55118
55125
55126
55129
55130
55134
55138
55145
55146
55150
55157
55158
55165
55173
55177
55181
55186
55201
55205
55206
55226
55234
55236
55238
55250
55253
55277
55278
55285
55286
55294
55297
55306
55314
55317
55322
55323
55337
55342
55345
55349
55353
55361
55373
55374
55381
55390
55394
55397
55418
55422
55429
55430
55441
55442
55446
55453
55458
55461
55462
55466
55469
55485
55494
55497
55502
55505
55509
55522
55526
55530
55533
55534
55537
55545
55565
55566
55570
55571
55578
55579
55587
55595
55598
55605
55606
55609
55614
55615
55623
55626
55630
55642
55643
55646
55651
55654
55655
55658
55659
55662
55666
55667
55674
55679
55681
55682
55685
55690
55691
55694
55697
55705
55722
55725
55726
55728
55735
55737
55742
55745
55749
55751
55761
55766
55767
55769
55774
55775
55777
55785
55787
55798
55802
55810
55814
55817
55822
55826
55830
55834
55838
55846
55849
55854
55857
55858
55861
55862
55878
55881
55883
55886
55893
55897
55898
55902
55906
55917
55921
55930
55937
55942
55946
55953
55965
55977
55978
55981
55982
55986
55987
55989
55990
55995
55997
56010
56013
56014
56034
56037
56043
56046
56049
56050
56053
56061
56069
56073
56074
56085
56093
56094
56103
56106
56110
56117
56121
56125
56138
56142
56149
56153
56157
56174
56186
56205
56214
56217
56221
56229
56234
56238
56254
56258
56269
56271
56279
56289
56293
56294
56301
56305
56310
56314
56326
56329
56330
56333
56337
56342
56345
56350
56361
56362
56369
56378
56394
56398
56401
56410
56418
56422
56426
56429
56437
56438
56457
56461
56466
56478
56481
56489
56505
56506
56510
56526
56534
56539
56542
56549
56558
56562
56566
56569
56570
56574
56579
56585
56587
56598
56599
56602
56603
56613
56619
56630
56639
56642
56645
56646
56651
56654
56655
56657
56661
56662
56676
56678
56686
56689
56701
56721
56730
56733
56739
56747
56755
56757
56759
56765
56768
56774
56778
56786
56787
56790
56802
56803
56805
56809
56811
56813
56821
56823
56827
56829
56834
56837
56838
56842
56849
56853
56854
56857
56865
56866
56873
56877
56878
56882
56886
56890
56894
56897
56899
56913
56917
56925
56926
56950
56962
56963
56965
56966
56969
56970
56973
56981
56986
56993
57001
57006
57009
57014
57022
57045
57049
57053
57069
57081
57090
57098
57102
57106
57117
57122
57126
57129
57141
57157
57165
57174
57178
57203
57205
57209
57210
57221
57225
57226
57227
57230
57234
57239
57241
57245
57246
57249
57253
57262
57265
57266
57269
57270
57290
57294
57297
57298
57301
57305
57306
57310
57321
57338
57342
57349
57350
57357
57370
57373
57382
57386
57389
57390
57394
57397
57405
57406
57409
57422
57425
57429
57430
57437
57438
57449
57458
57462
57478
57482
57486
57490
57498
57503
57505
57510
57514
57529
57533
57537
57538
57542
57565
57577
57581
57585
57597
57603
57604
57606
57610
57617
57619
57620
57622
57623
57630
57634
57655
57662
57668
57669
57670
57681
57685
57695
57698
57699
57701
57703
57705
57710
57714
57715
57717
57741
57742
57746
57747
57750
57754
57757
57761
57778
57779
57786
57791
57793
57794
57797
57807
57811
57815
57817
57818
57819
57822
57825
57826
57827
57829
57833
57841
57845
57850
57853
57854
57858
57861
57865
57873
57874
57877
57881
57890
57903
57910
57913
57915
57917
57930
57937
57949
57953
57961
57965
57975
57994
57999
58017
58018
58025
58029
58033
58049
58054
58058
58078
58081
58097
58101
58102
58105
58110
58117
58130
58150
58154
58157
58158
58165
58166
58174
58189
58193
58201
58206
58209
58210
58213
58215
58218
58221
58229
58230
58234
58237
58241
58245
58249
58250
58253
58254
58261
58278
58281
58282
58306
58314
58325
58326
58330
58334
58341
58342
58345
58354
58361
58369
58373
58381
58389
58394
58398
58401
58421
58429
58434
58442
58445
58450
58465
58469
58470
58473
58481
58485
58486
58503
58506
58510
58513
58517
58525
58529
58533
58538
58542
58566
58573
58574
58577
58581
58593
58605
58606
58609
58610
58630
58634
58637
58643
58654
58655
58657
58658
58661
58671
58675
58679
58686
58690
58691
58693
58695
58698
58706
58714
58721
58726
58729
58730
58739
58742
58751
58754
58755
58758
58771
58773
58774
58786
58797
58798
58799
58815
58818
58819
58822
58829
58837
58845
58849
58866
58871
58873
58893
58894
58898
58901
58902
58909
58910
58917
58922
58926
58941
58942
58951
58953
58969
58970
58973
58981
58986
58998
58999
59001
59002
59009
59010
59025
59041
59046
59047
59049
59053
59058
59065
59074
59085
59090
59098
59102
59125
59126
59129
59130
59138
59141
59146
59149
59150
59157
59163
59167
59173
59177
59178
59189
59198
59209
59217
59226
59234
59237
59245
59246
59249
59257
59266
59273
59274
59277
59286
59294
59298
59306
59318
59329
59338
59341
59354
59357
59358
59369
59378
59393
59414
59427
59429
59430
59442
59453
59457
59458
59461
59462
59477
59486
59494
59521
59525
59530
59537
59549
59574
59582
59586
59590
59602
59610
59613
59637
59641
59649
59650
59651
59654
59662
59665
59670
59673
59678
59681
59686
59690
59693
59694
59697
59699
59701
59711
59714
59726
59727
59729
59738
59745
59747
59750
59751
59752
59753
59755
59757
59759
59761
59765
59768
59777
59778
59786
59798
59801
59803
59807
59809
59810
59811
59814
59815
59817
59826
59835
59837
59842
59845
59849
59851
59854
59866
59867
59870
59882
59883
59890
59898
59913
59918
59929
59942
59943
59945
59946
59963
59969
59973
59977
59982
59990
59993
60001
60009
60017
60018
60022
60025
60026
60030
60045
60047
60050
60058
60061
60069
60070
60073
60075
60079
60082
60090
60097
60101
60102
60114
60129
60130
60133
60151
60158
60162
60165
60170
60198
60205
60215
60218
60225
60231
60241
60245
60258
60270
60281
60285
60287
60298
60301
60310
60314
60315
60322
60329
60330
60333
60334
60337
60349
60357
60370
60374
60377
60381
60409
60410
60411
60413
60421
60425
60430
60433
60434
60446
60449
60454
60458
60465
60473
60481
60486
60490
60494
60513
60517
60518
60521
60522
60530
60533
60537
60541
60542
60545
60550
60553
60557
60565
60569
60570
60581
60582
60610
60618
60622
60634
60641
60642
60645
60647
60661
60662
60666
60683
60691
60694
60697
60706
60707
60713
60714
60719
60733
60739
60749
60750
60758
60761
60766
60767
60769
60779
60782
60787
60801
60818
60821
60823
60829
60833
60839
60840
60862
60866
60867
60869
60873
60882
60886
60887
60890
60891
60902
60903
60911
60917
60921
60925
60934
60953
60957
60966
60970
60981
60993
60998
61021
61026
61030
61031
61039
61045
61065
61081
61093
61113
61114
61125
61126
61130
61133
61141
61146
61157
61158
61178
61181
61185
61217
61226
61242
61245
61261
61266
61273
61278
61290
61303
61313
61314
61317
61318
61321
61322
61325
61334
61342
61349
61353
61357
61359
61361
61363
61366
61370
61374
61381
61382
61402
61405
61425
61446
61457
61461
61466
61469
61470
61474
61482
61493
61498
61501
61505
61506
61510
61522
61525
61530
61534
61537
61538
61550
61554
61561
61562
61569
61585
61593
61594
61602
61605
61618
61642
61646
61649
61650
61653
61654
61657
61661
61673
61682
61689
61697
61699
61702
61721
61725
61729
61730
61738
61746
61747
61750
61757
61761
61762
61765
61769
61774
61778
61779
61785
61797
61798
61810
61814
61825
61827
61834
61841
61842
61845
61847
61849
61854
61857
61869
61878
61893
61897
61903
61906
61910
61917
61922
61923
61925
61929
61930
61931
61934
61939
61945
61951
61953
61954
61957
61961
61962
61963
61965
61966
61969
61974
61977
61978
61981
61985
61989
61993
61998
62013
62026
62033
62034
62045
62046
62049
62055
62058
62061
62066
62077
62082
62085
62086
62094
62105
62111
62113
62121
62126
62129
62141
62145
62146
62149
62151
62161
62177
62178
62181
62185
62193
62198
62202
62213
62233
62237
62241
62242
62245
62246
62249
62274
62282
62286
62298
62301
62302
62321
62325
62333
62334
62337
62357
62370
62377
62398
62401
62405
62406
62418
62433
62437
62442
62446
62447
62450
62453
62454
62458
62462
62466
62469
62474
62477
62493
62494
62497
62501
62502
62505
62509
62513
62517
62522
62533
62545
62549
62554
62558
62562
62566
62569
62570
62578
62585
62586
62590
62594
62597
62605
62606
62609
62614
62617
62629
62634
62638
62641
62650
62653
62654
62657
62661
62662
62665
62669
62678
62681
62690
62693
62694
62701
62706
62717
62718
62725
62726
62729
62734
62739
62747
62750
62753
62759
62762
62763
62767
62770
62775
62783
62787
62791
62794
62799
62801
62806
62807
62814
62821
62825
62828
62830
62831
62838
62842
62853
62858
62861
62862
62866
62881
62883
62889
62909
62926
62927
62929
62950
62953
62954
62986
63002
63009
63014
63029
63030
63031
63034
63046
63057
63061
63065
63066
63069
63074
63079
63093
63098
63102
63109
63110
63114
63121
63129
63137
63149
63150
63153
63157
63158
63161
63162
63170
63173
63185
63191
63193
63201
63211
63214
63228
63231
63253
63262
63265
63269
63282
63286
63294
63297
63301
63309
63315
63322
63329
63330
63337
63338
63341
63345
63349
63350
63361
63362
63366
63370
63378
63393
63395
63402
63410
63411
63422
63430
63450
63451
63454
63469
63489
63490
63498
63502
63505
63513
63521
63522
63526
63537
63541
63542
63551
63553
63557
63562
63565
63566
63582
63593
63597
63598
63613
63614
63642
63654
63666
63670
63673
63674
63678
63689
63690
63694
63706
63709
63718
63721
63725
63726
63729
63738
63741
63742
63753
63754
63757
63759
63761
63763
63769
63781
63787
63793
63809
63810
63814
63821
63822
63830
63835
63838
63839
63841
63846
63850
63853
63854
63861
63863
63869
63870
63875
63887
63890
63907
63911
63917
63918
63922
63925
63931
63937
63943
63946
63949
63950
63954
63958
63961
63966
63968
63970
63977
63978
63985
63986
63990
63991
63997
64002
64009
64010
64013
64018
64022
64026
64037
64038
64042
64053
64054
64055
64058
64066
64067
64075
64077
64089
64091
64094
64113
64116
64121
64122
64129
64135
64141
64145
64149
64150
64154
64158
64162
64167
64175
64177
64181
64182
64186
64190
64194
64197
64226
64233
64241
64242
64249
64253
64258
64259
64270
64282
64290
64294
64302
64306
64310
64317
64326
64338
64341
64345
64349
64362
64370
64390
64393
64398
64405
64406
64413
64417
64419
64450
64458
64482
64485
64490
64498
64501
64509
64521
64525
64537
64538
64542
64545
64553
64554
64557
64558
64570
64573
64578
64589
64590
64593
64605
64613
64621
64629
64630
64638
64645
64657
64661
64662
64670
64674
64685
64706
64721
64726
64730
64737
64742
64749
64753
64757
64761
64766
64770
64771
64775
64781
64783
64789
64790
64794
64795
64797
64802
64809
64814
64815
64818
64821
64829
64830
64833
64834
64837
64841
64854
64858
64859
64861
64862
64870
64873
64883
64885
64910
64911
64913
64925
64926
64930
64950
64958
64969
64971
64978
64988
64991
64993
64994
64997
65007
65009
65010
65019
65021
65025
65038
65041
65045
65046
65053
65058
65066
65067
65070
65073
65082
65086
65089
65097
65102
65114
65118
65125
65130
65134
65141
65143
65146
65153
65154
65157
65165
65166
65169
65186
65194
65197
65201
65202
65205
65209
65210
65214
65221
65222
65226
65229
65230
65233
65234
65236
65245
65247
65249
65250
65254
65255
65257
65269
65273
65298
65302
65306
65314
65325
65330
65334
65338
65345
65353
65361
65377
65385
65390
65397
65401
65405
65409
65410
65413
65419
65433
65442
65445
65446
65465
65466
65478
65486
65497
65506
65509
65514
65518
65525
65533
65534
