0 60
4 0
8 0
12 0
16 0
20 0
24 0
28 0
32 0
36 0
40 0
44 1
48 0
52 0
56 1
60 0
64 0
68 0
72 0
76 0
80 0
84 0
88 0
92 1
96 0
100 1
104 0
108 1
112 1
116 1
120 3
124 2
128 0
132 2
136 5
140 4
144 3
148 9
152 9
156 14
160 24
164 23
168 44
172 50
176 105
180 122
184 159
188 254
192 340
196 394
200 540
204 641
208 788
212 955
216 1090
220 1281
224 1453
228 1694
232 1818
236 1971
240 2240
244 2449
248 2582
252 2744
256 2964
260 3047
264 3243
268 3401
272 3619
276 3557
280 3711
284 3608
288 3799
292 3705
296 3702
300 3721
304 3740
308 3553
312 3643
316 3574
320 3561
324 3495
328 3411
332 3385
336 3283
340 3258
344 3118
348 2905
352 2844
356 2685
360 2648
364 2477
368 2321
372 2207
376 2206
380 1951
384 1995
388 1852
392 1771
396 1782
400 1718
404 1696
408 1616
412 1574
416 1591
420 1565
424 1507
428 1473
432 1435
436 1476
440 1414
444 1481
448 1434
452 1460
456 1440
460 1496
464 1432
468 1435
472 1379
476 1428
480 1475
484 1453
488 1473
492 1476
496 1402
500 1443
504 1437
508 1371
512 1449
516 1408
520 1368
524 1337
528 1252
532 1289
536 1245
540 1247
544 1126
548 1142
552 1105
556 1087
560 1085
564 1083
568 1041
572 1056
576 1021
580 954
584 968
588 927
592 883
596 937
600 913
604 882
608 888
612 927
616 817
620 862
624 825
628 845
632 788
636 752
640 809
644 761
648 742
652 702
656 718
660 658
664 703
668 709
672 669
676 637
680 610
684 565
688 576
692 539
696 535
700 557
704 523
708 480
712 478
716 467
720 473
724 432
728 397
732 426
736 361
740 376
744 368
748 402
752 368
756 369
760 331
764 335
768 339
772 305
776 305
780 291
784 260
788 290
792 249
796 270
800 235
804 246
808 229
812 245
816 248
820 205
824 216
828 200
832 183
836 204
840 185
844 204
848 178
852 199
856 174
860 170
864 169
868 166
872 150
876 171
880 173
884 137
888 166
892 136
896 152
900 149
904 154
908 153
912 139
916 145
920 154
924 143
928 121
932 133
936 112
940 117
944 128
948 123
952 126
956 138
960 149
964 123
968 112
972 126
976 133
980 114
984 129
988 114
992 110
996 117
1000 117
1004 114
1008 101
1012 109
1016 104
1020 105
1024 117
1028 119
1032 99
1036 91
1040 93
1044 105
1048 104
1052 108
1056 108
1060 105
1064 92
1068 88
1072 84
1076 92
1080 85
1084 95
1088 67
1092 99
1096 82
1100 77
1104 97
1108 85
1112 72
1116 70
1120 97
1124 79
1128 76
1132 68
1136 68
1140 77
1144 74
1148 78
1152 73
1156 75
1160 71
1164 74
1168 57
1172 60
1176 65
1180 74
1184 67
1188 69
1192 71
1196 70
1200 66
1204 77
1208 64
1212 71
1216 75
1220 73
1224 60
1228 54
1232 73
1236 48
1240 63
1244 67
1248 50
1252 66
1256 65
1260 59
1264 66
1268 74
1272 48
1276 57
1280 61
1284 52
1288 63
1292 53
1296 54
1300 66
1304 48
1308 53
1312 50
1316 54
1320 65
1324 61
1328 43
1332 41
1336 53
1340 68
1344 53
1348 53
1352 46
1356 41
1360 42
1364 43
1368 60
1372 52
1376 55
1380 53
1384 54
1388 36
1392 42
1396 47
1400 45
1404 51
1408 48
1412 54
1416 33
1420 49
1424 58
1428 56
1432 47
1436 64
1440 45
1444 49
1448 70
1452 47
1456 49
1460 40
1464 32
1468 50
1472 44
1476 45
1480 55
1484 43
1488 47
1492 39
1496 44
1500 42
1504 40
1508 39
1512 40
1516 51
1520 45
1524 53
1528 40
1532 51
1536 33
1540 46
1544 41
1548 36
1552 46
1556 44
1560 35
1564 41
1568 44
1572 39
1576 41
1580 39
1584 37
1588 40
1592 36
1596 47
1600 41
1604 42
1608 39
1612 30
1616 34
1620 35
1624 34
1628 44
1632 45
1636 25
1640 39
1644 39
1648 40
1652 38
1656 32
1660 49
1664 34
1668 43
1672 48
1676 42
1680 32
1684 34
1688 45
1692 36
1696 54
1700 42
1704 21
1708 37
1712 28
1716 27
1720 39
1724 40
1728 33
1732 26
1736 37
1740 35
1744 32
1748 37
1752 50
1756 40
1760 33
1764 47
1768 33
1772 30
1776 34
1780 38
1784 32
1788 36
1792 38
1796 28
1800 35
1804 26
1808 19
1812 28
1816 28
1820 36
1824 31
1828 37
1832 30
1836 29
1840 35
1844 26
1848 27
1852 38
1856 32
1860 29
1864 36
1868 24
1872 22
1876 29
1880 31
1884 28
1888 30
1892 36
1896 28
1900 34
1904 21
1908 37
1912 33
1916 21
1920 29
1924 29
1928 21
1932 29
1936 35
1940 31
1944 26
1948 34
1952 25
1956 21
1960 30
1964 25
1968 27
1972 28
1976 30
1980 36
1984 20
1988 22
1992 33
1996 24
2000 26
2004 25
2008 22
2012 20
2016 22
2020 28
2024 22
2028 30
2032 15
2036 20
2040 27
2044 29
2048 32
2052 24
2056 26
2060 27
2064 19
2068 27
2072 24
2076 24
2080 25
2084 20
2088 20
2092 29
2096 25
2100 18
2104 20
2108 20
2112 23
2116 28
2120 26
2124 25
2128 26
2132 21
2136 24
2140 19
2144 15
2148 26
2152 19
2156 17
2160 29
2164 24
2168 16
2172 13
2176 17
2180 25
2184 17
2188 16
2192 24
2196 16
2200 28
2204 27
2208 21
2212 17
2216 18
2220 18
2224 25
2228 25
2232 19
2236 21
2240 15
2244 31
2248 16
2252 19
2256 17
2260 15
2264 17
2268 16
2272 20
2276 19
2280 15
2284 18
2288 17
2292 25
2296 15
2300 16
2304 17
2308 23
2312 17
2316 19
2320 21
2324 18
2328 23
2332 17
2336 17
2340 19
2344 18
2348 19
2352 16
2356 11
2360 21
2364 23
2368 20
2372 26
2376 25
2380 19
2384 16
2388 18
2392 14
2396 16
2400 14
2404 19
2408 20
2412 15
2416 23
2420 20
2424 16
2428 18
2432 20
2436 16
2440 21
2444 18
2448 23
2452 21
2456 14
2460 14
2464 24
2468 14
2472 20
2476 26
2480 17
2484 21
2488 19
2492 17
2496 10
2500 19
2504 17
2508 19
2512 10
2516 15
2520 19
2524 13
2528 16
2532 17
2536 11
2540 9
2544 16
2548 16
2552 21
2556 11
2560 12
2564 11
2568 17
2572 15
2576 12
2580 14
2584 18
2588 22
2592 18
2596 15
2600 13
2604 8
2608 11
2612 13
2616 14
2620 11
2624 14
2628 18
2632 13
2636 14
2640 11
2644 17
2648 14
2652 13
2656 9
2660 17
2664 21
2668 11
2672 17
2676 9
2680 14
2684 9
2688 16
2692 17
2696 15
2700 19
2704 18
2708 17
2712 17
2716 12
2720 15
2724 6
2728 12
2732 12
2736 16
2740 16
2744 15
2748 12
2752 11
2756 8
2760 16
2764 14
2768 10
2772 14
2776 9
2780 12
2784 20
2788 11
2792 13
2796 16
2800 13
2804 16
2808 17
2812 14
2816 20
2820 19
2824 11
2828 12
2832 16
2836 19
2840 14
2844 11
2848 15
2852 17
2856 17
2860 14
2864 14
2868 17
2872 23
2876 13
2880 16
2884 11
2888 12
2892 13
2896 16
2900 19
2904 19
2908 11
2912 11
2916 14
2920 9
2924 13
2928 17
2932 10
2936 16
2940 11
2944 13
2948 11
2952 18
2956 19
2960 14
2964 10
2968 21
2972 16
2976 12
2980 14
2984 11
2988 16
2992 17
2996 16
3000 12
3004 13
3008 12
3012 16
3016 14
3020 16
3024 13
3028 12
3032 9
3036 12
3040 12
3044 14
3048 21
3052 7
3056 13
3060 5
3064 15
3068 26
3072 20
3076 16
3080 15
3084 14
3088 24
3092 7
3096 12
3100 11
3104 9
3108 17
3112 14
3116 22
3120 19
3124 20
3128 12
3132 16
3136 12
3140 15
3144 16
3148 21
3152 18
3156 13
3160 10
3164 20
3168 11
3172 14
3176 16
3180 12
3184 14
3188 11
3192 12
3196 11
3200 15
3204 12
3208 10
3212 18
3216 12
3220 16
3224 14
3228 12
3232 8
3236 15
3240 6
3244 17
3248 15
3252 11
3256 15
3260 7
3264 15
3268 9
3272 8
3276 18
3280 13
3284 14
3288 7
3292 8
3296 9
3300 10
3304 14
3308 15
3312 14
3316 13
3320 20
3324 12
3328 11
3332 15
3336 13
3340 8
3344 13
3348 11
3352 15
3356 20
3360 17
3364 14
3368 9
3372 11
3376 18
3380 20
3384 12
3388 13
3392 13
3396 5
3400 21
3404 8
3408 14
3412 9
3416 17
3420 10
3424 14
3428 16
3432 11
3436 15
3440 8
3444 18
3448 13
3452 11
3456 12
3460 8
3464 15
3468 16
3472 14
3476 10
3480 16
3484 14
3488 8
3492 11
3496 12
3500 12
3504 12
3508 9
3512 12
3516 14
3520 12
3524 15
3528 20
3532 13
3536 12
3540 15
3544 13
3548 14
3552 12
3556 14
3560 6
3564 9
3568 17
3572 13
3576 11
3580 14
3584 12
3588 16
3592 13
3596 12
3600 15
3604 14
3608 12
3612 12
3616 14
3620 13
3624 13
3628 18
3632 16
3636 11
3640 17
3644 14
3648 12
3652 15
3656 17
3660 16
3664 10
3668 12
3672 19
3676 13
3680 10
3684 13
3688 10
3692 14
3696 12
3700 8
3704 16
3708 13
3712 12
3716 22
3720 9
3724 18
3728 19
3732 11
3736 15
3740 18
3744 16
3748 28
3752 15
3756 15
3760 10
3764 13
3768 10
3772 15
3776 15
3780 13
3784 11
3788 20
3792 12
3796 10
3800 14
3804 12
3808 21
3812 13
3816 7
3820 9
3824 12
3828 19
3832 10
3836 13
3840 12
3844 7
3848 14
3852 18
3856 15
3860 16
3864 12
3868 14
3872 15
3876 14
3880 10
3884 18
3888 16
3892 13
3896 12
3900 16
3904 9
3908 14
3912 14
3916 10
3920 10
3924 20
3928 12
3932 17
3936 12
3940 11
3944 21
3948 18
3952 9
3956 20
3960 10
3964 8
3968 14
3972 14
3976 15
3980 13
3984 15
3988 16
3992 6
3996 12
4000 12
4004 13
4008 8
4012 16
4016 12
4020 15
4024 10
4028 16
4032 14
4036 14
4040 17
4044 14
4048 10
4052 20
4056 9
4060 9
4064 14
4068 13
4072 16
4076 16
4080 14
4084 11
4088 12
4092 5295
4096 0
